SURGEON MENZIES WEATHER DIARY ON VANCOUVER'S CIRCUMNAVIGATION  1791-1795									

YEAR	MONTH	DAY	HOUR	LATITUDE	LONGITUDE	VARIATION	TEMP  IN (F)	TEMP OUT (F)	"BAROMETER (""Hg)"
1791	4	1	1200	49 49 N			50		
		2	1200	49 30	5 35 W		51	53	29.61
		3	1200	48 48	7 14		50	53	29.60
		4	1200	46 46	8 27		51	55	
		5	1200	46 11	9 10	25 35	51	55	29.69
		6	1200	45 28	9 10		52	56	29.65
		7	1200	45 42	10 29	28 25	52	57	29.52
		8	1200	45 47	10 45		54	57	29.98
		9	1200	45 22	11 50	29.05	54	58	29.79
		10	1200	45 16	12 31		54	57	29.88
		11	1200	44 50	12 10		54	57	29.93
		12	1200	44 22	13 02		54	56	29.80
		13	1200	43 42	12 06		55	56	30.02
		14	1200	43 20	12 30		56	59	29.96	
		15	1200	42 50	13 25	26.39	56	60	29.83	
		16	1200	42 32	13 15		57	61	30.03	
		17	1200	42 14	13 10		57	60	30.12	
		18	1200	41 11	12 40	24 59	58	63	30.10	
		19	1200	39 31	13 00	25 4	58	61	30.09	
		20	1200	37 52	13 30		58	61	30.15	
		21	1200	36 19	15 00		60	62	30.29	
		22	1200	35 07	15 52		62	62	30.33	
		23	1200	34 07	16 42	23 00	64	65	30.24	
		24	1200	33 27			64	66	30.09	Porto Sancto & Madeira
		25	1200				64	65	29.92	
		26	1200	32 20			63	65	30.07	
		27	1200	30 42	16 25		64	67	30.18	
		28	1200	28 52			64	66	30.20	Peak of Terneriffe
		29	1200							Teneriffe 28 28 40N     Variation or is that longitude  16 36W
		30	1200							
	5	1	1200							
		2	1200							
		3	1200							
		4	1200							
		5	1200							
		6	1200							
		7	1200	28 28			66	68	30.33	Anchored in Teneriffe
		8	1200	27 20	16 34	16 36	66	68	30.32	
		9	1200	25 41	17 31	18 10	67	70	30.23	
		10	1200	23 45	18 35	17 30	66	69	30.25	
		11	1200	22 04	20 21		66	70	30.29	
		12	1200	20 26	22 20		68	72	30.27	
		13	1200	18 59	24 22		69	72	30.22	
		14	1200	17 11	25 42		71	72	30.20	Passed the Island of Santa Antonio
		15	1200	15 07	25 42		72	73	30.18	
		16	1200	13 22	24 54		72	73	30.14
		17	1200	11 11	23 55		72	75	30.10
		18	1200	9 35 	23 15		74	78	30.07
		19	1200	8 08	22 39		77	80	30.08
		20	1200	6 56	22 10		79	81	30.10
		21	1200	6 26	22 23		79	81	30.12
		22	1200	5 44	22 30		80	82	30.14
		23	1200	4 59	22 14		80	81	30.14
		24	1200	4 25	22 45		80	83	30.15
		25	1200	3 24	23 30		80	83	30.14
		26	1200	2 08	24 11		80	82	30.13
		27	1200	0 49	24 53		79	82	30.10
		28	1200	0 57 S	25 54	9 3	77	80	30.06
		29	1200	3 01	26 10	9	78	81	30.10
		30	1200	5 02	27 23	6 5	78	82	30.13
		31	1200	6 37	28 42	5 11	79	82	30.11
	6	1	1200	7 52	29 24	5 14	79	82	30.12
		2	1200	9 43	29 05	5 13	79	82	30.14
		3	1200	11 08	28 54	5 13	78	81	30.16
		4	1200	12 54	28 38		77	80	30.16
		5	1200	14 39	28 14		77	79	30.17
		6	1200	15 23	27 57		77	79	30.17
		7	1200	16 20	27 51		76	79	30.26
		8	1200	17 54	27 47	4	76	78	30.26
		9	1200	19 47	27 36	3 50	76	77	30.23
		10	1200	21 41	27 23		75	77	30.24
		11	1200	22 44	27 06		74	77	30.20
		12	1200	23 45	25 48		74	76	30.20
		13	1200	25 02	24 02		73	76	30.20
		14	1200	26 26	21 56		71	74	30.09
		15	1200	27 05	19 02		69	67	30.22
		16	1200	27 08	17 07	7	68	66	30.24
		17	1200	27 57	14 23		67	66	30.12
		18	1200	27 53	12 10		64	62	30.30
		19	1200	28 08	12 03		66	65	30.39
		20	1200	28 20	11 42		66	66	30.46
		21	1200	28 35	11 16	11 15	66	67	30.49
		22	1200	28 38	10 50 		65	67	30.42
		23	1200	29 05	10 12		65	65	30.34
		24	1200	29 50	9 37		65	65	30.36
		25	1200	31 17	8 39	12 30	65	68	30.25
		26	1200	32 00	7 16		64	65	30.45
		27	1200	32 29	6 03	13	63	63	30.34
		28	1200	32 01	4 51		62	62	30.49
		29	1200	31 56	4 11	13 19	62	63	30.40
		30	1200	32 41	3 13		61	63	30.26
	7	1	1200	33 54	0 53 		60	63	30.22
		2	1200	35 10	1 50 E	16 26	59	62	30.14
		3	1200	35 11	5 11		56	55	30.17	
		4	1200	35 10	6 15		57	56	30.20	
		5	1200	35 45	9 13		58	56	29.86	
		6	1200	35 24	10 52	22 10	57	56	29.95	
		7	1200	35 13	13 38		58	62	30.07	
		8	1200	35 05	16 40		58	62	30.10	
		9	1200	34 26	18 19		56	60	30.37	Cape of Good Hope
		10	1200	34 20			55	59	30.30	"Anchored in False Bay, South Africa"
		11	1200							
		12	1200							
		13	1200							
		14	1200							
		15	1200							
		16	1200							
		17	1200							
		18	1200							
		19	1200
		20	1200
		21	1200
		22	1200
		23	1200
		24	1200
		25	1200
		26	1200
		27	1200
		28	1200
		29	1200
		30	1200
		31	1200
	8	1	1200
		2	1200
		3	1200
		4	1200							
		5	1200							
		6	1200							
		7	1200							
		8	1200							
		9	1200							
		10	1200							
		11	1200							
		12	1200							
		13	1200							
		14	1200							
		15	1200							
		16	1200							
		17	1200							
		18	1200	35 52	19 21	28 10	60	65	29.75	Left Cape of Good Hope
		19	1200	37 30	22 15		64	65	29.59	
		20	1200	37 40	25 01		57	64	29.42
		21	1200	38 00	27 13		56	60	29.64
		22	1200	38 39	29 51		60	57	29.70
		23	1200	39 05	31 58		60	55	30.07
		24	1200	39 28	34 20		56	58	30.06
		25	1200	39 35	35 30	28 2	56	58	30.04
		26	1200	39 42	37 37		56	60	29.78
		27	1200	39 22	40 48		54	59	29.94
		28	1200	38 56	42 28		55	57	29.72
		29	1200	38 40	45 45		54	53	30.02
		30	1200	37 58	48 02		58	53	30.30
		31	1200	38 19	49 02	32	58	59	30.42
	9	1	1200	38 19	51 57		55	62	30.50
		2	1200	38 31	55 05		59	64	30.40
		3	1200	38 29	57 44		59	64	30.33
		4	1200	38 06	61 20		58	63	30.32
		5	1200	37 50	63 34		58	63	30.36	
		6	1200	38 01	66 28		56	62	30.32	
		7	1200	38 14	69 27		55	61	30.33	
		8	1200	38 33	72 34		55	63	30.20	
		9	1200	38 41	76 07		54	60	30.07	Saw whales
		10	1200	38 07	79 30		54	59	30.13	
		11	1200	38 21	83 00		54	60	30.15	
		12	1200	38 41	85 57	19	53	59	30.00	
		13	1200	38 49	88 43		52	59	30.08	
		14	1200	38 22	92 17		53	59	30.16	
		15	1200	38 02	94 57		51	57	30.45	
		16	1200	37 56	96 54		51	56	30.36	
		17	1200	37 35	100 25	16 12	52	59	30.28	
		18	1200	36 49	103 28		54	59	30.22	
		19	1200	36 34	105 38		54	58	29.64	
		20	1200	35 40	107 17		55	59	29.40	
		21	1200	35 32	109 37		58	57	29.65	
		22	1200	35 21	111 35		56	57	29.46	
		23	1200	35 07	113 24	114 12	57	58	29.86	
		24	1200	35 28	114 52		57	54	30.09	
		25	1200	35 44	115 22		56	58	29.71	
		26	1200	35 23	115 27		57	61	30.05	Reached coast of New Holland  35S 118 16E
		27	1200	35 08	116 05		60	63	30.08	
		28	1200	35 22	116 54		63	64	30.00	"King George Sound, Western Australia    35 5 20S   117 52E"
		29	1200							
		30	1200							
	10	1	1200							
		2	1200							
		3	1200							
		4	1200							
		5	1200							
		6	1200							
		7	1200							
		8	1200							
		9	1200							
		10	1200							
		11	1200							
		12	1200	35 37	119 10		60	61		
		13	1200	34 18	119 52		60	62	30.20	
		14	1200	34 34	121 21		60	60	30.22	
		15	1200	34 58	121 15		60	61	29.90	Left Coast of New Holland at 34 22S  122E
		16	1200	35 30	122 03		58	61	29.94	
		17	1200	35 57	124 03		57	61	30.24	
		18	1200	36 57	125 31		58	64	30.11	
		19	1200	37 45	126 35		54	62	29.94	
		20	1200	38 42	128 23		52	60	29.62	
		21	1200	39 42	130 44		52	60	30.00	
		22	1200	41 07	133 13		52	60	29.89	
		23	1200	42 24	136 29		51	57	29.75	
		24	1200	43 18	139 59		50	59	29.68	
		25	1200	43 23	141 25		51	59	29.84	
		26	1200	43 49	143 33		50	58	30.00	
		27	1200	43 56	144 36		50	55	29.65	Off van Diemans' Land (Tasmania)
		28	1200	44 33	147 13		50	57	29.55	
		29	1200	44 40	150 37		50	55	29.54	
		30	1200	44 40	154 13		51	54	29.65	
		31	1200	44 47	157 51		50	53	29.79	
	11	1	1200	46 12	160 44		50	54	29.90	
		2	1200	46 00	164 12		52	56	29.98	"Dusky Bay, New Zealand"
		3	1200							
		4	1200							
		5	1200							
		6	1200							
		7	1200							
		8	1200							
		9	1200							
		10	1200							
		11	1200							
		12	1200							
		13	1200							
		14	1200							
		15	1200							
		16	1200							
		17	1200							
		18	1200							
		19	1200							
		20	1200							
		21	1200							
		22	1200							
		23	1200	48 06	166 20	15	50	56	29.34	Encountered islands called the Snares  48 3S  166 20E
		24	1200	48 18	169 33		48	53	29.50
		25	1200	46 49	173 07		48	54	29.80
		26	1200	46 35	179 56		49	59	29.69
		27	1200	44 54	177 43		50	57	29.75
		28	1200	43 35	181 22		54	60	29.63
		29	1200	42 40	184 08		55	60	29.71
		30	1200	41 35	187 07	14 30	55	60	29.84
	12	1	1200	41 02	189 30		55	58	29.84
		2	1200	40 06	192 16		55	58	29.76
		3	1200	39 45	194 46	11	55	59	30.01
		4	1200	39 40	197 19		55	60	29.83
		5	1200	39 31	200 54		54	60	29.98
		6	1200	38 30	204 04		55	62	30.12
		7	1200	37 48	205 56		57	63	30.28
		8	1200	37 27	207 28	 9 36	58	65	30.30
		9	1200	37 42	209 36		58	65	30.18
		10	1200	38 02	211 39		58	65	30.22
		11	1200	38 47	212 56		58	65	30.14
		12	1200	38 13	214 23		60	67	30.11
		13	1200	36 13	214 25		62	64	30.15
		14	1200	34 03	214 17		63	68	30.21
		15	1200	31 43	214 20	9	66	70	30.16
		16	1200	31 55	214 04		68	72	30.01
		17	1200	31 00	214 35		68	73	29.94
		18	1200	31 18	214 34		68	74	30.04
		19	1200	30 33	214 29		69	74	30.04
		20	1200	30 17	214 27		70	74	29.94
		21	1200	29 15	214 10	7 10	70	74	29.95
		22	1200	27 54	214 29		71	72	30.07
		23	1200	26 27	214 17	6 24	72	73	30.10
		24	1200	24 06	213 36	5 10	74	76	30.07
		25	1200	21 04	212 05		76	78	29.99
		26	1200	19 50	211 53		78	79	29.85	
		27	1200	18 28	211 08		79	80	29.86	
		28	1200	19 03	211 27		78	79	29.92	
		29	1200	17 43	210 23		79	80	29.95	Saw Otaheite
		30	1200							Anchored in Mattavai (Metaire) Bay
		31	1200							
1792	1	1	1200							
		2	1200							
		3	1200							
		4	1200							
		5	1200							
		6	1200							
		7	1200							
		8	1200							
		9	1200							
		10	1200							
		11	1200							
		12	1200							
		13	1200							
		14	1200							
		15	1200							
		16	1200							
		17	1200							
		18	1200							
		19	1200							
		20	1200							
		21	1200							
		22	1200							
		23	1200							
		24	1200				84	84	30.01	Left Otaheite
		25	1200	17 01		5 24	84	84	29.99	
		26	1200	16 37	210 09		84	85	29.98	
		27	1200	16 14	210 15		85	85	30.00
		28	1200	15 59	210 06		85	86	30.01
		29	1200	15 11			83	82	29.96
		30	1200	14 44	210 51		84	84	29.97
		31	1200				83	82	29.97
	2	1	1200	13 54	209 50		83	83	30.01
		2	1200	12 47	209 51		83	84	30.02
		3	1200	11 72	209 49		84	84	30.00
		4	1200	10 26	209 19		83	84	29.99
		5	1200	9 00	209 06		83	84	30.03
		6	1200	8 01	209 17		82	83	30.03
		7	1200	6 26	209 18		82	83	30.00
		8	1200	4 35	209 15		82	82	29.98
		9	1200	2 59	208 53		80	82	29.95
		10	1200	1 24	208 49		80	81	29.95
		11	1200	0 28	208 13		80	80	30.00
		12	1200	0 02 	207 38		80	81	29.98
		13	1200	1 22 N	206 36		80	82	29.95
		14	1200	3 11	205 34		80	80	29.91
		15	1200	4 56	204 05		80	80	29.92
		16	1200	6 14	204 06		80	80	29.92
		17	1200	7 20	203 56		79	80	29.97
		18	1200	6 42	205 15		79	79	29.95
		19	1200	7 13	205 32		79	80	29.96
		20	1200	7 57	204 48		79	80	29.92
		21	1200	8 58	204 54		78	78	29.93
		22	1200	10 46	204 30		77	78	29.97
		23	1200	12 18	203 16		76	77	30.01
		24	1200	13 36	203 10		76	78	30.05
		25	1200	14 36	203 37		76	78	30.07
		26	1200	15.25	203 49		76	78	30.09
		27	1200	15 53	203 40		75	77	30.10
		28	1200	16 20	203 06		76	78	30.13	
		29	1200	17 23	203 28		77	77	30.12	
	3	1	1200	18 19	204 17		75	76	30.12	Made Owhyhee  [i.e. Hawaii]
		2	1200	19 06			75	75	30.22	
		3	1200	19 23			75	74	30.23	
		4	1200	19 27			76	77	30.22	
		5	1200	19 57			76	76	30.22	
		6	1200	20 40			75	76	30.22	
		7	1200	21 16			72	76	30.16	"At anchor in Whyteetee Bay, Woahoo, [i.e. Oahu] Hawaii"
		8	1200				72	76	30.17	
		9	1200							
		10	1200							
		11	1200							
		12	1200							
		13	1200							
		14	1200							
		15	1200						
		16	1200						
		17	1200	22 15	199 24		71	68	30.20
		18	1200	22 51	201 16		70	67	30.20
		19	1200	23 23	203 11		69	66	30.18
		20	1200	24 05	205 00		69	66	30.10
		21	1200	23 29	207 18		68	66	30.19
		22	1200	24 23	208 38	11	68	67	30.21
		23	1200	24 43	209 19		68	67	30.31
		24	1200	25 18	209 36	12 30	66	65	30.34
		25	1200	25 09	211 22		67	67	30.34
		26	1200	24 46	213 47		68	67	30.31
		27	1200	24 21	215 23		68	65	30.35
		28	1200	25 39	214 29		66	65	30.44
		29	1200	27 00	214 09	10 26	66	65	30.41
		30	1200	28 04	216 16	10 30	65	65	30.35
		31	1200	27 52	216 28		64	62	30.34
	4	1	1200	27 23	217 49		64	62	30.40
		2	1200	28 13	216 56		64	63	30.46
		3	1200	28 28	217 15	10 36	63	62	30.45
		4	1200	30 30	216 33		60	62	30.43
		5	1200	32 24	216 18		58	60	30.45
		6	1200	34 01	216 26	13	57	60	30.49
		7	1200	35 25	217 15		55	58	30.52
		8	1200	35 51	217 26		56	60	30.48
		9	1200	35 53	218 17		56	61	30.35
		10	1200	36 00	219 27		56	59	30.30
		11	1200	36 03	222 12		56	60	30.36
		12	1200	36 21	224 58		56	60	30.30
		13	1200	36 42	227 39		56	58	30.17
		14	1200	37 07	230 47		55	60	29.97
		15	1200	37 55	233 30		56	60	29.82
		16	1200	38 56	234 23		55	59	29.63	
		17	1200	39 20	235 54		54	59	29.72	Saw the coast of New Albion    39 20N   236 18E [region of the Pacific coast of North America]
		18	1200	39 27	236 16	12 30	54	57	29.75	
		19	1200		235 51		53	57	30.05	
		20	1200				54	58	30.04	
		21	1200				54	58	30.16	
		22	1200	40 32			53	57	30.01	
		23	1200	44 36	238 59		53	56	30.17	
		24	1200	42 36			53	59	30.28	
		25	1200	43 06			53	58	30.11	
		26	1200	44 42			52	55	29.96	
		27	1200	46 14			52	54	30.02	
		28	1200	47 30			53	54	29.98	
		29	1200				51	54	30.06	Juan de Fuca    48 24N
		30	1200	48 18			50	55	30.14	
	5	1	1200							
		2	1200
		3	1200
		4	1200
		5	1200
		6	1200
		7	1200
		8	1200
		9	1200
		10	1200
		11	1200
		12	1200
		13	1200
		14	1200
		15	1200
		16	1200
		17	1200
		18	1200
		19	1200
		20	1200
		21	1200
		22	1200
		23	1200
		24	1200
		25	1200
		26	1200
		27	1200
		28	1200
		29	1200
		30	1200
		31	1200
	6	1	1200
		2	1200
		3	1200
		4	1200
		5	1200
		6	1200
		7	1200
		8	1200
		9	1200
		10	1200
		11	1200
		12	1200
		13	1200
		14	1200
		15	1200
		16	1200
		17	1200
		18	1200
		19	1200
		20	1200
		21	1200
		22	1200
		23	1200
		24	1200
		25	1200
		26	1200
		27	1200
		28	1200
		29	1200
		30	1200
	7	1	1200
		2	1200
		3	1200
		4	1200
		5	1200
		6	1200
		7	1200
		8	1200
		9	1200
		10	1200
		11	1200
		12	1200
		13	1200
		14	1200
		15	1200
		16	1200
		17	1200
		18	1200
		19	1200
		20	1200
		21	1200
		22	1200
		23	1200
		24	1200
		25	1200
		26	1200
		27	1200
		28	1200
		29	1200
		30	1200
		31	1200
	8	1	1200
		2	1200
		3	1200
		4	1200
		5	1200
		6	1200
		7	1200
		8	1200
		9	1200
		10	1200
		11	1200
		12	1200
		13	1200
		14	1200
		15	1200
		16	1200
		17	1200
		18	1200
		19	1200
		20	1200
		21	1200
		22	1200
		23	1200
		24	1200
		25	1200
		26	1200
		27	1200
		28	1200
		29	1200
		30	1200
		31	1200
	9	1	1200
		2	1200
		3	1200
		4	1200
		5	1200
		6	1200
		7	1200
		8	1200
		9	1200
		10	1200
		11	1200
		12	1200
		13	1200
		14	1200
		15	1200
		16	1200
		17	1200
		18	1200
		19	1200
		20	1200
		21	1200
		22	1200
		23	1200
		24	1200
		25	1200
		26	1200
		27	1200
		28	1200
		29	1200
		30	1200
	10	1	1200
		2	1200
		3	1200
		4	1200
		5	1200
		6	1200
		7	1200
		8	1200
		9	1200						
		10	1200						
		11	1200						
		12	1200						
		13	1200	49.23	233 31				
		14	1200	49 03	233 45				
		15	1200	48 41	234 28				
		16	1200	48 07	235 19				
		17	1200	47 27	235 35				
		18	1200	47 15	235 54				
		19	1200	46 42	235 56				
		20	1200	46 20	235 58				
		21	1200	46 12	235 36		62	64	29.56
		22	1200	46 04	234 43		58	64	29.18
		23	1200	44 31	234 08		58	64	29.60
		24	1200	44 10	235 13		55	62	29.57
		25	1200	44 41	234 22		57	64	29.76
		26	1200	43 39	234 45		54	62	29.94
		27	1200	43 29	234 51		55	62	30.05
		28	1200	43 00	234 42		55	62	30.20
		29	1200	42 49	234 57		54	63	30.23
		30	1200	42 43	235 18		56	64	30.00
		31	1200	42 31	234 46		55	65	29.93
	11	1	1200	42 10	235 30		57	66	29.74
		2	1200						
		3	1200	41 40	234 20		58	64	29.74
		4	1200	41 20	234 28		58	65	29.70
		5	1200	40 50	234 30		57	64	30.03
		6	1200	40 10	235 32		57	62	30.26
		7	1200	40 00	235 06		58	64	30.16
		8	1200	39 51	235 39		56	62	30.26
		9	1200	39 25	235 27		56	60	30.10
		10	1200	38 40	236 38		56	61	
		11	1200	38 27	236 10		56	63	
		12	1200	38 17	237 00		56	64	30.20
		13	1200	38 07	237 22		56	62	30.04
		14	1200	37 53	237 40				
		15	1200	37 42			54	58	30.12
		16	1200	36 53			55	58	30.14
		17	1200						
		18	1200						
		19	1200						
		20	1200						
		21	1200						
		22	1200						
		23	1200						
		24	1200						
		25	1200						
		26	1200
		27	1200
		28	1200
		29	1200
		30	1200
	12	1	1200
		2	1200
		3	1200
		4	1200
		5	1200
		6	1200
		7	1200
		8	1200
		9	1200
		10	1200
		11	1200
		12	1200
		13	1200
		14	1200
		15	1200
		16	1200
		17	1200
		18	1200
		19	1200
		20	1200
		21	1200
		22	1200
		23	1200
		24	1200
		25	1200
		26	1200
		27	1200
		28	1200
		29	1200
		30	1200
		31	1200
1793	1	1	1200
		2	1200
		3	1200
		4	1200
		5	1200
		6	1200
		7	1200
		8	1200
		9	1200
		10	1200
		11	1200
		12	1200
		13	1200						
		14	1200						
		15	1200	36 23			56		30.25
		16	1200	36 00	238 05	12	56		30.38
		17	1200	34 05	238 05	12	57		30.22
		18	1200	32 30	239 18	12	58		30.10
		19	1200	31 36	239 23		59		30.14
		20	1200	30 10	238 40	10	60		30.20
		21	1200	28 42	237 58		62		30.15
		22	1200	26 52	237 07		64		30.08
		23	1200	25 54	236 40		65		30.06
		24	1200	24 50	235 55		66		30.00
		25	1200	23 51	236 08		66	66	30.00
		26	1200	22 15	236 37	8	66	68	30.20
		27	1200	21 42	236 14		66	70	30.30
		28	1200	20 12	234 53	5	68	72	30.26
		29	1200	19 36	233 05		68	71	30.23
		30	1200	19 41	231 00		69	71	30.29
		31	1200	19 49	228 27		70	72	30.25
	2	1	1200	20 00	226 35		70	72	30.20
		2	1200	19 58	225 14		72	75	30.20
		3	1200	19 43	223 59	6	72	75	30.20
		4	1200	19 22	222 24		72	74	30.18
		5	1200	19 21	220 41		72	74	30.18
		6	1200	19 19	219 31		72	76	30.18
		7	1200	19 12	218 16	6	72	75	30.20
		8	1200	19 04	216 27		72	74	30.16
		9	1200	19 18	213 32		72	72	30.16
		10	1200	19 33	210 17		73	74	30.20
		11	1200	19 34	207 20	5	74	74	30.20
		12	1200	19 40	205 12		72	73	30.18
		13	1200	20 12			72	72	30.18
		14	1200	20 06			74	73	30.15
		15	1200						
		16	1200						
		17	1200						
		18	1200						
		19	1200						
		20	1200						
		21	1200						
		22	1200						
		23	1200						
		24	1200						
		25	1200						
		26	1200						
		27	1200						
		28	1200						
	3	1	1200						
		2	1200
		3	1200
		4	1200
		5	1200
		6	1200
		7	1200
		8	1200
		9	1200
		10	1200
		11	1200
		12	1200
		13	1200
		14	1200
		15	1200
		16	1200
		17	1200
		18	1200							
		19	1200							
		20	1200							
		21	1200							
		22	1200							
		23	1200							
		24	1200							
		25	1200							
		26	1200							
		27	1200							
		28	1200							
		29	1200							
		30	1200	22 04						Western extreme of Oneehow    [i.e. Niihau] Hawaii
		31	1200	23 50	198 38					
	4	1	1200	25 27	297 55					
		2	1200	26 22	297 06	8 55				
		3	1200	28 05	197 25				
		4	1200	28 43	197 53		71	74	30.42
		5	1200	29 31	197 29		70	70	30.40
		6	1200	30 35	197 29	13	69	69	30.40
		7	1200	32 12	199 00		65	59	30.38
		8	1200	33 03	201 18		60	57	30.24
		9	1200	34 01	202 02		59	58	30.14
		10	1200	35 22	204 28		57	59	30.00
		11	1200	34 57	206 43		58	56	30.38
		12	1200	34 52	207 39		58	56	30.45
		13	1200	35 27	209 55	15	58	58	30.38
		14	1200	36 39	213 15		56	54	30.35
		15	1200	37 33	215 52		54	54	30.28
		16	1200	38 58	218 39		54	53	30.26
		17	1200	39 04	219 30	16	54	56	30.42
		18	1200	39 45	220 31		55	57	30.51
		19	1200	39 52	222 40		55	55	30.67	
		20	1200	39 32	224 45		54	53	30.65	
		21	1200	38 54	226 58		55	54	30.44	
		22	1200	39 12	229 40		56	55	30.26	
		23	1200	39 12	231 44		54	52	30.11	
		24	1200	39 37	232 04		55	55	30.23	
		25	1200	39 40	232 56		55	54	30.28	
		26	1200	39 41	235 05		55	54	30.22	Saw Cape Mendocino
		27	1200	39 54	234 35		54	53	30.15	
		28	1200	40 05	235 06		55	54	30.12	
		29	1200	40 16	234 45	16	56	56	30.18	
		30	1200	40 38	235 24		54	54	30.17	
	5	1	1200	40 51	235 47		55	55	30.16	
		2	1200	41 02	235 58		54	55	30.09	
		3	1200							
		4	1200							Port Trinidad   41 04N  236 12E
		5	1200	41 01			55	55	30.25	
		6	1200	41 05	233 43		55	54	30.33	
		7	1200	41 38	231 29		54	54	30.33	
		8	1200	42 42	229 35		54	53	30.22	
		9	1200	44 09	227 46		52	53	30.40	
		10	1200	45 56	227 00		52	52	30.40	
		11	1200	44 46	229 16		52	53	30.17	
		12	1200	44 32	231 40		53	54	30.14	
		13	1200	44 42	231 27		53	55	30.06	
		14	1200	45 05	231 43	16 46	54	59	29.95	
		15	1200	45 51	232 09		55	61	30.12	
		16	1200	47 22	233 20		54	60	30.30	
		17	1200	47 53	233 46		56	56	30.30	
		18	1200	48 48	234 24		54	55	30.30	Made land to the west of Nootka K370
		19	1200	49 07	233 49		52	53	30.30	
		20	1200	49 18	233 28		53	53	30.38	
		21	1200						
		22	1200						
		23	1200				54	53	29.84
		24	1200				54	54	29.41
		25	1200	51 09			52	54	29.87
		26	1200						
		27	1200						
		28	1200						
		29	1200						
		30	1200						
		31	1200						
	6	1	1200						
		2	1200						
		3	1200						
		4	1200						
		5	1200						
		6	1200
		7	1200
		8	1200
		9	1200
		10	1200
		11	1200
		12	1200
		13	1200
		14	1200
		15	1200
		16	1200
		17	1200
		18	1200
		19	1200
		20	1200
		21	1200
		22	1200
		23	1200
		24	1200
		25	1200
		26	1200
		27	1200
		28	1200
		29	1200
		30	1200
	7	1	1200
		2	1200
		3	1200
		4	1200
		5	1200
		6	1200
		7	1200
		8	1200
		9	1200
		10	1200
		11	1200
		12	1200
		13	1200
		14	1200
		15	1200
		16	1200
		17	1200
		18	1200
		19	1200
		20	1200
		21	1200
		22	1200
		23	1200
		24	1200
		25	1200
		26	1200
		27	1200
		28	1200
		29	1200
		30	1200
		31	1200
	8	1	1200
		2	1200
		3	1200
		4	1200
		5	1200
		6	1200
		7	1200
		8	1200
		9	1200
		10	1200
		11	1200
		12	1200
		13	1200
		14	1200
		15	1200
		16	1200
		17	1200
		18	1200
		19	1200
		20	1200
		21	1200
		22	1200
		23	1200
		24	1200
		25	1200
		26	1200
		27	1200
		28	1200
		29	1200
		30	1200
		31	1200
	9	1	1200
		2	1200
		3	1200
		4	1200
		5	1200
		6	1200
		7	1200
		8	1200
		9	1200
		10	1200							
		11	1200							
		12	1200							
		13	1200							
		14	1200							
		15	1200							
		16	1200							
		17	1200							
		18	1200							
		19	1200							
		20	1200							
		21	1200							
		22	1200	56 00			53	54	30.40	Light breezes and clear
		23	1200				54	55	29.96	Moderate breeze with squally and thich rainy weather
		24	1200				54		30.25	Fresh breezes and clear   Saw north end of Queen Charlotte Island
		25	1200	56 14			55		30.22	
		26	1200	53 02			55		30.07	
		27	1200	52 03			56		30.18	
		28	1200	51 15			55	59	30.25	
		29	1200	50 43			55	57	30.27	
		30	1200				57		30.30	
	10	1	1200				58	58	30.20	
		2	1200				56	58	30.07	
		3	1200				59		29.88	Strong breezes and squally with rain
		4	1200				58	58	30.12	
		5	1200				57	58		Anchored in friendly cove  Nootka
		6	1200							
		7	1200							
		8	1200				57		30.07	
		9	1200	48 43 	233 08		57		30.00	
		10	1200	47 48	232 39		60		30.15	
		11	1200	47 39	233 38		60		30.29	
		12	1200	46 41	234 22		61		29.97	Light breezes and foggy with rain at night
		13	1200	45 11	235 20		60		30.09	
		14	1200	43 30	235 33		57		30.27	Cape Gregory ESE 3 leagues
		15	1200	41 07 	235 20		59		30.08	
		16	1200	40 27	235 26		59		30.16	
		17	1200	39 18	236 14		57		30.13	
		18	1200	38 06	236 36		57		30.09	
		19	1200	37 59	236 55		58		30.10	Anchored in Port St Francis
		20	1200							
		21	1200							
		22	1200							
		23	1200							
		24	1200					57	30.15	
		25	1200					57		Met with the Daedalus Store Ship
		26	1200					59	30.10	
		27	1200					61	30.19	
		28	1200					61	30.22	
		29	1200					59	30.19	
		30	1200					60	30.10	
		31	1200					59	29.90	
	11	1	1200					59		Anchored at Monterrey
		2	1200					61	30.20	
		3	1200					62	30.27	
		4	1200					59	30.22	
		5	1200						30.22	
		6	1200					58	30.17	
		7	1200					58	30.14	
		8	1200					59		
		9	1200					59		
		10	1200					65		
		11	1200							
		12	1200							
		13	1200					
		14	1200					
		15	1200					
		16	1200					
		17	1200					
		18	1200					65
		19	1200					
		20	1200					
		21	1200					
		22	1200					62
		23	1200					66
		24	1200					63
		25	1200					64
		26	1200					60
		27	1200					61
		28	1200					
		29	1200					
		30	1200					
	12	1	1200					
		2	1200					
		3	1200					
		4	1200					
		5	1200					
		6	1200					
		7	1200					
		8	1200					
		9	1200					61
		10	1200					65
		11	1200					65
		12	1200					65
		13	1200					66
		14	1200					65
		15	1200					63
		16	1200					61
		17	1200					
		18	1200					
		19	1200					
		20	1200					
		21	1200					
		22	1200					
		23	1200					
		24	1200					
		25	1200					
		26	1200					
		27	1200					
		28	1200					
		29	1200					
		30	1200					
		31	1200
1794	1	1	1200
		2	1200
		3	1200
		4	1200
		5	1200
		6	1200
		7	1200
		8	1200
		9	1200
		10	1200
		11	1200
		12	1200
		13	1200
		14	1200
		15	1200
		16	1200
		17	1200
		18	1200
		19	1200
		20	1200
		21	1200
		22	1200
		23	1200
		24	1200
		25	1200
		26	1200
		27	1200
		28	1200
		29	1200
		30	1200
		31	1200
	2	1	1200
		2	1200
		3	1200
		4	1200
		5	1200
		6	1200
		7	1200
		8	1200
		9	1200
		10	1200
		11	1200
		12	1200
		13	1200
		14	1200
		15	1200
		16	1200
		17	1200
		18	1200
		19	1200
		20	1200
		21	1200
		22	1200
		23	1200
		24	1200
		25	1200
		26	1200
		27	1200
		28	1200
	3	1	1200
		2	1200
		3	1200
		4	1200
		5	1200					
		6	1200					
		7	1200					
		8	1200					
		9	1200					
		10	1200					
		11	1200					
		12	1200					
		13	1200					72
		14	1200					71
		15	1200	23 14	198 41			70
		16	1200	24 29 	197 50			69
		17	1200	26 42	197 30			68
		18	1200	28 24	197 00			66
		19	1200	29 56	196 19			59
		20	1200	31 52	195 56			58
		21	1200	34 03	196 08			57
		22	1200	35 34	196 27			56
		23	1200	36 25	195 47			56
		24	1200	37 34	195 41	18		56
		25	1200	39 10	197 58			55
		26	1200	40 45	199 16			52
		27	1200	43 10	200 48			47
		28	1200	45 12	202 04			45
		29	1200	47 31	203 28			44
		30	1200	50 10	203 41			44
		31	1200	52 36	203 52			43
	4	1	1200	53 45	203 52			
		2	1200	54 45	202 35			
		3	1200	55 25	203 36			
		4	1200	55 48	204 37			29
		5	1200	56 40	206 22			30
		6	1200	56 39	207 32			40
		7	1200	56 55	207 41			41
		8	1200	57 05	208 05			40
		9	1200	57 19	208 33			41
		10	1200	57 28	208 44			43
		11	1200	58 14	209 26			42
		12	1200	59 00	209 22			44
		13	1200					37
		14	1200					34
		15	1200					36
		16	1200					26
		17	1200					34
		18	1200					30
		19	1200					19
		20	1200					
		21	1200					
		22	1200
		23	1200
		24	1200
		25	1200
		26	1200
		27	1200
		28	1200
		29	1200
		30	1200
	5	1	1200
		2	1200
		3	1200
		4	1200
		5	1200
		6	1200
		7	1200
		8	1200
		9	1200
		10	1200
		11	1200
		12	1200
		13	1200
		14	1200
		15	1200
		16	1200
		17	1200
		18	1200
		19	1200
		20	1200
		21	1200
		22	1200
		23	1200
		24	1200
		25	1200
		26	1200
		27	1200
		28	1200
		29	1200
		30	1200
		31	1200
	6	1	1200
		2	1200
		3	1200
		4	1200
		5	1200
		6	1200
		7	1200
		8	1200
		9	1200
		10	1200
		11	1200
		12	1200
		13	1200
		14	1200
		15	1200
		16	1200
		17	1200
		18	1200
		19	1200
		20	1200
		21	1200
		22	1200
		23	1200
		24	1200
		25	1200
		26	1200
		27	1200
		28	1200
		29	1200
		30	1200
	7	1	1200
		2	1200
		3	1200
		4	1200
		5	1200
		6	1200
		7	1200
		8	1200
		9	1200
		10	1200
		11	1200
		12	1200
		13	1200
		14	1200
		15	1200
		16	1200
		17	1200
		18	1200
		19	1200
		20	1200
		21	1200
		22	1200
		23	1200
		24	1200
		25	1200
		26	1200
		27	1200
		28	1200
		29	1200
		30	1200
		31	1200
	8	1	1200
		2	1200
		3	1200
		4	1200
		5	1200
		6	1200
		7	1200
		8	1200
		9	1200
		10	1200
		11	1200
		12	1200
		13	1200
		14	1200
		15	1200
		16	1200
		17	1200
		18	1200
		19	1200
		20	1200
		21	1200
		22	1200
		23	1200
		24	1200
		25	1200
		26	1200
		27	1200
		28	1200
		29	1200
		30	1200
		31	1200
	9	1	1200
		2	1200
		3	1200
		4	1200
		5	1200
		6	1200
		7	1200
		8	1200
		9	1200
		10	1200
		11	1200
		12	1200
		13	1200
		14	1200
		15	1200
		16	1200
		17	1200
		18	1200
		19	1200
		20	1200
		21	1200
		22	1200
		23	1200
		24	1200
		25	1200
		26	1200
		27	1200
		28	1200
		29	1200
		30	1200
	10	1	1200
		2	1200
		3	1200
		4	1200
		5	1200
		6	1200
		7	1200
		8	1200
		9	1200
		10	1200
		11	1200
		12	1200
		13	1200
		14	1200
		15	1200						
		16	1200						
		17	1200	49 21	233 19			54	Nootka
		18	1200	49 21	233 19			52	
		19	1200	48 41	232 51			60	
		20	1200	47 36	231 18			57	
		21	1200	47 22	230 40			59	
		22	1200	46 55	229 46			59	
		23	1200	47 12	231 11			60	
		24	1200	47 12	232 14			58	
		25	1200	46 00	233 41			57	
		26	1200	45 25	234 24			57	
		27	1200	44 25	233 30			59	
		28	1200	44 14	233 27			58	
		29	1200	44 24	233 37			58	
		30	1200	43 15	234 51			57	
		31	1200	43 04	235 15			57	
	11	1	1200	42 34	234 45			58	
		2	1200	42 20	234 34			58	
		3	1200	40 42	235 34			55	
		4	1200	38 18	235 12			53	
		5	1200	37 36	236 21			54	Monterrey
		6	1200						
		7	1200						
		8	1200						
		9	1200						
		10	1200						
		11	1200						
		12	1200						
		13	1200						
		14	1200						
		15	1200						
		16	1200
		17	1200
		18	1200
		19	1200
		20	1200
		21	1200
		22	1200
		23	1200
		24	1200
		25	1200
		26	1200
		27	1200
		28	1200
		29	1200
		30	1200
	12	1	1200
		2	1200	36 15	238 15					
		3	1200	35 53	238 26					
		4	1200	35 29	238 16					
		5	1200	33 59	239 14	11 16				
		6	1200	32 18	240 24			60		
		7	1200	30 14	241 32			61		
		8	1200	28 40	243 08			60		
		9	1200	27 51	244 53			63		
		10	1200	26 48	245 43			66		
		11	1200	26 01	246 31			69		
		12	1200	25 11	248 12			71		
		13	1200	23 42	249 01			71		
		14	1200	23 12	250 21			70		
		15	1200	22 13	251 21			71		
		16	1200	21 37	253 14			72		
		17	1200					72		At anchor Marias ??????????????
		18	1200	21 00	254 35			75
		19	1200	19 15	254 57			77
		20	1200	18 20	256 06			82
		21	1200	17 56	256 25			81
		22	1200	17 50	255 17			82
		23	1200	17 36	256 28	6 30		80
		24	1200	16 31	257 23			81
		25	1200	15 45	258 08			81
		26	1200	15 11	258 36			83
		27	1200	15 00	258 54			83
		28	1200	14 39	259 23			82
		29	1200	14 13	259 48			81
		30	1200	14 08	259 56			81
		31	1200	13 50	260 31			81
1795	1	1	1200	13 18	261 26			81
		2	1200	12 33	262 09			80
		3	1200	11 40	262 34			79
		4	1200	10 28	262 24			78
		5	1200	9 27	265 22			79
		6	1200	8 16	262 28			80
		7	1200	7 33	267 10			79
		8	1200	7 15	267 30			79
		9	1200	7 13	267 41			80
		10	1200	7 04	267 57			78
		11	1200	6 47	268 32			79
		12	1200	7 00	268 46			79
		13	1200	6 23	269 49	8 20		79
		14	1200	5 37	270 16			79
		15	1200	5 46	270 25			80
		16	1200	5 58	270 58			80
		17	1200	5 46	271 57	8 15		78
		18	1200	5 33	272 15			79
		19	1200	5 14	272 11			78		
		20	1200	5 16	272 51			79		"Saw the Cococ Islands, Pacific"
		21	1200	5 11	273 03			78		
		22	1200	5 40	273 08			81		
		23	1200					79		Cocos Island
		24	1200							
		25	1200							
		26	1200							
		27	1200							
		28	1200	4 43	273 18			80		
		29	1200	3 29	273 21			81		
		30	1200	2 35	272 38			78		
		31	1200	2 11	272 45			80		
	2	1	1200	1 31	271 16			80		
		2	1200	1 26	270 01			80		
		3	1200	1 28	269 58			79		
		4	1200	1 04	270 58			78
		5	1200	0 59	271 24			79
		6	1200	0 28	271 55	8		78
		7	1200	0 07	272 20			78
		8	1200	0 10S	272 18			76
		9	1200	0 44	272 04			75
		10	1200	1 24	271 25			76
		11	1200	2 03	271 03			77
		12	1200	2 32	270 44	7 45		77
		13	1200	2 53	270 24			77
		14	1200	3 24	269 12			78
		15	1200	4 12	268 00			78
		16	1200	5 30	266 36			78
		17	1200	6 51	265 20			77
		18	1200	8 11	263 55			77
		19	1200	9 48	262 25			76
		20	1200	11 8	261 28			76
		21	1200	12 43	260 32	5		75
		22	1200	14 28	259 49			76
		23	1200	16 03	259 01			76
		24	1200	17 35	258 47			76
		25	1200	18 48	259 04			78
		26	1200	19 56	259 19			76
		27	1200	20 52	259 45			75
		28	1200	21 41	259 54	3 30		78
	3	1	1200	23 24	260 25	3 30		77
		2	1200	24 30	262 17			77
		3	1200	25 44	263 42	3 50		75
		4	1200	26 45	264 10			75
		5	1200	27 48	263 52	5 08		73
		6	1200	28 50	263 03	5		71
		7	1200	28 54	263 40			74
		8	1200	28 53	265 29			71
		9	1200	29 43	264 32			71
		10	1200	30 01	264 08			71
		11	1200	30 24	265 22			72
		12	1200	30 41	265 41	3 40		73
		13	1200	31 53	266 28	4		74
		14	1200	33 13	269 34			74
		15	1200	33 15	272 22	7 50		73
		16	1200	33 40	275 06			71
		17	1200	33 26	277 45	9		73
		18	1200	33 50	280 01	9 15		73
		19	1200	33 42	282 17			71
		20	1200	33 55	284 19	9 55		69
		21	1200	33 56	286 51			68
		22	1200	33 27	289 19			68
		23	1200	32 53	291 01	13 10		68
		24	1200	32 53	293 00			68
		25	1200					62
		26	1200					
		27	1200					
		28	1200					
		29	1200					
		30	1200					
		31	1200					
	4	1	1200					
		2	1200					
		3	1200					
		4	1200					
		5	1200					
		6	1200					
		7	1200					
		8	1200					
		9	1200
		10	1200
		11	1200
		12	1200
		13	1200
		14	1200
		15	1200
		16	1200
		17	1200
		18	1200
		19	1200
		20	1200
		21	1200
		22	1200
		23	1200
		24	1200
		25	1200							
		26	1200							
		27	1200							
		28	1200							
		29	1200							
		30	1200							
	5	1	1200							
		2	1200							
		3	1200							
		4	1200							
		5	1200					60		From Valparaiso
		6	1200	32 49	286 18	14 30		61		
		7	1200	32 41	284 16			62		
		8	1200	32 48	282 45			62		
		9	1200	33 41	282 25			66		
		10	1200	34 50	282 36			58		
		11	1200	35 23	281 53			59
		12	1200	36 51	280 31			58
		13	1200	38 00	279 11			55
		14	1200	39 41	279 00			58
		15	1200	41 14	280 16			56
		16	1200	42 41	280 32			54
		17	1200	43 50	280 52			55
		18	1200	45 15	280 52			52
		19	1200	47 54	281 27			51
		20	1200	49 48	281 27			46
		21	1200	50 50	281 11			46
		22	1200	51 54	281 43			39
		23	1200	52 37	281 51			43
		24	1200	54 48	283 18			43
		25	1200	56 04	286 33			45
		26	1200	57 08	289 42			41
		27	1200	56 38	292 06			39
		28	1200	56 57	294 20			35
		29	1200	56 20	296 52			38
		30	1200	55 28	299 27			38
		31	1200	53 34	301 13			36
	6	1	1200	52 44	304 17			37
		2	1200	50 03	306 01			37
		3	1200	47 46	307 27			42
		4	1200	46 16	309 39			51
		5	1200	45 36	312 35 	20		43
		6	1200	45 00	314 00			48
		7	1200	43 10	314 56			49
		8	1200	41 23	316 38			51
		9	1200	40 20	317 36			56
		10	1200	39 17	319 14			60
		11	1200	38 17	321 12			59
		12	1200	36 45	323 34	6		53
		13	1200	36 17	335 06	6		54
		14	1200	35 46	338 30	4		54
		15	1200	35 43	331 47	2		56
		16	1200	35 50	335 28	2		56
		17	1200	35 54	338 06			61
		18	1200	36 01	341 36	3		62
		19	1200	35 26	343 24			62
		20	1200	35 03	335 40	8		61
		21	1200	33 27	337 49	10		57
		22	1200	31 50	339 37	11 22		59
		23	1200	31 40	350 01			61
		24	1200	31 40	350 47	11		60
		25	1200	30 56	352 35			64
		26	1200	28 25	353 50	12		65
		27	1200	25 45	354 15	13 30		66
		28	1200	23 45	354 06			66
		29	1200	22 20	354 01	14		67
		30	1200	20 34	353 46			68
	7	1	1200	19 00	353 30			68
		2	1200					
		3	1200					
		4	1200					
		5	1200					
		6	1200					
		7	1200					
		8	1200					
		9	1200					
		10	1200					
		11	1200					
		12	1200					
		13	1200					
		14	1200
		15	1200
		16	1200
		17	1200
		18	1200
		19	1200
		20	1200
		21	1200
		22	1200
		23	1200
		24	1200
		25	1200
		26	1200
		27	1200
		28	1200
		29	1200
		30	1200
		31	1200
	8	1	1200
		2	1200
		3	1200
		4	1200
		5	1200
		6	1200
		7	1200
		8	1200
		9	1200
		10	1200
		11	1200
		12	1200
		13	1200
		14	1200
		15	1200
		16	1200
		17	1200
		18	1200
		19	1200
		20	1200
		21	1200
		22	1200
		23	1200
		24	1200
		25	1200
		26	1200
		27	1200
		28	1200
		29	1200
		30	1200
		31	1200
	9	1	1200
		2	1200
		3	1200
		4	1200
		5	1200
		6	1200
		7	1200
		8	1200
		9	1200
		10	1200
		11	1200
		12	1200
		13	1200
		14	1200
		15	1200
		16	1200
		17	1200
		18	1200
		19	1200
		20	1200
		21	1200
		22	1200
		23	1200
		24	1200
		25	1200
		26	1200
		27	1200
		28	1200
		29	1200
		30	1200
	10	1	1200
		2	1200
		3	1200
		4	1200
		5	1200
		6	1200
		7	1200
		8	1200
		9	1200
		10	1200
		11	1200
		12	1200
		13	1200
		14	1200
		15	1200
		16	1200
		17	1200
		18	1200
		19	1200
		20	1200
		21	1200
		22	1200
		23	1200
		24	1200
		25	1200
		26	1200
		27	1200
		28	1200
		29	1200
		30	1200
		31	1200
	11	1	1200
		2	1200
		3	1200
		4	1200
		5	1200
		6	1200
		7	1200
		8	1200
		9	1200
		10	1200
		11	1200
		12	1200
		13	1200
		14	1200
		15	1200
		16	1200
		17	1200
		18	1200
		19	1200
		20	1200
		21	1200
		22	1200
		23	1200
		24	1200
		25	1200
		26	1200
		27	1200
		28	1200
		29	1200
		30	1200
	12	1	1200
		2	1200
		3	1200
		4	1200
		5	1200
		6	1200
		7	1200
		8	1200
		9	1200
		10	1200
		11	1200
		12	1200
		13	1200
		14	1200
		15	1200
		16	1200
		17	1200
		18	1200
		19	1200
		20	1200
		21	1200
		22	1200
		23	1200
		24	1200
		25	1200
		26	1200
		27	1200
		28	1200
		29	1200
		30	1200
		31	1200
