										Princess Louise 	
				Latitude		Longitude		Pressure	Temperature		
YEAR	MONTH	DAY	HOUR					(inches Hg)	(°C)		
											
1849	4	14	7	37° 58'	North	16° 47'	West	29.8	13.2		
			2					29.8	15.3		
			9					29.8	13.4		
		15	7	37° 10'		17° 19'		29.9	12.1		
									12.2		
			2					29.7	13.0		
									13.0		
			9					29.4	13.0		
									13.0		
		16	7	36° 43'		18° 10'		29.6	13.0		
									13.0		
			2					29.6	13.0		
									15.3		
			9					29.4	13.0		
									13.0		
		17	7	35° 30'		18° 14'		29.6	13.6		
									13.0		
			2					29.7	14.5		
									17.2		
			9					29.5	14.0		
									13.5		
		18	7	33° 40'		18° 36'		29.6	14.0		
									12.2		
			2					29.7	13.5		
									14.0		
			9					29.7	13.1		
									14.0		
		19	7	 31° 6'		19° 38'		29.7	14.0		
									14.7		
			2					29.7	15.0		
									14.3		
			9					29.6	15.0		
									14.4	15.0	
		20	7	28° 14'		20° 5'		29.8	14.7		
									16.0		
			2					29.9	15.8		
									15.0		
			9					29.9	15.2		
									16.3		
		21	7	25° 44'		20° 33'		29.9	16.0		
									16.7		
			2					29.9	16.8		
									16.0		
			9					29.8	16.0		
									16.0
		22	7	23° 0'		20° 59'		29.9	16.0
									17.0
			2					29.9	17.3
									17.0
			9					29.9	16.0
									17.3
		23	7	20° 24'		20° 5'		29.9	16.1
									17.0
			2					29.9	18.2
									17.0
			9					29.9	16.6
									16.3
		24	7	17° 46'		21° 10'		29.9	16.0
									17.5
			2					29.9	17.9
									17.0	
			9					29.9	16.0	
									18.1	
		25	7	14° 26'		21° 16'		29.7	16.5	
									18.0	
			2					29.8	18.0	
									18.1	
			9					29.8	17.0	
									18.0	
		26	7	11° 9'		21° 12'		29.8	17.0	
									19.1	
			2					29.8	20.0	
									19.1	
			9					29.7	18.5	
									19.7	
		27	7	8° 10'		21° 3'		29.8	19.0	
									20.1	
			2					29.7	21.6	
									21.0	
			9					29.8	20.1	
									21.3	
		28	7	6° 0		20° 40'		29.8	20.5	
									22.2	
			2					29.7	24.1	
									22.0	
			9					29.8	21.4	
									22.3	
		29	7	4° 43'		20° 18'		29.7	21.9	
									22.0	29.6
			2					29.8	21.7	
									22.0	
			9					29.7	21.0	
									20.1	
		30	7	4° 20'		20° 4'		29.7	21.0	
									23.3	
			2					29.7	22.1	
									23.2	
			9					29.8	22.0	
									22.1	
1849	5	1	7	 4° 13'		19° 0'		29.7	21.0	
									23.0	
			2					29.8	25.5	
									23.0	
			9					29.8	22.1	
									23.7	
		2	7	 4° 0'		18° 30'		29.7	21.0	
									22.3	
			2					29.7	21.2	
									22.0	
			9					29.8	21.0	
									22.8	
		3	7	 3° 50'		17° 4'		29.8	21.9	
									24.1	
			2					29.8	24.0	
									23.5	
			9					29.7	22.0	
									23.1	
		4	7	 3° 13'		17° 0'		29.8	22.6	
									23.5	
			2					29.8	24.0	
									23.0	
			9					29.8	22.0	
									20.9	
		5	7	3° 9'		16° 46'		29.9	21.0	
									23.0
			2					29.7	24.6
									22.7
			9					29.8	22.0
									22.6
		6	7	2° 43'		16° 17'		29.8	21.5
									23.0
			2					29.8	24.9
									23.0
			9					29.8	22.0
									21.5
		7	7					29.8	20.6
									22.0
			2					29.7	20.7
									22.9
			9					29.8	21.0
									22.3
		8	7	1° 21'		16° 26'		29.8	20.0
									22.9
			2					29.8	22.0
									22.5
			9					29.8	21.0
									22.7
		9	7	1° 26'		17° 46'		29.8	22.0
									22.7
			2					29.8	22.0
									22.0
			9	0° 1'				29.8	21.0
									22.3
		10	7		South	17° 13'		29.8	22.0
									22.0
			2	0° 0'				29.8	21.0
									22.1
			9					29.8	20.0
									22.2
		11	7	0° 23'		19° 3'		29.8	21.0
									23.0
			2					29.8	22.0
									22.0
			9					29.8	21.6
									22.3
		12	7	2° 3'		20° 43'		29.8	22.1
									21.6
			2					29.8	20.9
									20.7
			9					29.8	20.0
									22
		13	7	 3° 35'		21° 54'		29.8	22.3
									22
			2					29.8	22.6
									21.7
			9					29.8	22
									21.6
		14	7	6° 18'		23° 40'		29.8	22.9
									22
			2					29.8	23
									22
			9					29.8	22
									22
		15	7	8° 36'		25° 25'		29.7	21.6
									22
			2					29.7	22.1
									21
			9					29.7	21.2
									22
		16	7	10° 56'		27° 40'		29.7	21.5
									22
			2					29.8	22
									21
			9					29.8	21
									21.6
		17	7	13° 18'		30° 15'		29.8	21.5
									21.5
			2					29.8	22
									21
			9					29.8	21
									20.6
		18	7	15° 40'		32° 4'		29.8	20.3
									20
			2					29.8	21
									20.2	
			9					29.8	20	
									20.7	
		19	7	18° 4'		33° 39'		29.8	20	
									20	
			2					29.9	21.5	
									20	
			9					29.9	20	
									19.7	
		20	7	19° 2'		34° 18'		29.9	19	
									21.6	
			2					29.9	21.5	
									19.5	
			9					29.9	21	
									18.0	
		21	7					29.9	20	
									19			
			2	20° 1'		34° 40'		29.8	20.6			
									22			
			9					29.8	20			
									20			
		22	7					29.8	20.2			
									20			
			2	22° 4'		35° 20'		29.7	19.6			
									19			
			9					29.7	19.5			
									18.6			
		23	7					29.8	18.1			
									18			
			2	22° 38'		36° 12'		29.8	18			
									18			
			9					29.8	18			
									17			
		24	7					29.8	18.1			
									17.6			
			2	22° 41'		37° 12'		29.9	19			
									19.2			
			9					29.9	18.2			
									18			
		25	7					29.8	19.1			
									18			
			2	22° 43'		37° 41'		30	19.1			
									19			
			9					29.9	19			
									18			
		26	7					30	19			
									17.6			
			2	23° 9'		40° 0'		30	18			
									21	
			9					30	17	
									18	
		27	7					29.9	18.1	
									17	
			2					29.9	18.6	Rio de Janeiro
									20	
			9					29.9	18	
									17	
		28	7					29.9	18	
									18.6	
			2					30	21	
									23	
			9					29.8	21	
									17	
		29	7					29.7	19	
									17
			2					29.7	19
									20
			9					29.7	19.7
									18
		30	7					29.6	17.1
									16
			2					29.6	17
									15.6
			9					29.6	17
									15
		31	7					29.7	18.7
									18
			2					29.7	18.9
									20
			9					29.7	19
									17
1849	6	1	7					29.6	19
									17.3
			2					29.7	18.7
									20
			9					29.7	19.3
									17
		2	7					29.6	19.5
									18
			2					29.6	19
									21
			9					29.6	20
									18
		3	7					29.7	19.4
									17
			2					29.7	18
									19.1
			9					29.7	19.1
									17
		4	7					29.7	19.7
									17.9
			2					29.6	19
									18.6
			9					29.6	19.9
									16
		5	7					29.8	20.1
									19
			2					29.9	20.2
									23
			9					29.9	21.6
									19.7
		6	7					30.4	17
									19.3
			2	23° 55'		42° 33'		30.5	17.1
									19
			9					30.5	16.6
									18
		7	7					30.6	17.5
									18
			2	24° 31'		40° 11'		30.6	18.3
									18
			9					30.6	17.1
									18.3
		8	7					30.6	16.6
									18
			2	24° 29'		38° 42'		30.6	17.5
									18.2
			9					30.6	17
									17	
		9	7					28.8	15	
									16.6	
			2	25° 54'		37° 18'		28.7	15	STORM
									16.7	
			9					29	14.3	
									17	
		10	7					29.7	15	
									16.3	
			2	27° 7'		35° 5'		29.7	16	
									17	
			9					29.5	16	
									16.6	
		11	7					29.7	15	
									15.7	
			2	28° 30'		32° 18'		29.7	16	
									15.5
			9					29.7	15.1
									15
		12	7					29.9	15
									16
			2	29° 25'		29° 34'		29.9	17
									16.9
			9					29.9	15
									15
		13	7					29.9	16.2
									15.6
			2	31° 3		27° 27'		29.9	16
									15
			9					29.9	15
									15
		14	7					29.7	14
									15
			2	31° 53'		23° 51'		29.7	15
									14.8
			9					29.7	14
									13.3
		15	7					29.5	13
									13.3
			2	32° 30'		20° 25'		29.4	14.6
									14
			9					29.4	14
									13.3
		16	7					29.5	12
									12.5
			2	32° 57'		16° 14'		29.4	13
									13
			9					29.4	12
									13
		17	7					29.7	12
									12.8
			2	33° 35'		12° 22'		29.7	14.6
									13
			9					29.7	14.1
									14
		18	7					29.8	11.5
									14
			2	34° 4'		8° 49'		29.8	13.7
									14
			9					29.8	12
									14.3
		19	7					29.9	14.7
									14
			2	 34° 51'		7° 59'		29.8	15.1
									14
			9					29.7	14
									13
		20	7					29.6	14.2
									13
			2	36° 16'		2° 24'		29.6	14.3
									13
			9					29.6	13
									12
		21	7				East	29.3	11.3
									11.2
			2	 36° 11'		0° 23'		29.3	11.8
									11
			9					29.3	10.5
									10
		22	7					29.5	9
									10
			2	 36° 42'		4° 55'		29.5	10
									10
			9					29.5	9
									10
		23	7					29.6	11
									10
			2	 37° 25'		8° 8'		29.6	12
									10
			9					29.8	10
									9.6
		24	7					29.8	9.5
									10
			2	38° 9'		11° 52'		29.8	10.7
									10
			9					29.8	9
									15.5
		25	7					30.5	13
									16
			2	 37° 56'		15° 27'		30.1	15
									15
			9					30.1	13.3
									15
		26	7					30.1	13.6
									16
			2	38° 3'		17° 46'		30.1	15.1
									15.2
			9					30.1	13
									15
		27	7					29.9	15
									15
			2	39° 9'		22° 0'		29.4	15
									10
			9					29.4	14.3
									10
		28	7					29.8	12.4
									15
			2	39° 34'		25° 9'		29.4	12
									15
			9					29.7	11
									11
		29	7					29.5	11
									13
			2	39° 10'		28° 39'		29.5	12.8
									13
			9					30.2	11
									12
		30	7					30.3	11.5
									13.2
			2	39° 23'		31° 17'		30.3	12.7
									13
			9					30.1	11
									11
1849	7	1	7					30.1	12.2
									10
			2	39° 58'		35° 35'		30.1	12.3
									10
			9					30.1	12
									11
		2	7					29.9	12.1
									11
			2	40° 0'		40° 27'		29.9	13
									11
			9					29.9	12
									13.7
		3	7					30	13
									14
			2	40° 16'		44° 42'		30	14.5
									13
			9					29.9	14
									11
		4	7					29.9	12
									10.3
			2	40° 0'		49° 32'		29.9	12
									10
			9					29.8	10.5
									12.6
		5	7					29.8	11.8
									12.6
			2	 40° 17'		54° 38'		29.8	12.7
									12.6
			9					29.8	11
									10
		6	7					29.7	7
									9.6
			2	39° 45'		59° 16'		29.7	9
									9.6
			9					29.7	8
									10
		7	7					29.7	9
									11
			2	38° 35'		62° 45'		29.7	9.8
									11
			9					29.7	9.1
									10.0
		8	7					29.8	11
									9.4
			2	37° 35'		64° 32'		30.1	11
									10
			9					30	11
									10
		9	7					29.9	10.7
									9
			2	37° 0'		68° 3'		29.8	10
									9
			9					29.8	9.5
									9
		10	7					30.1	9
									7
			2	37° 41'		73° 20'		30	9.5
									9
			9					29.7	9
									8.8
		11	7					30	10
									10
			2	37° 25'		77° 40'		29.8	10
									10.9
			9					29.8	10
									10
		12	7					30.1	9.9
									8
			2	37° 0'		80° 56'		30.1	10
									9.3
			9					30	10
									9
		13	7					30	9.6
									9.8
			2	37° 38'		83° 23'		30	10
									11
			9					30	10.1
									10
		14	7					30.1	9.6
									9
			2	38° 39'		87° 44'		30	10
									11.1
			9					30	10
									10
		15	7					30	9
									9.7
			2	39° 14'		91° 17'		29.8	9
									9.9
			9					29.8	9
									9.6
		16	7					29.8	9.5
									9
			2	39° 17'		94° 22'		29.9	10
									9.8
			9					29.9	10
									9.6
		17	7					30	9
									8
			2	39° 40'		95° 7'		30	9.7
									10
			9					29.9	9
									9
		18	7					29.9	8.6
									8
			2	39° 54'		98° 43'		29.9	9
									9.7
			9					29.8	9
									9
		19	7					29.8	8.3
									9
			2	40° 4'		102° 40'		29.7	8.7
									9.6
			9					29.4	8.5
									9.0
		20	7					29.5	9
									9
			2	40° 26'		106° 2'		29.4	8.3
									8.8
			9					29.4	8.1
									8
		21	7					29.4	8.6
									8
			2	40° 7'		108° 32'		29.4	8.6
									8
			9					29.5	8.6
									8
		22	7					29.5	8.5
									8.5
			2	39° 50'		109° 30'		29.5	8.5
									9
			9					29.5	8.5
									8.6
		23	7					29.4	9.7
									8.5
			2	40° 7'		 112° 42'		29.3	9.7
									9
			9					29.3	9.6
									8.5
									9.7
		24	7					29.3	8.0
									9.7
			2	40° 22'		116° 4'		29.4	10.0
									9.7
			9					29.3	9.0
									8.5
		25	7					29.3	8.8
									9.0
			2	41° 16'		117° 10'		29.3	9.3
									9.0
			9					29.3	9.0
									8.7
		26	7					29.3	8.5
									8.6
			2	41° 0'		117° 32'		29.3	9.0
									8.6
			9					29.3	8.8
									8.5
		27	7					29.5	8.1
									9.0
			2	40° 42'		119° 54'		29.5	10.0
									9.0
			9					29.5	9.0
									9.0
		28	7					29.5	9.7
									9.0
			2	40° 50'		123° 45'		29.5	10.0
									8.0
			9					29.5	9.0
									9.0
		29	7					29.2	9.7
									9.0
			2	40° 30'		126° 40'		29.2	10.0
									9.0
			9					29.2	9.5
									8.0
		30	7					29.2	8.0
									8.0
			2	41° 48		127° 51'		29.3	10.0
									8.0
			9					29.4	8.0
									8.6
		31	7					29.3	9.0
									9.0
			2	41° 10		128° 54'		29.4	11.0
									9.0
			9					29.4	9.0
									8.5
1849	8	1	7					29.6	8
									7.6
			2	39° 15'		129° 12'		29.7	8
									10
			9					29.7	8.5
									9
		2	7					29.9	9
									8.5
			2	38° 26'		130° 46'		29.9	9
									10.7
			9					29.9	9
									9
		3	7					30	9
									8
			2	37° 53'		131° 39'		29.9	9
									10.8
			9					29.9	9
									9
		4	7					29.8	10.3
									9
			2	37° 19'		134° 19'		29.9	10.6
									10.6
			9					29.7	10.6
									9
		5	7					29.4	11
									10
			2	36° 53'		134° 40'		29.5	11
									10
			9					29.6	11
									9
		6	7					29.4	11
									9
			2	36° 8'		135° 40'		29.3	11.6
									10
			9					29.4	11.5
									9
