	"A Voyage of Discovery - Otto von Kotzebue, Hannibal Evans Lloyd, Ivan Fedorovich Kruzenshtern, Johann Caspar Horner, Johann Friedrich Eschscholtz,"													
														
	"http://books.google.com/books?id=Y4IPAAAAYAAJ&pg=PA90&dq=Voyage+around+the+World,+1803,+Russian&as_brr=1&ei=rpuUSJG-MYzQjgH3rrHxBw#PPA403,M1"													
														
Pg. 403			AREOMETRICAL OBSERVATIONS											

YEAR	MONTH	DAY	SEA WATER TEMP	AIR TEMP	WEIGHT OF THE	SPECIFIC GRAVITY	LATITUDE	LONGITUDE	SEA WATER TEMP		DEPTH IN	AIR	TRANSPARENCY	OBSERVATIONS
			Reaum.	Fahrenh.	AREOMETER	OF THE SEA WATER			ON SURFACE	BELOW SURFACE	FATHOMS	TEMP	OF WATER IN FATHOMS	
1815	10	15					39 27 N	12 57 W	68.5	55.7	100	71.1	10	Atlantic Ocean
		16					39 4	13 8	69.1	55.0	138	72.5	10	
										56.0	96			
		25					30 12	15 14	74.3	56.3	196	74.3	11	
1816	1	8					44 47 S	57 31	54.9	38.8	196	57.6	8	Cape Horn
	4	7					18 17	124 56	78.5	68.5	125	79.2	13	South Sea
										57.5	175			
		7							79.6	68.0	125	80.0		
										54.0	200			
		13					15 26	133 42	80.0	79.0	10	79.8	13	
										79.0	20			
										78.8	50			
										72.0	100			
										56.0	200			
	5	12					1 17 N	177 5	82.5	55.0	300	83.0	14	At the Equator
	6	1					29 24	199 26	74.0	62.0	100	75.0	10	
										52.5	300			
		6					37 3	199 17	61.0	59.5	10	63.0	2	
										56.8	25			
										52.7	100			
										43.0	300			
	7	18	4.8	49.6	1 3 6 7	1.02373	52 49 38 N	200 23 W						From Kamtschatka to Kotzebue Sound
		19	5.8	50.9	1 3 5	1.02456	53 42 48	196 55 31						
		20	5.3	54.3	1 3 5	1.02438	55 24 47	194 4 7						Beering's Island.
		21	5.0	48.0	1 3 5	1.02428	56 52 35	190 8 19						
		22	5.7	52.2	1 3 5 7	1.02503	58 15 53	186 15 49						
		23	5.7	49.7	1 3 6 7	1.02403	59 32 17	183 3 13						
		24	5.3	48.5	1 3 5	1.02438	60 58 29	179 17 1						
		25	5.1	37.9	1 3 5	1.02431	62 11 17	174 36 37						
		26	4.1	53.8	1 3 5	1.02397	63 0 16	171 46 25						Near St. Lawrence Island.
		27	6.1	52.7	1 3 6	1.02366	63 15 19	172 48 9						
		28	6.5	58.0	1 3 6	1.02380	63 8 10	173 47 6						
		29	5.4	49.0	1 3 6 7	1.02392	64 6 3	173 17 49						
		30	5.4	48.1	1 3 6	1.02342	65 27 41	171 4 55						
		31	6.4	59.5	1 3 7	1.02327	66 14 2	169 17 13						
	8	1	8.2	58.9	1 3	1.02338	66 37 55	164 47 42						
		2	10.2	68.2	2 3 4 6	1.01807	66 35 18	162 41 00						In Kotzebue Sound
		3	10.2	61.0	1	1.02007	66 14 24	162 8 50						
		11	8.1	58.0	1 5 7	1.02184	66 15 30	163 20 17						
		13	8.8	59.0	1 5	1.02159	66 16 39	163 44 0						
		14	8.2	59.0	1 3	1.02338	66 48 47	163 56 39						From Kotzebue Sound to St. Lawrence Bay
		15	9.3	60.3	1 3 7	1.02426	66 36 32	165 6 44						
		16	6.9	46.0	1 3 6	1.02400	66 39 00	166 20 56						
		17	8.0	49.5	1 3 7	1.02481	66 20 24	167 58 59						
		18	2.0	43.0	1 3 5 7	1.02375	66 4 5	170 19 5						
		19	1.7	44.2	1 3 5 6	1.02435	66 16 17	170 32 17						
		20	2.9	50.0	1 3 5 6	1.02463	65 38 8	171 29 42						
		30	3.1	43.5	1 3 5	1.02357	64 25 59	171 4 12						From St. Lawrence Bay to Oonalashka
		31	5.2	45.5		1.02421	63 13 3	169 40 5						
	9	1	6.8	44.5	1 3 6	1.02390	61 28 6	170 11 40						Near an unknown river on the
		2	4.0	46.0		1.02294	59 42 15	172 4 58						"American coast, which empties"
		3	4.5	44.0	1 3 5 7	1.02427	58 14 46	172 17 43						itself into the sea.
		4	6.0	48.0		1.02513	55 43 26	171 3 36						
		5	6.1	46.5		1.02516	54 7 45	169 57 42						
		6	6.4	49.5	1 3 6	1.02377	54 32 34	169 33 19						
		15	5.8	50.0	1 3 6	1.02356	54 24 55	165 9 26						From Oonalshka to California.
		16	6.7	51.0	1 3 5	1.02487	54 3 12	164 42 19						
		17	8.4	51.5	1 3 5 7	1.02567	52 32 46	164 24 2						
		18	8.4	55.5		1.02567	50 25 1	161 7 8						
		19	9.3	56.0	1 3 5	1.02576	48 20 16	158 22 14						
		20	10.4	54.0		1.02614	46 56 30	156 13 50						
		21	10.8	56.0		1.02627	45 47 3	153 24 38						
		22	12.0	55.0	1 3 5	1.02669	44 29 40	150 26 6						
		23	13.0	59.1	1 3 6 7	1.02653	43 13 36	147 7 49						
		24	13.2	60.5	1 3 5 7	1.02760	42 20 54	143 52 7						
		25	13.3	58.2	1 3 5	1.02730	41 38 50	140 27 57						
		26	13.2	63.0	1 3 5 7	1.02760	41 26 12	139 57 57						
		27	13.3	64.2		1.02763	40 52 56	136 48 45						
		28	13.2	63.0	1 3 5	1.02710	40 16 59	134 8 56						
		29	13.3	64.4		1.02713	39 39 39	131 35 42						
		30	13.6	59.6	1 3 6 7	1.02673	39 10 00	128 20 36						
	10	1	12.4	58.7	1 3 5	1.02683	38 8 12	124 40 17						
		2	12.0	59.2	1 3 5 7	1.02719	37 51 13	122 49 47						
	11	2	13.8	60.3	1 3 6	1.02630	35 37 35	124 57 24						From California to the Sandwick Islands
		3	14.2	63.0	1 3 6 7	1.02704	33 21 11	12714 29						
		4	15.2	66.0	1 3 5	1.02779	31 44 19	129 25 2						
		5	15.6	67.9	1 3 5 7	1.02842	30 25 14	130 59 51						
		6	16.1	67.9		1.02859	28 56 25	132 52 33						
		7	16.4	67.9		1.02870	27 49 3	135 1 3						
		8	16.8	72.8		1.02883	26 46 55	135 26 42						
		9	17.1	74.2	1 3 5	1.02845	26 11 5	135 50 51						
		10	17.3	72.0	1 3 5 7	1.02900	25 42 16	136 48 51						
		11	17.2	68.9		1.02897	25 5 55	138 1 16						
		12	17.8	67.9	1 3 5	1.02868	24 6 7	139 2 15						
		13	17.6	66.6	1 3 6 7	1.02810	23 46 12	140 17 24						
		14	18.0	74.9	1 3 5	1.02875	22 49 44	139 19 15						
		15	17.8	71.1		1.02867	23 9 55	139 51 36						
		16	18.5	81.0	1 3 5	1.02892	22 34 6	140 26 49						
		17	18.2	72.5		1.02882	22 1 21	142 19 4						
		18	19.0	74.0		1.02909	21 18 26	145 9 45						
		19	18.9	71.9		1.02906	20 38 21	148 3 33						
		20	19.3	77.1	1 3 6 7	1.02869	19 50 23	151 00 30						
		21	19.7	76.7	1 3 5	1.02933	20 1 19	153 58 14						
		22	19.7	81.1		1.02933	20 19 16	155 15 42						
		23	20.9	79.2	1 3 6	1.02873	19 51 59	155 35 2						Near Owhyee
		24	20.5	83.8	1 3 6 7	1.02910	19 38 16	155 42 24						
		25	20.4	81.7		1.02907	20 5 40	155 58 44						
		26	20.4	80.8	1 3 6	1.02857	21 0 47	157 2 59						
	12	14	20.0	79.9	1 3 5	1.02943	21 9 23	157 59 15						From the Sandwich Islands to Radack
		15	20.0	79.2	1 3 6 7	1.02893	20 28 34	158 59 19						
		16	20.0	80.3		1.02893	20 15 55	159 22 57						
		17	20.3	79.9		1.02903	19 43 58	160 7 7						
		18	20.1	79.2	1 3 6	1.02846	18 14 57	161 42 38						
		19	20.3	79.2	1 3 6 7	1.02903	16 42 56	163 52 31						
		20	20.4	79.0		1.02907	17 15 17	166 41 3						
		21	20.4	79.9	1 3 6	1.02907	16 53 44	168 43 36						
		22	20.5	78.7		1.02860	17 3 00	170 1 20						
		23	20.4	81.0		1.02857	16 12 49	170 58 12						
		24	20.8	82.7		1.02870	14 43 44	173 18 42						
		25	21.1	81.0		1.02881	12 49 37	175 24 26						
		26	21.6	86.0	1 3 7	1.02848	11 14 30	177 34 38						
		27	21.6	82.5	1 3 7	1.02848	11 3 29	179 37 43						
		28	21.9	84.5		1.02859	9 37 14	181 52 41						
		29	22.0	82.1		1.02862	9 52 20	184 16 32						
		30	22.1	80.7	1 3	1.02815	9 48 56	186 51 41						
		31	21.6	78.9		1.02798	9 49 57	188 14 42						
1817	1	1	21.7	80.2	1 3 6	1.02902	9 47 40	188 46 22						
		2	22.1	83.5	1 3 7	1.02865	10 5 2	188 50 13						New-year's Island.
		3	22.0	81.9		1.02862	9 59 47	189 21 56						
		4	21.8	81.0		1.02855	9 43 21	189 33 45						
		5	21.8	82.1	1 3	1.02805	9 27 55	189 46 34						
		6	21.8	83.8	1 3 7	1.02855	9 30 45	189 39 25						
		12	21.7	81.4	1 3	1.02802	9 28 34	190 0 0						Inside of Romanzoff's Group.
	2	8	21.8	83.0		1.02805	9 9 49	189 51 14						
		9	21.6	81.1		1.02798	8 53 16	189 26 43						
	3	5	21.2	81.5	1 3 6	1.02885	10 27 25	189 58 26						Inside of Krusenstern's Group.
		17	21.1	76.8	1 3 6	1.02881	13 2 16	190 44 6						From Radack to Oonalashka.
		18	21.2	78.4		1.02885	13 45 11	190 38 45						
		19	20.8	79.3		1.02870	14 39 29	190 59 08						Cornwallis Island.
		20	20.1	79.0	1 3 6 7	1.02896	16 38 43	192 13 47						
		21	19.6	77.8	1 3 5	1.02929	17 56 6	193 23 18						
		22	19.6	77.4		1.02929	19 5 36	194 21 22						
		23	19.6	74.7		1.02929	20 15 21	195 5 20						
		24	19.0	76.5		1.02909	22 6 2	195 29 56						
		25	18.2	69.9	1 3 5	1.02882	24 16 59	196 3 55						
		26	17.5	78.0	1 3 5 7	1.02907	24 51 9	196 31 00						
		27	17.4	72.8	1 3 5	1.02854	26 24 18	197 19 7						
		28	14.7	66.4	1 3 5 7	1.02811	28 48 0	198 21 48						
		29	13.5	63.1		1.02770	31 17 48	198 54 40						
		30	13.0	59.8	1 3 5 6	1.02803	33 0 45	197 41 19						
		31	13.0	57.5		1.02803	33 43 38	196 14 34						
	4	1	13.0	57.5		1.02803	34 23 48	195 13 20						
		2	11.2	55.0		1.02741	34 24 9	194 8 8						On this day the sea acquired its
		3	11.8	55.3		1.02761	34 27 11	193 52 40						"green colour, and retained it."
		4	11.6	58.0		1.02754	36 4 55	192 19 6						
		5	12.1	57.2		1.02772	85 35 16	191 49 6						
		6	11.6	62.2		1.02754	37 54 32	190 46 9						
		7	6.9	55.0	1 3 5 6 7	1.02644	40 21 40	189 23 20						
		8	5.1	46.9		1.02581	41 21 44	188 39 32						
		9	5.8	39.5	1 3 5 6	1.02555	41 59 3	186 19 29						
		10	4.2	41.3		1.02501	43 3 0	183 58 56						
		14	8.8	48.0	1 3 5 6 7	1.02537	45 25 8	179 11 53						
		15	3.1	45.2	1 3 5 6 7	1.02513	46 24 22	176 21 10						
		16	2.3	40.0		1.02435	48 22 22	173 38 1						
		17	2.6	41.0	1 3 5 6	1.02445	50 31 20	171 37 36						
		18	2.8	39.3		1.02455	51 42 55	170 12 21						
		19	2.7	36.9	1 3 5 6	1.02449	52 10 50	169 52 26						
		20	2.7	38.0		1.02449	52 20 54	168 38 19						Near the Aleutian Islands.
		21	2.8	37.0		1.02455	52 52 2	167 20 38						
		22	2.8	41.3	1 3 5 6	1.02455	53 7 19	166 5 14						
		23	2.8	43.1			53 29 9	166 2 21						Near the Aleutian Islands.
		24	3.1	41.5	1 3 5 7	1.02413	53 45 14	165 38 24						
	6	30	5.3	50.2	1 3 5 7	1.02488	56 4 55	167 53 32						From Oonalashka to St. Lawrence's Island and back again.
	7	1	4.9	42.8	1 3 5	1.02425	56 41 55	169 7 28						Near St. George's and St. Paul's Islands
		2	4.5	45.0		1.02411	57 5 40	169 39 25						
		3	4.7	46.3		1.02418	57 4 8	170 1 40						
		4	5.8	47.0	1 3 5 7	1.02506	56 30 32	172 2 37						
		5	5.8	46.0	1 3 5	1.02456	57 2 20	172 20 18						
		6	4.2	47.0		1.02407	58 42 50	171 42 42						
		7	4.0	47.3		1.02394	60 3 50	171 15 27						
		8	4.6	46.5		1.02414	60 24 10	170 3 15						
		9	4.0	43.9		1.02394	61 10 19	170 0 29						
		10	3.9	47.0		1.02391	62 48 47	169 54 51						St. Lawrence Island
		11	3.7	47.3	1 3 6 7	1.02334	62 59 7	169 36 18						
		12	4.3	46.5	1 3 6	1.02304	62 47 44	169 28 39						
		13	4.6	46.3	1 3 5	1.02414	62 33 16	170 27 9						
		14	5.1	58.0		1.02431	61 43 6	171 25 59						
		15	5.4	49.5	1 3 5 7	1.02493	61 21 48	171 22 43						
		16	4.5	47.5	1 3 5	1.02411	60 9 4	171 46 18						
		17	5.0	46.3		1.02428	59 29 0	172 16 33						
		18	5.8	48.0	1 3 5 7	1.02506	58 11 51	171 14 48						
		19	4.4	48.2	1 3 5 6	1.02508	56 25 35	169 50 46						St. Paul and St. George.
		20	6.1	49.9		1.02576	55 4 51	168 17 58						
		21	8.0	49.9	1 3 5	1.02531	54 24 2	167 29 16						
	8	19	7.6	55.9	1 3 5	1.02517	54 32 14	166 4 22						From Oonalashka to the Sandwich Islands
		20	5.8	49.9	1 3 5 7	1.02506	54 0 42	165 30 47						
		21	7.9	53.0	1 3 5	1.02528	54 6 22	164 24 00						
		22	8.0	55.0		1.02531	52 21 58	164 44 26						
		23	8.2	54.9		1.02538	51 2 0	165 49 54						
		24	8.5	54.0		1.02549	49 18 36	166 6 1						
		25	9.8	58.3		1.02593	48 46 52	166 14 55						
		26	9.4	55.7		1.02580	47 48 17	166 23 37						.
		27	9.9	58.0		1.02597	47 10 20	165 46 21						
		28	9.9	59.0		1.02597	46 38 49	163 43 57						
		29	10.8	59.9		1.02627	46 20 46	161 33 3						
		30	11.6	62.0		1.02654	45 40 58	159 46 45						
		31	12.4	63.0	1 3 6 7	1.02633	46 17 23	156 12 30						
	9	1	12.0	62.0		1.02619	45 56 52	154 30 6						
		2	11.9	58.8		1.02616	45 28 6	155 12 18						
		3	12.5	62.0		1.02636	44 35 54	155 12 46						
		4	13.7	65.2		1.02677	43 21 3	155 18 28						
		5	14.9	66.0		1.02719	42 38 48	154 17 5						
		6		68.1			42 1 12	151 34 22						
		8	15.2	69.0	1 3 6	1.02679	41 16 34	151 21 50						
		9	15.6	67.3		1.02692	40 52 51	150 14 13						
		10	15.8	67.0	1 3 6 7	1.02749	40 10 21	147 18 1						
		11	16.0	69.7		1.02756	38 49 13	147 46 32						
		12	17.6	76.0	1 3 5	1.02860	36 54 39	148 32 10						
		13	18.4	75.0		1.02889	36 8 47	148 9 0	71.9	57.1	25	73	13	
										52.8	100			
										44	300			
		14	18.7	78.9		1.02899	35 50 44	147 37 57	72.2	72.0	4	75.0	11	
										70.9	8			
										68.1	15			North Pacific Ocean
										57.6	25			
										54.0	50			
										51.0	100			
										42.8	408			
		15	18.0	75.7		1.02875	35 28 8	147 47 2						
		16	18.2	73.7	1 3 6 7	1.02832	34 8 58	148 15 55						
		17	18.8	74.5		1.02852	32 3 10	148 54 22						
		18	19.2	75.6	1 3 5	1.02916	29 54 34	150 41 10						
		19	19.5	78.1	1 3 5 7	1.02976	28 51 33	152 10 00						
		20	19.7	78.5		1.02933	28 16 49	152 41 33						
		21	20.2	77.0	1 3 5	1.02950	27 57 47	152 26 42						
		22	20.7	81.1		1.02967	27 50 27	152 21 39	77.0	75.0	5	76.1	16	
										74.5	10			
										73.7	25			
										67.2	50			
										61.0	100			
										51.5	200			Between Radack and the Marianas
		23	20.2	77.0		1.02950	26 40 43	152 32 27						
		24	19.9	78.5	1 3 5 7	1.02990	24 13 39	152 50 53						
		25	20.4	79.9	1 3 6 7	1.02907	21 40 20	153 46 18						
		26	20.5	83.0	1 3 6	1.02860	20 13 20	155 2 29						
		27	21.5	86.5		1.02895	20 9 36	155 50 17						
		28	21.8	84.9		1.02905	19 41 31	155 51 20						
		29	22.0	81.9		1.02912	20 28 16	156 39 49						
	10	14	20.9	80.8	1 3 5	1.02975	21 10 22	158 13 16						From the Sandwich Islands to Romanoff's Group
		15	21.4	82.5	1 3 6 7	1.02942	19 57 7	159 41 42						
		16	21.5	82.5		1.02945	19 22 57	161 33 50						
		17	21.6	82.6	1 3 6	1.02898	18 26 18	163 52 56						
		18	21.7	83.5		1.02902	17 33 17	165 39 28						
		19	21.8	83.1		1.02905	16 47 29	167 23 7						
		20	21.9	84.5	1 3 6	1.02908	16 45 12	169 16  37						
		21	21.8	82.1		1.02905	16 0 21	170 52 14						
		22	22.0	84.0		1.02912	15 12 2	172 32 10						
		23	22.2	85.0		1.02919	14 31 46	174 13 49						
		24	22.4	84.8		1.02926	13 48 44	176 5 31						
		25	22.3	84.0	1 3 5 7	1.02972	12 48 4	178 37 17						
		26	22.4	84.7	1 3 6	1.02926	11 58 39	180 55 47						
		27	22.7	85.9		1.02936	11 57 55	183 20 36						
		28	22.8	83.3		1.02939	10 30 49	185 34 40						
		29	22.7	85.5		1.02936	9 17 22	188 5 50						.
		30	22.7	78.0		1.02936	9 18 18	189 18 26						.
	11	4	22.7	82.5	1 3 6	1.02936	9 18 59	190 3 39						From Romanoff's Group to Guahon
		5	22.8	85.2		1.02939	9 48 27	190 36 54						
		6	22.7	84.3		1.02936	9 42 56	191 52 40						
		7	22.6	83.2	1 3	1.02832	9 43 45	193 27 29						
		8	22.9	85.0		1.02843	9 40 30	195 7 56						
		9	22.8	82.7		1.02839	9 32 54	197 22 24						
		10	22.6	81.1		1.02832	9 22 11	199 40 29						
		11	22.8	84.3	1 3 7	1.02889	9 19 56	201 25 9						
		12	22.9	83.4		1.02893	9 7 35	202 53 12						
		13	24.4	85.7	1 4 7	1.02845	8 59 05	204 24 30	87.0	56.2	100	85.0	13	
		14	23.1	85.6	1 3	1.02849	9 20 59	204 44 26	83.0	77.0	25	84.0		
		15	24.3	84.9		1.02891	9 25 48	205 0 45	87.4	79.0	15	85.7	15	
									87.4	59.1	50	85.7	15	
										51.4	69			
										49.5	101			
		16	22.9	84.0	1 4 7	1.02793	9 24 3	205 35 40						
		17	23.1	83.5	1 3	1.02849	10 2 36	206 42 53	84.2	57.4	73	83.5		
		18	23.1	83.2	1 3 7	1.02899	10 40 59	207 53 2	83.9	59.9	61	83.2		
		19	23.0	82.7		1.02896	11 4 54	209 4 00	83.7	56.6	82	82.7		
		20	23.1	84.2		1.02899	11 42 29	209 51 20	84.0	63.0	86	84.2		
		21	22.8	82.1		1.02889	12 28 23	210 53 57	83.3	66.9	78	81.1		
		22	22.7	83.2		1.02886	13 28 32	212 41 54	83.0	69.9	66	83.1		
		23	22.6	83.7	1 3	1.02832	13 52 38	214 49 00	82.9	71.1	45	83.7		
		29	22.6	83.7	1 3 7	1.02832	13 47 2	215 43 15						From Guahon to Manila.
		30	22.2	83.3		1.02869	15 37 4	217 40 11						
	12	1	22.4	82.5		1.02876	16 31 34	219 6 36	82.5	68.7	89	82.5		Between the Marianas and Philippines
		2	22.0	81.2		1.02862	17 23 22	220 46 14	81.4	70.2	76	81.2		
		3	22.0	79.6		1.02862	18 24 32	222 53 55	81.5	71.8	61	79.6		
		4	21.7	79.8		1.02852	19 20 10	225 27 54	80.8	70.9	45	79.8		
		5	20.9	79.8	1 3 6	1.02875	19 44 48	227 55 44	79.0	67.1	73	79.8		
		6	20.9	77.3			19 44 22	229 25 20	79.0	67.6	83	77.3		
		7	21.3	76.9	1 3 6 7	1.02938	20 00 4	232 12 32						
		8	20.2	77.0		1.02900	20 10 49	235 4 25						
		9	20.6	77.3		1.02913	20 2 11	237 37 55						
		10	20.7	80.0	1 3 6	1.02867	19 12 36	239 43 36						
		11	22.2	82.0	1 3	1.02819	18 00 36	240 7 24	82.0	60.0	95.0	82.0		"Chinese Sea, west side of Lucon"
		12	21.6	81.7	1 3 7	1.02848	16 42 57	240 34 7	80.5	60.1	80.5	81.7		
		13	22.3	84.5	1 3	1.02822	13 50 58	240 24 21	82.2	61.5	93.5	84.5		.
		14	22.0	82.5	1 4 7	1.02762	14 44 48	240 2 20						
1818	1	30	20.8	80.0	1 3 6	1.02860	13 49 00	241 53 00						From Manila to the Cape
		31	20.8	79.1	1 3 7	1.02810	13 23 28	245 2 55						
	2	1	20.9	79.2	1 3 6	1.02875	13 7 44	247 41 21						
		2	21.3	82.3		1.02888	11 38 51	249 14 44						
		3	20.7	83.0		1.02867	9 41 4	251 0 6						
		4	20.5	83.2		1.02860	7 33 23	253 1 16						
		5	21.0	78.8		1.02878	5 10 00	254 32 23						
		6	21.6	83.0	1 3 7	1.02848	2 45 59	255 19 19						
		7	21.9	83.5		1.02859	1 19 56	254 23 00						
		8	21.9	83.0		1.02859	0 25 51 S	252 50 0						
		9	22.2	80.6		1.02869	1 53 8	252 51 51						
		10	22.3	81.7	1 3	1.02822	3 4 0	253 0 22						
		11	23.3	83.3	1 6	1.02556	4 21 19	255 25 1						
		12	22.7	82.6		1.02536	5 3 23	255 54 00						
		13	22.9	83.6	1 6 7	1.02593	5 29 00	254 9 20						
		14	23.3	84.6	1 5	1.02656	6 6 41	254 16 30						
		15	23.0	85.0	1 5 7	1.02696	6 16 56	254 50 45						
		16	23.0	82.3	1 3	1.02846	6 36 23	255 45 13						
		17	22.7	85.7	1 3 7	1.02886	7 19 54	257 10 3						
		18	22.8	85.9	1 3 6	1.02939	8 55 29	259 9 21						
		19	22.7	84.2		1.02936	10 10 53	261 34 25						
		20	22.3	84.6		1.02922	11 42 32	264 25 0						
		21	21.7	83.0		1.02902	13 11 37	266 52 0						
		22	21.8	82.5		1.02905	14 40 13	269 48 0						
		23	21.8	83.2	1 3 6 7	1.02955	16 2 23	272 20 0						
		24	21.3	82.3	1 3 6 7	1.02930	17 14 6	274 58 40						
		25	21.6	83.5		1.02948	18 23 4	277 25 12						
		26	21.3	82.9		1.02938	19 9 35	279 37 0						
		27	21.8	83.5	1 3 5	1.03005	20 6 57	282 22 18						
		28	21.5	82.2		1.02995	20 59 31	284 47 47						
	3	1	21.3	81.2		1.02988	21 34 43	287 17 52						
		2		81.9			22 2 17	289 40 31						
		3	21.6	84.1			22 50 53	291 43 37						
		4	21.3	82.7	1 3 5 7	1.03038	23 7 52	293 26 40					
		5		81.9	1 3 6 7	1.02938	23 59 37	296 34 0					
		6		82.0	1 3 5	1.02988	24 31 46	298 55 10					
		7	20.9	80.5		1.02975	25 24 59	302 6 00					
		8	20.2	79.5	1 3 5 7	1.03000	26 8 31	304 18 12					
		9	20.1	78.0	1 3 5	1.02946	27 4 22	307 18 36					
		10	19.6	78.7	1 3 5 7	1.02979	28 1 57	309 41 00					
		11	20.1	80.2	1 3 5	1.02946	29 5 15	312 25 3					
		12	20.8	78.0		1.02970	29 18 34	313 26 10					
		13	19.6	77.2	1 3 5 7	1.02979	30 22 11	316 33 00					
		14	18.4	74.7		1.02939	31 4 11	318 43 0					
		15	18.9	77.2		1.02956	31 47 38	321 7 41					
		16	19.1	78.7		1.02962	32 21 10	323 13 0					
		21	18.6	70.4	1 3 5 6	1.02995	31 20 03	325 51 38					
		22	19.8	73.4		1.03019	32 16 31	327 55 18					
		23	17.6	72.0	1 3 5 6 7	1.03010	32 50 56	329 27 33					
		24	17.7	76.1		1.03014	33 14 12	330 1 14	71.9	62.7	145	76.1		"On the bank, near the Cape of Good Hope"
		25	17.4	67.5	1 3 5 6 7	1.03004	33 27 31	330 27 0						
		26	17.4	72.0	1 3 5 6	1.02954	34 1 39	331 48 20	71.1	64.0	54	72.0		
		27	16.0	77.5	1 3 5 6 7	1.02956	35 17 50	337 4 18	68.1	51.7	86	77.5		
		28	15.6	78.9	1 3 5 6	1.02892	35 19 32	338 34 16						
		29	16.2	72.0		1.02913	34 54 47	339 1 52						
		30	8.9	67.5		1.02663	34 23 21	341 45 30						In the Atlantic Ocean
	4	9	14.2	65.0	1 3 5 6	1.02844	33 21 25	342 39 0						From the Cape to St. Helena.
		10	15.8	73.0		1.02899	32 54 11	342 47 15						
		11	15.7	65.7	1 3 4 6	1.02996	31 57 41	343 58 0						
		12	16.1	74.0	1 3 4 6	1.02959	31 13 40	344 45 16						
		13	16.4	67.5	1 3 4 6	1.03020	30 39 02	345 33 30	67.5	49.5	200	68.0	5	West side of the Cape of Good Hope
										60.8	50			
										66.1	25.0			
		20					20 33 8	359 6 47	73.5	60.8	61.3	71.8		
		22					19 18 6	1 25 11	73.0	62.8	65.5	72.1		
		23					17 55 22	3 8 15	73.7	58.1	54.5	75.0
		24					16 14 43	5 7 29	74.3	62.8	46.0	72.5
		26					14 12 8	7 55 49	75.6	62.0	56.5	74.0
		27					12 30 52	9 58 4	77.2	59.8	61.33	78.3
		28					11 11 38	11 21 10	78.5	65.5	72.0	80.3
		29					9 39 38	12 46 6	79.4	60.1	70.0	80.7
		30					8 15 54	14 3 0	80.3	64.0	61.3	80.3
	5	1					6 35 32	15 34 0	81.5	59.0	56.5	81.7
		2					5 8 8	17 14 2	81.6	57.6	63.0	82.0
		3					3 42 16	18 41 00	82.6	56.0	72.5	83.5
		4					2 17 58	19 50 40	83.0	57.1	80.0	82.5
		5					0 53 42	20 28 10	83.0	57.3	80.0	83.0
		6					0 7 58 N	20 26 17	83.3	59.1	56.5	84.1
							0 36 28	20 39 49	83.3	58.0	69.25	
		8					1 58 7	21 6 8	82.6	57.5	77.75	74.0
		9					2 32 48	21 13 6	84.3	58.5	80.0	81.8
		10					3 5 47	21 24 0	84.5	58.9	80.0	84.4
		11					3 30 11	21 53 35	83.0	59.0	77.25	79.3
		12					4 16 7	22 42 48	82.5	59.2	80	77.1
		13					4 33 27	24 11 23	82.6	57.9	78.5	81.9
		14					5 29 46	26 9 34	82.9	56.5	79.75	83.9
		15					6 0 54	27 34 28	81.9	55.9	69	81.8
		16					7 13 52	28 32 30	81.5	58.0	61.33	82.3
		17					9 27 17	29 7 00	79.2	58.4	72	80.0
		18					11 35 2	30 56 27	78.8	59.4	65.5	79.8
		19					13 24 36	32 2 41	76.5	58.1	65.5	77.7
		20					15 51 5	32 56 8	76.5	65.5	64	77.8
		21					8 1 53	34 24 34	78.8	68.6	72	77.7
		22					19 59 59	35 10 10	76.2	68.5	78.5	76.9
		23					21 40 20	36 14 49	75.8	68.8	61.33	76.7
		24					23 6 7	36 51 0	76.9	69.6	78.5	77.0
		25					25 23 31	37 0 0	76.0	68.9	72.5	76.0
		26					27 38 48	37 10 0	74.5	65.7	74.75	75.0
		27					30 3 49	37 24 0	73.0	66.5	61.33	75.5
		28					32 36 58	36 35 14	72.0	67.1	65.5	72.7
		29					34 34 31	35 55 36	69.2	62	75.25	69.3
		30					35 41 48	35 12 34	74.5	62.3	74.25	69.9
		31					37 9 11	34 31 34	68.7	62.2	63	73.0
	6	1					38 9 11	33 8 12	68.9	61.5	74.25	68.7
		2					39 15 43	31 3 0	67.5	60.1	72	65.0
		3					40 30 9	29 47 50	66.7			63.0
		4					41 43 28	27 23 20	64.1	56.6	73.75	64.0
		5					43 35 59	24 9 56	63.5			64.0
		6					45 57 1	21 23 00	60.6	54.7	59.5	65.0
		7					47 18 27	20 30 21	60.0	54.5	67	60.7
		8					47 32 44	20 24 47	60.3	54.7	77	61.3
		9					48 1 48	19 42 49	62.5	54.2	75.25	60.4
		10					48 1 32	17 56 57	62.0	54.2	78.75	62.3
		11					48 8 10	15 33 6	62.5	52.3	80	63.5
		12					48 22 31	13 45 48	63.8	51.1	71.5	69.9
		13					48 42 9	10 50 54	59.5	52.1	82	68.0
