	ABSTRACT OF THE METEOROLOGICAL JOURNAL KEPT															
	"ON BOARD HIS MAJESTY'S SHIP, HECLA, FROM"															
	JUNE 1824 TO SEPTEMBER 1825															
									TEMP IN SHADE 							
YEAR	MONTH	DAY 	LAT (N)	LONG (W)	BAROMETER				REGISTERED EVERY 2 HOURS			SEA WATER				
			1200	1200	300	900	1500	2100	MAX	MIN	MEAN	300	900	1500	2100	
1824	6	1	59 28 17	9 30 39		29.978	30.156	30.283	56.0	50.0	52.7	49.0	50.0	49.5	49.0	
1824	6	2	59 59 30	12 03 58	30.266	30.127	30.041	30.012	55.0	50.0	51.8	49.0	49.0	49.0	48.5	
1824	6	3	60 08 49	13 47 35	29.995	30.040	29.968	30.033	54.0	49.0	52.4	48.5	48.5	50.0	48.5	
1824	6	4	60 29 31	16 13 59	30.018	30.159	30.246	30.320	56.0	52.0	53.8	46.0	48.0	48.0	48.0	
1824	6	5	60 47 31	18 15 06	30.404	30.433	30.438	30.377	57.0	51.0	53.2	48.0	48.0	48.0	48.0	
1824	6	6	60 22 36	20 21 01	30.303	30.243	30.157	30.093	58.0	51.5	52.9	48.0	49.0	49.0	49.0	
1824	6	7	60 05 31	22 36 23	30.031	30.055	30.029	30.036	60.0	51.0	54.2	49.0	49.0	52.0	50.0	
1824	6	8	59 49 51	24 08 44	30.031	30.047	30.078	30.147	53.0	50.0	51.8	49.0	49.0	49.0	49.0	
1824	6	9	59 30 20	25 33 53	30.123	30.184	30.171	30.177	56.0	51.0	53.5	49.0	50.0	51.0	50.5	
1824	6	10	58 54 55	28 21 01	30.132	30.140	30.120	30.102	53.0	51.0	51.7	49.0	49.0	48.0	48.0
1824	6	11	58 15 28	32 41 07	30.028	29.977	29.870	29.797	52.0	48.0	50.0	48.5	47.0	46.0	45.0
1824	6	12	58 00 27	37 31 58	29.728	29.707	29.747	29.781	51.0	45.5	47.8	45.0	44.0	43.0	43.5
1824	6	13	58 13 52	42 21 07	29.774	29.837	29.855	29.897	46.0	43.0	43.8	40.0	40.5	41.0	40.0
1824	6	14	58 40 13	45 04 40	29.885	29.857	29.749	29.645	43.0	41.0	42.0	39.0	39.0	38.0	38.0
1824	6	15	59 28 00	50 58 33	29.547	29.582	29.564	29.640	43.0	40.0	41.6	38.5	38.5	38.0	37.0
1824	6	16	60 43 15	54 51 27	29.710	29.735	29.693	29.602	40.0	34.0	37.4	36.5	36.0	36.0	35.0
1824	6	17	60 43 05	56 59 36	29.529	29.482	29.449	29.410	39.0	34.0	36.2	35.0	34.0	35.5	35.5
1824	6	18	61 03 27	56 04 00	29.451	29.536	29.645	29.758	40.5	34.5	36.9	34.5	35.0	34.5	34.5
1824	6	19	61 35 17	55 41 18	29.804	29.828	29.834	29.822	42.0	35.0	38.2	35.0	36.0	36.0	36.0
1824	6	20	63 58 29	56 33 18	29.772	29.700	29.585	29.587	40.0	35.0	37.2	34.5	35.0	32.5	33.0
1824	6	21	66 29 30	57 09 09	29.547	29.582	29.680	29.775	35.5	33.0	34.0	30.5	31.5		30.5
1824	6	22	68 27 08	53 58 21	29.858	29.911	29.865	29.790	38.0	33.0	35.2	30.0	32.0	33.0	34.0
1824	6	23	68 57 00	54 38 22		29.759	29.924	29.968	36.5	34.0	35.3		32.0	32.5	33.0
1824	6	24	69 08 35	54 10 21	29.946	30.018	30.090	30.066	41.0	32.0	34.6	32.0	33.0	33.0	33.0
1824	6	25	69 09 25	54 05 20	30.036	30.018	29.961	29.917	43.0	31.0	35.2	33.0	35.0	35.0	34.0
1824	6	26	68 50 07	53 13 06	29.863	29.851	29.886	29.925	40.0	36.0	37.7	35.0		33.5	33.0	
1824	6	27	68 50 07	53 13 06	29.926			29.879	44.0	37.0	41.3	32.0			33.0	
1824	6	28	68 50 07	53 13 06	29.870		29.875	29.887	56.0	44.0	48.1	34.0	34.0	34.0	33.0	
1824	6	29	68 50 07	53 13 06	29.938	29.971	29.990	29.964	50.0	38.5	44.1	33.0	33.0	34.0	34.0	
1824	6	30	68 50 07	53 13 06	29.931	29.906	29.877	29.845	48.5	41.0	45.4	33.0	33.5	34.0	34.0	
	MEAN				29.909	29.915	29.915	29.918	60.0	31.0	44.3	40.1	40.6	40.8	39.9	
					29.909	29.917	29.915	29.918	47.6	41.9	44.3	40.1	40.7	40.8	39.9	
1824	7	1	68 50 07	53 13 06	29.869	29.937	29.937	29.975	44.0	36.0	40.3	33.0	34.0	34.0	34.0	
1824	7	2	68 50 07	53 13 06	29.950	29.960	29.905	29.906	53.0	38.5	44.7	34.0	37.0	36.0	35.0	
1824	7	3	68 50 07	53 13 06	29.893	29.926	29.927	29.937	52.0	40.0	46.3	38.5	40.0	42.0	42.0	
1824	7	4	68 50 07	53 13 06	29.936	29.981	29.960	29.885	46.0	37.0	42.4	40.5	38.5	39.0	44.0	
1824	7	5	69 06 45	53 50 30	29.873	29.827	29.774	29.839	49.0	41.0	45.0	41.0	47.0	46.0	43.0	
1824	7	6	69 10 15	54 30 00	29.748	29.822	29.851	29.864	46.5	37.0	41.6	38.5	38.5	36.0	35.5	
1824	7	7	69 17 39	54 42 00	29.849	29.854	29.870	29.910	44.5	32.0	36.7	35.0	41.0	35.0	35.0	
1824	7	8	69 10 17	56 33 46	29.955	29.991	30.001	29.975	39.0	31.0	35.6	35.0	36.0	38.5	35.0	
1824	7	9	69 41 36	56 46 26	29.903	29.833	29.760	29.744	39.5	34.5	37.0	38.5	35.0	37.0	32.5	
1824	7	10	69 54 55	58 37 15	29.724	29.862	29.826	29.894	35.5	31.0	33.2	31.0	29.0	31.0	30.0
1824	7	11	70 14 39	58 57 57	29.918	29.957	29.949	29.905	37.5	31.5	34.1	29.5	31.0	31.0	32.0
1824	7	12	70 48 37	58 52 34	29.848	29.804	29.792	29.819	37.0	31.0	34.9	29.0	31.5	32.0	33.0
1824	7	13	70 59 59	58 30 37	29.819	29.879	29.944	29.990	38.0	32.0	35.1	34.0	34.0	34.0	32.0
1824	7	14	71 15 25	59 22 10	30.006	29.996	29.971	29.950	38.0	33.0	36.1	31.0	29.5	33.0	31.5
1824	7	15	71 13 31	59 28 16	29.892	29.884	29.931	29.973	38.0	32.0	35.3	30.5	30.0	30.0	30.0
1824	7	16	71 11 22	59 47 07	30.028	30.108	30.146	30.133	38.0	33.0	35.5	29.0	29.0	29.0	30.0
1824	7	17	71 03 06	59 58 43	30.054	29.954	29.842	29.745	36.0	32.0	33.8	30.5	30.0	31.5	30.5
1824	7	18	70 55 47	60 10 31	29.710	29.747	29.794	29.866	34.5	30.0	32.5	30.0	31.5	32.0	32.0
1824	7	19	70 57 00	60 15 46	29.869	29.870	29.802	29.736	35.0	32.0	33.3	31.0	30.5	31.0	31.0
1824	7	20	70 56 50	60 39 37	29.658	29.651	29.655	29.690	35.5	29.0	32.6	31.0	31.0	34.0	33.0
1824	7	21	71 01 34	60 36 33	29.687	29.679	29.688	29.696	35.0	26.5	32.3	32.0	31.5		31.0
1824	7	22	70 57 51	60 44 14	29.677	29.721	29.788	29.823	33.0	26.5	30.8	32.0	30.5	31.5	31.5
1824	7	23	70 56 51	60 49 51	29.846	29.884	29.889	29.877	38.0	29.0	33.9	29.5	31.5	31.5	31.5
1824	7	24	70 57 32	60 55 50	29.838	29.810	29.789	29.773	34.0	29.5	32.4	30.5	32.0	32.0	33.0
1824	7	25	70 56 01	60 58 20	29.721	29.687	29.640	29.626	36.0	29.0	32.7	31.0	31.0	32.0	33.0
1824	7	26	70 54 11	61 04 31	29.620	29.650	29.723	29.745	36.0	33.0	34.9	32.0	32.0	32.0	32.5	
1824	7	27	70 57 05	61 08 26	29.698	29.573	29.531	29.558	34.5	33.0	33.6	33.0	32.5	30.0	30.0	
1824	7	28	71 00 00	61 42 46	29.509	29.471	29.433	29.424	34.0	33.0	33.4	31.0	30.0	31.0	30.0	
1824	7	29	71 02 00	61 43 46	29.438	29.452	29.546	29.609	34.0	30.0	32.5	31.0	30.5	30.0	32.0	
1824	7	30	71 05 28	62 09 08	29.571	29.531	29.404	29.301	36.5	29.5	33.9	29.5	31.5	32.0	32.0	
1824	7	31	71 07 58	62 08 46	29.267	29.310	29.359	29.443	35.5	33.0	34.4	30.0	32.0	31.0	30.0	
	MEAN				29.786	29.794	29.789	29.794	33.0	26.5	35.8	32.6	33.2	33.5	33.2	
					29.786	29.794	29.788	29.794	38.8	32.4	35.8	32.6	33.2	33.5	33.1	
1824	8	1	 71 20 08	61 59 45	29.520	29.544	29.619	29.600	35.5	32.0	33.9	30.0	30.0	30.5	30.5	
1824	8	2	71 21 12	62 06 27	29.386	29.315	29.352	29.458	36.5	32.0	34.5	30.0	30.5	30.5	30.0	
1824	8	3	71 21 10	62 05 45	29.518	29.585	29.648	29.647	32.5	29.0	31.4	29.5	30.0	30.0	29.0	
1824	8	4	71 31 19	61 55 07	29.639	29.569	29.479	29.449	35.0	29.0	32.3	29.0	30.0	30.5	30.5	
1824	8	5	71 27 15	61 58 45	29.432	29.473	29.602	29.631	34.0	30.5	32.8	30.5	30.0	30.0	30.5	
1824	8	6	71 30 00	61 59 46	29.632	29.650	29.666	29.707	34.0	33.0	33.5	31.0	30.5	32.0	32.0	
1824	8	7	71 35 30	61 59 55	29.784	29.902	29.978	30.040	34.0	25.0	31.5	29.0	28.5	30.0	30.0	
1824	8	8	71 33 27	61 57 30	30.065	30.062	30.011	29.938	31.0	23.5	28.8	28.0	29.0	28.5	30.0	
1824	8	9	71 42 33	62 01 45	29.868	29.782	29.702	29.642	36.0	31.0	33.2	29.0	30.0	31.0	30.0
1824	8	10	71 45 00	61 45 43	29.668	29.713	29.737	29.731	33.5	33.0	33.2	30.0	30.0	29.5	29.5
1824	8	11	71 53 30	61 47 50	29.704	29.706	29.857	29.991	34.0	28.5	31.6	30.0	30.0	28.5	28.5
1824	8	12	72 02 06	61 50 27	29.960	29.951	29.908	29.847	35.0	26.0	31.0	28.0	28.5	29.0	29.0
1824	8	13	72 21 16	61 05 07	29.716	29.575	29.520	29.500	34.0	29.0	30.9	29.0	29.0	29.0	28.5
1824	8	14	72 25 23	61 13 00	29.493	29.511	29.542	29.551	35.0	29.5	31.9	28.5	30.0	31.0	31.0
1824	8	15	72 26 17	61 17 00	29.561	29.549	29.516	29.570	35.5	26.0	31.3	29.0	29.5	29.0	29.0
1824	8	16	72 28 01	61 26 30	29.664	29.738	29.760	29.765	27.5	21.0	24.3	28.5	28.0	29.0	28.0
1824	8	17	72 26 11	61 29 48	29.725	29.679	29.621	29.532	25.0	20.0	22.5	28.0	28.0	28.0	28.0
1824	8	18	72 24 06	61 32 25	29.454	29.414	29.386	29.463	27.5	20.0	24.1	28.0	28.0	28.0	28.0
1824	8	19	72 34 06	61 54 40	29.550	29.668	29.772	29.849	35.0	27.0	31.8	28.0	28.0	29.0	28.5
1824	8	20	72 34 17	62 07 38	29.881	29.903	29.929	29.910	32.0	27.0	30.6	29.0	29.0	30.0	28.0
1824	8	21	72 28 30	62 11 58	29.838	29.741	29.682	29.609	32.0	24.0	26.4	28.0	28.0	28.0	28.0
1824	8	22	72 25 11	62 18 47	29.578	29.553	29.474	29.437	26.0	22.5	24.2	28.0	28.0	28.5	28.5
1824	8	23	72 22 50	62 11 31	29.443	29.508	29.564	29.624	30.0	18.0	25.1	28.0	28.0	28.0	28.0
1824	8	24	72 37 52	62 36 14		29.745	29.769	29.795	32.0	27.0	29.3	28.0	28.0	29.0	29.0
1824	8	25	72 50 46	63 09 09	29.801	29.821	29.828	29.840	31.0	19.0	27.2	28.0	29.0	28.0	28.0	
1824	8	26	72 53 48	63 13 13	29.830	29.820	29.772	29.760	31.0	16.0	22.6	28.0	28.0	28.0	28.0	
1824	8	27	72 58 00	63 19 30	29.749	29.759	29.765	29.751	31.0	19.0	27.3	28.0	28.0	28.5	28.0	
1824	8	28	73 05 00	63 19 30	29.677	29.610	29.534	29.421	34.0	30.0	32.8	28.0	29.0	28.5	29.0	
1824	8	29	73 15 12	63 40 10	29.336	29.309	29.371	29.417	34.0	31.0	32.8	29.0	28.5	28.5	28.0	
1824	8	30	73 24 17	64 00 00	29.445	29.515	29.512	29.367	32.0	31.0	31.9	29.0	28.5	29.0	29.0	
1824	8	31	73 43 59	64 43 43	29.361	29.364	29.463	29.463	30.0	25.0	27.1	28.0	28.0	28.0	28.0	
	MEAN				29.643	29.646	29.655	29.658	36.5	16.0	29.7	28.8	29.0	29.2	29.0	
					29.643	29.646	29.656	29.655	32.4	26.3	29.7	28.8	29.0	29.2	29.0	
1824	9	1	73 49 00	65 01 00	29.632	29.689	29.675	29.595	31.0	25.0	27.9	28.0	28.0	28.0	28.0	
1824	9	2	73 50 00	64 58 00	29.506	29.454	29.443	29.495	32.0	30.0	31.0	28.0	28.0	28.0	28.0	
1824	9	3	73 51 00	66 07 00	29.528	29.583	29.617	29.675	32.0	28.0	30.3	28.0	28.0	28.0	28.0	
1824	9	4	74 27 15	66 00 22	29.706	29.760	29.830	29.829	33.0	25.0	30.0	28.0	28.5	28.0	28.0	
1824	9	5	74 26 00	66 07 10	29.731	29.664	29.619	29.585	32.0	30.0	31.0	28.0	28.0	28.0	28.0	
1824	9	6	74 20 00	66 52 15	29.534	29.432	29.284	29.141	31.0	30.0	30.8	28.0	28.0	28.0	28.0	
1824	9	7	74 17 00	68 22 20	29.078	29.147	29.151	29.116	31.0	30.0	30.3	28.0	28.0	28.0	28.0	
1824	9	8	74 07 00	69 54 24	29.058	29.030	29.051	29.167	31.0	26.0	29.1	28.0	28.0	28.0	28.0
1824	9	9	74 15 02	73 24 40	29.247	29.313	29.341	29.353	32.0	27.0	29.6	28.0	30.0	32.0	30.0
1824	9	10	74 11 48	79 03 00	29.423	29.456	29.516	29.580	29.0	25.0	27.3	31.0	31.0	29.0	29.0
1824	9	11	74 24 00	81 50 36	29.591	29.669	29.723	29.828	26.0	20.0	23.5	29.0	29.0	28.0	28.0
1824	9	12	74 12 44	83 01 00	29.815	29.811	29.783	29.741	20.0	18.0	19.0	28.0	28.0	28.0	28.0
1824	9	13	73 58 30	85 48 00	29.659	29.622	29.574	29.562	20.0	19.0	19.8	28.0	28.0	28.0	28.0
1824	9	14	73 59 32	85 45 00	29.552	29.586	29.542	29.532	24.0	20.0	21.4	28.0	28.0	28.0	28.0
1824	9	15	73 58 00	85 11 18	29.516	29.533	29.554	29.600	23.0	21.0	21.7	28.0	28.0	28.0	28.0
1824	9	16	73 58 00	84 55 00	29.610	29.669	29.705	29.731	20.0	19.0	19.8	28.0	28.0	28.0	28.0
1824	9	17	73 57 00	83 57 30	29.753	29.768	29.746	29.744	24.0	19.0	22.1	28.0	28.0	28.0	28.0
1824	9	18	73 42 44	82 32 20	29.704	29.627	29.606	29.652	21.0	16.0	18.8	28.0	28.0	28.0	28.0
1824	9	19	73 42 44	82 32 20	29.710	29.771	29.858	29.903	25.0	19.0	22.3	28.0	28.0	28.0	28.0
1824	9	20	73 42 44	82 32 20	29.935	29.956	29.991	30.011	28.0	23.0	26.1	28.0	28.0	28.0	28.0
1824	9	21	73 42 44	82 32 20	30.002	29.988	29.987	29.956	31.0	24.0	27.0	28.0	28.0	28.0	28.0
1824	9	22	73 42 44	82 32 20	29.910	29.879	29.896	29.933	27.0	23.0	25.1	28.0	28.0	28.0	28.0
1824	9	23	73 50 30	81 10 15	29.944	29.940	29.965	29.976	28.0	24.0	26.2	28.0	28.0	28.0	28.0
1824	9	24	73 47 00	82 32 40	29.910	29.787	29.642	29.642	31.5	25.0	28.2	28.0	28.0	28.0	28.0	
1824	9	25	73 52 40	87 32 15	29.963	29.969	30.184	30.349	29.0	17.0	23.1	28.0	28.0	28.0	28.0	
1824	9	26	73 48 49	87 25 10	30.422	30.437	30.326	30.083	29.0	16.0	22.6	28.0	28.0	28.0	28.0	
1824	9	27	PORT	BOWEN	29.901	29.834	29.778	29.746	34.0	30.0	32.8	28.0	28.0	28.0	28.0	
1824	9	28			29.752	29.849	29.972	30.045	31.5	26.0	29.2	28.0	28.0	28.0	28.0	
1824	9	29			30.091	30.035	29.847	29.608	28.0	21.0	24.8	28.0	28.0	28.0	28.0	
1824	9	30			29.515	29.430	29.431	29.516	28.0	19.5	26.0	28.0	28.0	28.0	28.0	
	MEAN				29.690	29.688	29.688	29.690	34.0	16.0	25.9	28.1	28.2	28.2	28.1	
					29.690	29.690	29.688	29.690	28.1	23.2	25.9	28.1	28.2	28.2	28.1	
1824	10	1			29.548	29.534	29.497	29.448	18.0	13.5	16.9					
1824	10	2			29.417	29.399	29.383	29.409	18.0	13.0	15.5					
1824	10	3			29.483	29.444	29.459	29.491	15.0	5.0	10.0					
1824	10	4			29.509	29.472	29.491	29.495	25.0	13.0	21.3					
1824	10	5			29.493	29.499	29.495	29.465	27.0	25.0	26.2					
1824	10	6			29.396	29.399	29.438	29.644	31.5	18.0	26.0					
1824	10	7			29.733	29.606	29.461	29.442	26.0	9.5	20.0					
1824	10	8			29.624	29.787	30.005	30.105	21.0	13.0	14.9
1824	10	9			30.081	29.919	29.794	29.798	22.0	12.0	18.1
1824	10	10			29.933	30.083	30.174	30.211	18.5	13.0	15.6
1824	10	11			30.214	30.177	30.152	30.103	19.0	11.0	15.5
1824	10	12			29.920	29.827	29.915	30.073	19.0	11.0	14.7
1824	10	13			30.144	30.157	30.114	29.988	23.0	8.5	15.7
1824	10	14			29.933	29.906	29.899	29.887	29.0	18.5	21.8
1824	10	15			29.883	29.886	29.910	29.930	21.0	15.0	17.8
1824	10	16			29.955	30.009	30.052	30.051	25.0	20.0	21.5
1824	10	17			30.029	30.014	29.998	29.980	21.0	9.0	15.6
1824	10	18			29.970	30.006	30.088	30.240	18.0	7.5	13.4
1824	10	19			30.193	30.163	30.188	30.204	8.0	4.0	6.4
1824	10	20			30.227	30.205	30.187	30.166	4.0	0.0	1.8
1824	10	21			30.164	30.122	30.118	30.067	5.0	2.0	4.0
1824	10	22			30.061	30.045	30.094	30.122	4.0	-4.0	2.1
1824	10	23			30.161	30.203	30.241	30.261	5.0	-1.0	3.0
1824	10	24			30.268	30.263	30.265	30.273	7.5	4.0	5.9					
1824	10	25			30.292	30.306	30.327	30.321	10.0	3.0	6.2					
1824	10	26			30.354	30.358	30.362	30.380	8.5	3.0	5.2					
1824	10	27			30.372	30.381	30.391	30.367	3.0	-1.0	1.0					
1824	10	28			30.342	30.314	30.265	30.192	-3.0	-12.0	-7.9					
1824	10	29			30.101	30.020	29.993	30.011	1.0	-10.5	-4.5					
1824	10	30			30.051	30.070	30.085	30.095	-5.0	-11.0	-8.9					
1824	10	31			30.068	29.993	29.932	29.901	1.0	-8.0	-1.3					
	MEAN				29.964	29.954	29.960	29.972	31.5	-12.0	10.9					
					29.965	29.954	29.960	29.972	14.4	6.6	10.8	#DIV/0!	#DIV/0!	#DIV/0!	#DIV/0!	
