	ABSTRACT OF THE METEOROLOGICAL JOURNAL KEPT																						
	"ON BOARD HIS MAJESTY'S SHIP, HECLA, FROM"																						
	JUNE 1824 TO SEPTEMBER 1825																						
																	TEMP IN SHADE 			SEA WATER			
YEAR	MONTH	DAY 	LAT (N)	LONG (W)	BAROMETER												REGISTERED EVERY 2 HOURS			AT SURFACE			
			1200	1200	300	400	500	900	1000	1100	1500	1600	1700	2100	2200	2300	MAX	MIN	MEAN	MAX	MIN	MEAN	
1824	11	1	PORT	BOWEN	29.889	29.887		29.878	29.885		29.917	29.917		29.915	29.915		5.0	-4.0	-1.2				
1824	11	2			29.916	29.931		29.892	29.907		29.913	29.899		29.908	29.905		5.0	1.0	2.9				
1824	11	3			29.930	29.942		29.941	29.939		29.959	29.947		29.970	29.972		6.5	4.0	5.3				
1824	11	4			30.017	30.030		30.060	30.067		30.085	30.084		30.090	30.077		10.0	4.5	7.1				
1824	11	5			30.043	30.043		30.086	30.029		30.032	30.036		30.065	30.090		12.0	1.0	9.5				
1824	11	6			30.206	30.215		30.291	30.286		30.343	30.361		30.404	30.406		-1.0	-7.0	-3.5				
1824	11	7			30.420	30.446		30.424	30.429		30.467	30.470		30.486	30.486		-8.0	-18.0	-13.1				
1824	11	8			30.445	30.465		30.363	30.335		30.192	30.203		30.217	30.220		2.0	-17.0	-6.3				
1824	11	9			30.241	30.243		30.168	30.146		30.003	29.980		29.827	29.799		8.0	-1.0	4.6				
1824	11	10			29.690	29.690		29.662	29.636		29.611	29.600		29.585	29.531		10.0	2.0	5.6				
1824	11	11			29.521	29.522		29.511	29.524		29.580	29.585		29.715	29.744		4.0	-4.0	1.1				
1824	11	12			29.807	29.812		29.837	29.842		29.850	29.853		29.885	29.892		8.5	-13.0	-11.0				
1824	11	13			29.926	29.940		29.951	29.954		30.007	30.005		30.055	30.055		-9.0	-11.0	-9.8				
1824	11	14			30.120	30.115		30.142	30.120		30.079	30.080		29.921	29.856		5.0	-14.0	-6.3				
1824	11	15			29.725	29.700		29.680	29.663		29.638	29.631		29.626	29.624		8.0	2.0	5.1				
1824	11	16			29.645	29.654		29.657	29.671		29.700	29.740		29.711	29.716		-5.0	-17.5	-13.2				
1824	11	17			29.738	29.744		29.701	29.689		29.688	29.658		29.598	29.558		-8.5	-14.0	-11.3				
1824	11	18			29.533	29.534		29.510	29.505		29.535	29.521		29.504	29.448		-9.0	-18.5	-13.1				
1824	11	19			29.489	29.491		29.544	29.540		29.624	29.625		29.692	29.710		-14.0	-21.0	-18.0				
1824	11	20			29.796	29.819		29.880	29.886		29.966	29.966		29.972	29.978		-12.5	-23.0	-19.4				
1824	11	21			29.966	29.968		29.938	29.928		29.881	29.854		29.797	29.763		-3.5	-17	-12.0				
1824	11	22			29.713	29.686		29.640	29.622		29.653	29.666		29.716	29.707		-6.0	-18.0	-13.5				
1824	11	23			29.783	29.801		29.834	29.810		29.867	29.850		29.787	29.789		-2.0	-19.0	-13.1				
1824	11	24			29.750	29.753		29.796	29.805		29.868	29.869		29.907	29.908		1.0	-15.5	-6.8				
1824	11	25			29.925	29.953		30.018	30.028		30.094	30.108		30.128	30.132		-10.0	-23.5	-16.9				
1824	11	26			30.151	30.156		30.169	30.153		30.067	30.039		29.881	29.868		7.0	-26.0	-16.1				
1824	11	27			29.879	29.878		29.874	29.861		29.812	29.791		29.772	29.757		17.0	7.0	12.1				
1824	11	28			29.808	29.814		29.839	29.943		30.010	30.022		30.002	29.995		10.5	-8.0	1.9				
1824	11	29			29.936	29.927		29.856	29.852		29.827	29.815		29.801	29.794		6.0	-3.0	2.0				
1824	11	30			29.808	29.810		29.866	29.860		29.934	29.939		30.025	30.034		3.0	-8.0	-2.5				
	MEAN				29.894	29.899		29.899	29.897		29.907	29.904		29.897	29.891		17.0	-26.0	-5.0				
					29.894	29.899		29.900	29.897		29.907	29.904		29.899	29.891	#DIV/0!	1.3	-10.0	-5.0				
1824	12	1	PORT	BOWEN	30.095	30.097		30.141	30.137		30.182	30.175		30.165	30.168		-11.0	-20.5	-16.4				
1824	12	2			30.169	30.180		30.146	30.146		30.085	30.083		30.003	29.988		-16.0	-21.0	-18.4				
1824	12	3			29.910	29.901		29.793	29.759		29.655	29.642		29.537	29.509		-12.0	-16.0	-14.3				
1824	12	4			29.491	29.481		29.515	29.522		29.629	29.650		29.749	29.753		-16.0	-20.0	-18.2				
1824	12	5			29.814	29.825		29.986	29.942		30.008	30.009		30.044	30.038		-20.0	-24.0	-21.6				
1824	12	6			30.030	30.021		29.974	29.971		29.897	29.893		29.783	29.768		-11.5	-22.0	-18.2				
1824	12	7			29.722	29.718		29.681	29.669		29.660	29.630		29.591	29.583		-4.5	-12.5	-9.3				
1824	12	8			29.572	29.582		29.566	29.566		29.592	29.578		29.624	29.479		-10.0	-19.5	-13.8				
1824	12	9			29.698	29.731		29.822	29.822		29.826	29.811		29.769	29.760		-7.0	-21.0	-15.3				
1824	12	10			29.718	29.717		29.692	29.684		29.609	29.660		29.636	29.646		-9.5	-20.0	-15.6				
1824	12	11			29.663	29.667		29.636	29.640		29.674	29.687		29.813	29.811		-6.5	-14.0	-11.1				
1824	12	12			29.877	29.895		29.901	29.887		29.840	29.840		29.773	29.779		-5.0	-17.0	-10.6				
1824	12	13			29.853	29.853		29.958	29.979		30.067	30.066		30.129	30.135		-12.0	-23.0	-20.0				
1824	12	14			30.160	30.196		30.205	30.207		30.235	30.233		30.282	30.290		-23.0	-26.5	-25.3				
1824	12	15			30.332	30.339		30.395	30.395		30.421	30.414		30.400	30.395		-26.0	-34.5	-30.5				
1824	12	16			30.368	30.380		30.316	30.296		30.253	30.248		30.178	30.159		-30.0	-35.0	-33.2				
1824	12	17			30.089	30.087		30.039	30.025		30.024	30.030		29.978	29.968		-25.5	-31.0	-28.0				
1824	12	18			29.902	29.891		29.863	29.825		29.810	29.769		29.711	29.705		-18.5	-26.0	-22.1				
1824	12	19			29.665	29.660		29.575	29.587		29.534	29.528		29.493	29.491		-13.0	-17.5	-14.8				
1824	12	20			29.561	29.530		29.553	29.556		29.641	29.656		29.747	29.757		-14.0	-28.0	-19.5				
1824	12	21			29.827	29.833		29.818	29.832		29.853	29.856		29.917	29.916		-25.0	-33	-29.2				
1824	12	22			29.941	29.953		29.958	29.962		29.943	29.951		29.917	29.908		-25.0	-30.0	-26.7				
1824	12	23			29.909	29.904		29.909	29.908		29.910	29.908		29.917	29.916		-25.0	-33.0	-30.0				
1824	12	24			29.899	29.896		29.880	29.881		29.854	29.855		29.850	29.843		-11.0	-30.0	-17.8				
1824	12	25			29.861	29.851		29.911	29.909		29.948	29.977		30.012	30.016		-14.0	-26.0	-20.6				
1824	12	26			30.046	30.072		30.087	30.078		30.084	30.089		30.080	30.074		-22.5	-27.0	-25.7				
1824	12	27			30.063	30.062		29.978	29.975		29.907	29.889		29.834	29.800		-12.0	-22.0	-16.9				
1824	12	28			29.745	29.744		29.676	29.649		29.626	29.625		29.608	29.578		-8.0	-11.0	-9.2				
1824	12	29			29.568	29.594		29.620	29.638		29.723	29.738		29.819	29.777		-8.5	-16.5	-11.8				
1824	12	30			29.791	29.788		29.730	29.738		29.728	29.716		29.723	29.718		-9.5	-16.0	-12.3				
1824	12	31			29.711	29.730		29.735	29.736		29.730	29.749		29.785	29.780		-11.0	-22.0	-14.2				
	MEAN				29.873	29.877		29.873	29.869		29.869	29.870		29.866	29.855		-4.5	-35.0	-19.1				
					29.873	29.877		29.873	29.868		29.869	29.870		29.867	29.855	#DIV/0!	-14.9	-23.1	-19.0				
1825	1	1	PORT	BOWEN	29.825	29.823		29.854	29.861		29.889	29.893		29.924	29.928		-22.0	-27.0	-24.2				
1825	1	2			29.971	29.973		29.975	29.969		29.965	29.958		29.935	29.927		-25.0	-28.0	-26.6				
1825	1	3			29.917	29.931		29.924	29.915		29.920	29.919		29.903	29.900		-26.0	-32.0	-28.6				
1825	1	4			29.853	29.960		29.763	29.742		29.628	29.604		29.510	29.489		-27.0	-32.5	-29.6				
1825	1	5			29.455	29.446		29.428	29.419		29.458	29.449		29.458	29.450		-31.5	-36.0	-33.5				
1825	1	6			29.481	29.432		29.404	29.384		29.367	29.371		29.436	29.449		-27.0	-34.0	-31.9				
1825	1	7			29.507	29.542		29.598	29.596		29.634	29.636		29.641	29.605		-32.5	-35.0	-33.9				
1825	1	8			29.548	29.533		29.480	29.479		29.488	29.484		29.470	29.439		-21.5	-32.0	-25.5				
1825	1	9			29.400	29.385		29.469	29.481		29.581	29.614		29.755	29.784		-20.5	-24.5	-22.4				
1825	1	10			29.913	29.922		30.020	30.017		30.072	30.086		30.136	30.169		-25.5	-36.0	-31.5				
1825	1	11			30.222	30.237		30.282	30.274		30.250	30.253		30.222	30.190		-35.0	-38.0	-36.9				
1825	1	12			30.142	30.144		30.120	30.100		30.078	30.074		30.014	30.007		-37.5	-39.0	-38.1				
1825	1	13			29.914	29.917		29.798	29.796		29.705	29.680		29.576	29.569		-15.0	-38.0	-24.0				
1825	1	14			29.534	29.530		29.486	29.477		29.490	29.484		29.630	29.580		-15.0	-20.0	-18.1				
1825	1	15			29.618	29.638		29.694	29.704		29.786	29.803		29.830	29.824		-20.5	-28.0	-25.7				
1825	1	16			29.842	29.844		29.836	29.827		29.845	29.810		29.841	29.827		-27.0	-34.0	-29.6				
1825	1	17			29.806	29.808		29.760	29.738		29.725	29.719		29.698	29.691		-25.0	-33.0	-28.3				
1825	1	18			29.668	29.669		29.675	29.657		29.664	29.654		29.648	29.643		-20.0	-25.0	-21.9				
1825	1	19			29.674	29.660		29.676	29.707		29.722	29.725		29.744	29.739		-14.5	-19.5	-17.7				
1825	1	20			29.702	29.702		29.627	29.604		29.523	29.496		29.411	29.403		-20.0	-27.5	-24.2				
1825	1	21			29.341	29.340		29.330	29.321		29.328	29.337		29.335	29.335		-25.0	-31	-28.5				
1825	1	22			29.334	29.352		29.358	29.373		29.444	29.454		29.489	29.490		-23.0	-31.0	-27.6				
1825	1	23			29.575	29.576		29.620	29.648		29.711	29.722		29.757	29.769		-23.0	-32.5	-27.8				
1825	1	24			29.831	29.833		29.882	29.877		29.910	29.912		29.936	29.934		-34.0	-38.0	-36.2				
1825	1	25			29.942	29.930		29.918	29.908		29.891	29.882		29.862	29.854		-37.0	-42.5	-40.1				
1825	1	26			29.836	29.838		29.809	29.807		29.791	29.798		29.834	29.835		-23.5	-42.5	-38.0				
1825	1	27			29.852	29.859		29.864	29.854		29.938	29.921		29.937	29.934		-24.0	-29.0	-26.5				
1825	1	28			29.960	29.952		29.941	29.939		29.868	29.851		29.890	29.886		-22.0	-37.0	-30.4				
1825	1	29			29.905	29.902		29.898	29.896		29.912	29.911		29.943	29.962		-27.0	-31.0	-28.3				
1825	1	30			30.017	30.025		30.060	30.069		30.092	30.096		30.074	30.060		-25.0	-32.0	-26.4				
1825	1	31			30.035	30.029		29.948	29.939		29.936	29.932		29.940	29.940		-30.0	-34.0	-31.5				
	MEAN				29.761	29.766		29.758	29.754		29.761	29.760		29.768	29.762		-14.5	-42.5	-28.9				
					29.762	29.766		29.758	29.754		29.762	29.759		29.767	29.762	#DIV/0!	-25.2	-32.2	-28.8				
1825	2	1	PORT	BOWEN	29.952	29.956	29.954	29.941	29.938	29.931	29.952	29.945	29.950	29.963	29.956	29.968	-31.0	-36.0	-32.9				
1825	2	2			30.030	30.037	30.048	30.089	30.119	30.137	30.227	30.239	30.268	30.336	30.340	30.351	-35.0	-40.0	-38.3				
1825	2	3			30.393	30.426	30.409	30.460	30.440	30.451	30.452	30.468	30.432	30.441	30.441	30.439	-25.0	-39.5	-33.1				
1825	2	4			30.452	30.458	30.417	30.360	30.344	30.340	30.256	30.224	30.204	30.076	30.069	30.038	-18.0	-27.0	-22.8				
1825	2	5			29.932	29.900	29.882	29.792	29.760	29.754	29.681	29.674	29.645	29.595	29.567	29.563	-21.0	-25.0	-23.0				
1825	2	6			29.517	29.509	29.515	29.528	29.438	29.448	29.478	29.470	29.473	29.509	29.502	29.507	-13.0	-20.0	-15.8				
1825	2	7			29.533	29.535	29.530	29.562	29.577	29.591	29.635	29.648	29.662	29.725	29.732	29.733	-16.0	-29.0	-21.5				
1825	2	8			29.774	29.783	29.779	29.796	29.802	29.809	29.822	29.815	29.821	29.854	29.865	29.874	-28.0	-39.0	-33.5				
1825	2	9			29.926	29.945	29.940	29.973	29.964	29.983	30.045	30.039	30.057	30.116	30.111	30.118	-37.5	-39.0	-38.2				
1825	2	10			30.184	30.188	30.189	30.211	30.200	30.216	30.228	30.230	30.237	30.231	30.225	30.224	-31.0	-38.0	-36.0				
1825	2	11			30.239	30.246	30.245	30.244	30.247	30.251	30.259	30.260	30.256	30.230	30.231	30.23	-25.0	-34.0	-30.0				
1825	2	12			30.210	30.198	30.197	30.145	30.118	30.121	30.074	30.037	30.023	29.962	29.916	29.915	-8.0	-20.0	-12.5				
1825	2	13			29.874	29.850	29.829	29.759	29.718	29.708	29.660	29.644	29.633	29.606	29.594	29.587	-10.0	-22.5	-14.0				
1825	2	14			29.589	29.601	29.602	29.636	29.644	29.655	29.708	29.709	29.747	29.746	29.749	29.74	-22.0	-32.5	-25.8				
1825	2	15			29.758	29.760	29.756	29.757	29.755	29.752	29.756	29.771	29.786	29.790	29.792	29.797	-29.0	-34.0	-31.1				
1825	2	16			29.825	29.833	29.837	29.826	29.822	29.824	29.831	29.836	29.826	29.811	29.796	29.787	-22.0	-37.0	-32.5				
1825	2	17			29.734	29.717	29.710	29.659	29.643	29.630	29.618	29.597	29.597	29.586	29.580	29.586	-15.0	-23.0	-18.3				
1825	2	18			29.602	29.609	29.608	29.608	29.608	29.618	29.645	29.660	29.666	29.700	29.706	29.712	-26.0	-34.0	-29.0				
1825	2	19			29.728	29.747	29.737	29.743	29.753	29.756	29.752	29.759	29.765	29.799	29.797	29.787	-27.0	-40.0	-33.3				
1825	2	20			29.798	29.796	29.801	29.790	29.786	29.779	29.751	29.757	29.746	29.724	29.717	29.708	-37.0	-42	-39.4				
1825	2	21			29.692	29.692	29.688	29.688	29.685	29.691	29.727	29.734	29.750	29.770	29.760	29.753	-35.0	-45	-40.4				
1825	2	22			29.760	29.777	29.772	29.791	29.798	29.813	29.883	29.898	29.904	29.920	29.921	29.913	-29.0	-36.0	-31.9				
1825	2	23			29.910	29.896	29.895	29.891	29.833	29.811	29.768	29.760	29.761	29.647	29.738	29.731	-25.0	-28.0	-26.5				
1825	2	24			29.735	29.730	29.718	29.789	29.791	29.790	29.823	29.830	29.837	29.856	29.858	29.858	-25.0	-28.5	-26.7				
1825	2	25			29.930	29.941	29.951	29.996	30.006	30.014	30.004	30.085	30.095	30.105	30.115	30.1	-27.0	-32.0	-30.4				
1825	2	26			30.096	30.075	30.049	29.997	29.967	29.926	29.899	29.902	29.880	29.827	29.803	29.804	-8.5	-26.0	-17.2				
1825	2	27			29.856	29.856	29.852	29.853	29.849	29.867	29.861	29.869	29.877	29.888	29.896	29.894	-8.0	-13.0	-10.2				
1825	2	28			29.954	29.971	29.984	30.006	30.001	30.005	30.029	30.031	30.019	29.990	29.966	29.957	-9.0	-32.0	-20.9				
	MEAN				29.892	29.894	29.889	29.889	29.879	29.881	29.886	29.889	29.890	29.886	29.884	29.881	-8.0	-45.0	-27.4				
					29.892	29.894	29.889	29.889	29.879	29.881	29.887	29.889	29.890	29.886	29.884	29.881	-23.0	-31.9	-27.3				
1825	3	1	PORT	BOWEN	29.915	29.928	29.910	29.915	29.951	29.975	30.053	30.084	30.121	30.157	30.177	30.183	-22.0	-44.0	-31.5				
1825	3	2			30.289	30.310	30.323	30.378	30.373	30.378	30.397	30.398	30.393	30.363	30.358	30.351	-38.0	-47.5	-43.0				
1825	3	3			30.304	30.284	30.267	30.134	30.119	30.080	29.935	29.931	29.910	29.857	29.850	29.850	-23.0	-40.0	-29.3				
1825	3	4			29.861	29.877	29.865	29.895	29.891	29.894	29.932	29.932	29.925	29.903	29.895	29.886	-27.0	-35.0	-31.3				
1825	3	5			29.874	29.886	29.899	29.949	29.953	29.960	30.029	30.030	30.085	30.041	30.033	30.023	-26.0	-33.5	-29.3				
1825	3	6			29.980	29.984	29.964	29.921	29.909	29.918	30.049	30.078	30.115	30.229	30.239	30.249	-20.0	-39.0	-29.6				
1825	3	7			30.309	30.322	30.326	30.319	30.296	30.286	30.249	30.231	30.226	30.173	30.157	30.142	-32.0	-39.0	-35.3				
1825	3	8			30.108	30.109	30.095	30.098	30.098	30.080	30.103	30.102	30.106	30.124	30.127	30.129	-24.0	-33.0	-28.4				
1825	3	9			30.159	30.174	30.174	30.207	30.207	30.205	30.243	30.244	30.256	30.288	30.282	30.290	-24.0	-33.5	-27.9				
1825	3	10			30.324	30.322	30.329	30.352	30.346	30.358	30.401	30.406	30.409	30.444	30.441	30.439	-22.0	-36.5	-30.1				
1825	3	11			30.461	30.472	30.475	30.508	30.491	30.490	30.434	30.473	30.466	30.443	30.417	30.411	-25.0	-38.5	-34.0				
1825	3	12			30.375	30.354	30.336	30.263	30.242	30.224	30.151	30.135	30.109	30.077	30.055	30.038	-24.0	-37.0	-32.2				
1825	3	13			29.966	29.972	29.959	29.932	29.919	29.912	29.901	29.896	29.897	29.898	29.886	29.886	-24.0	-36.0	-30.5				
1825	3	14			29.889	29.882	29.892	29.865	29.861	29.848	29.852	29.851	29.860	29.885	29.836	29.905	-23.0	-38.0	-32.3				
1825	3	15			29.972	29.983	29.988	30.034	30.033	30.033	30.069	30.077	30.088	30.100	30.099	30.108	-18.0	-38.0	-27.6				
1825	3	16			30.139	30.151	30.150	30.189	30.138	30.141	30.096	30.083	30.081	30.039	30.033	30.020	-23.0	-28.0	-25.5				
1825	3	17			30.014	30.019	30.027	29.999	29.984	29.989	29.980	29.978	29.988	29.964	29.961	29.962	-21.0	-27.5	-24.4				
1825	3	18			29.964	29.966	29.960	29.983	29.977	29.967	29.967	29.969	29.970	29.933	29.919	29.900	-11.0	-29.5	-23.0				
1825	3	19			29.881	29.890	29.883	29.818	29.797	29.767	29.774	29.754	29.717	29.725	29.710	29.709	-15.5	-25.5	-21.5				
1825	3	20			29.696	29.708	29.710	29.709	29.708	29.728	29.708	29.711	29.703	29.658	29.635	29.624	-20.0	-27.0	-22.3				
1825	3	21			29.636	29.651	29.618	29.713	29.714	29.742	29.840	29.855	29.785	29.951	29.966	29.983	-20.0	-29.0	-22.3				
1825	3	22			30.055	30.076	30.076	30.146	30.160	30.177	30.236	30.258	30.264	30.308	30.315	30.319	-16.0	-37.5	-29.2				
1825	3	23			30.338	30.341	30.353	30.355	30.348	30.349	30.344	30.348	30.330	30.320	30.330	30.324	-20.0	-38.0	-30.5				
1825	3	24			30.343	30.351	30.355	30.390	30.382	30.385	30.386	30.378	30.380	30.391	30.394	30.374	-23.0	-40.0	-33.5				
1825	3	25			30.388	30.392	30.397	30.398	30.402	30.396	30.387	30.400	30.393	30.377	30.382	30.387	-26.0	-42.0	-33.5				
1825	3	26			30.388	30.381	30.380	30.365	30.351	30.358	30.334	30.322	30.323	30.295	30.292	30.231	-20.0	-29.0	-23.9				
1825	3	27			30.265	30.267	30.247	30.203	30.199	30.192	30.176	30.166	30.168	30.120	30.122	30.122	-9.0	-27.0	-18.0				
1825	3	28			30.122	30.185	30.125	30.132	30.126	30.128	30.104	30.105	30.090	30.079	30.077	30.056	-13.0	-32.0	-22.8				
1825	3	29			30.069	30.067	30.074	30.084	30.078	30.076	30.106	30.098	30.108	30.118	30.112	30.108	-18.0	-30.0	-23.4				
1825	3	30			30.115	30.114	30.119	30.105	30.094	30.082	30.066	30.042	30.035	30.025	30.025	30.031	-16.0	-32.0	-24.9				
1825	3	31			30.037	30.056	30.066	30.084	30.083	30.083	30.093	30.092	30.090	30.068	30.069	30.066	-21.0	-35.0	-28.7				
	MEAN				30.101	30.110	30.109	30.110	30.104	30.103	30.110	30.111	30.108	30.108	30.105	30.103	-9.0	-47.5	-28.4				
					30.104	30.112	30.108	30.111	30.104	30.103	30.110	30.111	30.109	30.108	30.103	30.100	-21.435	-35.156	-28.376				
1825	4	1	PORT	BOWEN	30.049	30.047	30.035	30.038	30.024	30.015	30.010	29.998	29.988	29.966	29.967	29.957	-20.0	-37.0	-29.6				
1825	4	2			29.941	29.943	29.938	29.907	29.901	29.889	29.881	29.879	29.875	29.853	29.842	29.838	-17.0	-36.0	-27.8				
1825	4	3			29.826	29.828	29.812	29.768	29.754	29.749	29.732	29.730	29.729	29.726	29.709	29.702	-11.0	-31.0	-23.1				
1825	4	4			29.710	29.728	29.726	29.732	29.728	29.731	29.768	29.771	29.776	29.812	29.814	29.820	-11.5	-34.0	-23.7				
1825	4	5			29.849	29.857	29.867	29.907	29.908	29.908	29.965	29.973	29.986	30.031	30.031	30.034	-17.5	-36.0	-28.5				
1825	4	6			30.068	30.085	30.087	30.085	30.098	30.090	30.104	30.104	30.096	30.081	30.072	30.062	-19.0	-36.0	-28.3				
1825	4	7			30.048	30.053	30.040	30.030	30.029	30.033	30.032	30.038	30.038	30.053	30.056	30.058	-12.0	-35.0	-25.0				
1825	4	8			30.101	30.117	30.127	30.174	30.166	30.177	30.209	30.215	30.223	30.243	30.243	30.245	-11.0	-29.0	-20.9				
1825	4	9			30.247	30.266	30.262	30.248	30.249	30.242	30.236	30.224	30.227	30.227	30.230	30.228	-9.5	-26.0	-16.8				
1825	4	10			30.240	30.241	30.244	30.245	30.243	30.244	30.227	30.216	30.215	30.168	30.132	30.119	-6.0	-19.0	-10.7				
1825	4	11			30.126	30.119	30.140	30.184	30.177	30.187	30.233	30.237	30.242	30.260	30.251	30.253	8.0	-5.0	2.5				
1825	4	12			30.223	30.216	30.214	30.185	30.165	30.151	30.101	30.088	30.081	30.071	30.065	30.060	19.0	5.0	12.3				
1825	4	13			30.030	30.029	30.016	30.027	30.014	30.030	30.043	30.054	30.066	30.068	30.060	30.055	4.5	-11.0	-1.4				
1825	4	14			30.082	30.095	30.101	30.106	30.100	30.111	30.152	30.150	30.157	30.159	30.154	30.150	-6.0	-14.0	-9.5				
1825	4	15			30.148	30.146	30.137	30.110	30.101	30.123	30.102	30.089	30.084	30.066	30.053	30.042	-5.0	-14.0	-10.4				
1825	4	16			30.055	30.062	30.051	30.064	30.066	30.063	30.096	30.106	30.107	30.126	30.122	30.120	11.0	-17.0	-1.8				
1825	4	17			30.128	30.142	30.135	30.141	30.133	30.126	30.130	30.138	30.157	30.166	30.151	30.161	11.0	-14.0	-2.9				
1825	4	18			30.197	30.198	30.195	30.198	30.199	30.194	30.190	30.180	30.187	30.155	30.143	30.140	9.0	-14.5	-2.7				
1825	4	19			30.130	30.141	30.131	30.088	30.074	30.063	30.040	30.028	30.025	30.009	29.999	29.982	4.0	-12.0	-1.7				
1825	4	20			29.986	29.991	29.984	30.002	30.003	30.014	30.041	30.058	30.060	30.115	30.112	30.117	13.0	-1.5	6.7				
1825	4	21			30.165	30.187	30.183	30.234	30.228	30.256	30.294	30.296	30.308	30.356	30.346	30.347	20.0	3.0	10.9				
1825	4	22			30.362	30.368	30.376	30.348	30.353	30.375	30.371	30.366	30.361	30.316	30.304	30.286	20.0	-2.0	8.1				
1825	4	23			30.218	30.209	30.190	30.075	30.040	30.004	29.972	29.964	29.958	29.943	29.913	29.907	11.0	2.0	6.9				
1825	4	24			29.885	29.887	29.882	29.879	29.867	29.876	29.876	29.873	29.881	29.886	29.879	29.887	7.0	1.5	3.2				
1825	4	25			29.896	29.896	29.900	29.910	29.914	29.921	29.937	29.934	29.939	29.951	29.945	29.950	14.0	1.5	6.9				
1825	4	26			29.958	29.968	29.976	29.995	29.994	29.998	30.030	30.035	30.041	30.069	30.065	30.079	9.0	-6.0	2.2				
1825	4	27			30.097	30.110	30.112	30.122	30.117	30.115	30.125	30.120	30.117	30.111	30.105	30.102	12.0	-9.0	3.5				
1825	4	28			30.102	30.101	30.090	30.077	30.076	30.077	30.079	30.066	30.067	30.062	30.053	30.054	11.0	-6.0	3.7				
1825	4	29			30.027	30.026	30.008	29.980	29.974	29.971	29.963	29.963	29.971	29.994	30.008	30.006	14.0	-9.0	1.0				
1825	4	30			30.028	30.035	30.050	30.100	30.097	30.096	30.161	30.156	30.174	30.179	30.178	30.187	7.0	-2.5	2.2				
	MEAN				30.064	30.070	30.067	30.065	30.059	30.061	30.070	30.068	30.071	30.074	30.067	30.065	20.0	-37.0	-6.5				
					30.064	30.070	30.067	30.065	30.060	30.061	30.070	30.068	30.071	30.074	30.067	30.065	2.548	-15.500	-6.495				
1825	5	1	PORT	BOWEN	30.207			30.220			30.205			30.145			11.0	-5.0	5.1				
1825	5	2			30.064			29.992			29.982			29.900			11.0	2.5	5.9				
1825	5	3			29.798			29.716			29.649			29.744			8.0	3.0	5.6				
1825	5	4			29.870			30.085			30.333			30.515			15.0	-3.0	4.8				
1825	5	5			30.624			30.675			30.683			30.653			11.0	-7.5	3.5				
1825	5	6			30.620			30.539			30.469			30.402			26.0	1.5	13.4				
1825	5	7			30.351			30.319			30.282			30.227			25.0	6.0	16.0				
1825	5	8			30.168			30.107			30.089			30.062			28.0	11.0	19.3				
1825	5	9			30.042			29.973			29.908			29.856			30.0	13.5	22.3				
1825	5	10			29.837			29.855			29.878			29.825			24.0	3.0	11.0				
1825	5	11			29.962			29.998			30.030			30.039			9.5	4.0	6.3				
1825	5	12			30.056			30.072			30.055			30.039			17.0	4.0	8.2				
1825	5	13			30.041			30.083			30.058			30.093			17.0	6.0	11.6				
1825	5	14			30.126			30.142			30.122			30.059			28.5	1.5	17.8				
1825	5	15			30.015			29.988			29.980			29.970			33.0	15.0	23.3				
1825	5	16			29.972			29.968			29.922			29.865			23.5	14.5	18.5				
1825	5	17			29.746			29.724			29.700			29.697			26.0	17.0	22.0				
1825	5	18			29.635			29.593			29.547			29.536			25.0	17.0	21.2				
1825	5	19			29.582			29.697			29.855			29.974			23.5	17.0	20.2				
1825	5	20			30.110			30.267			30.335			30.416			31.0	16.0	20.1				
1825	5	21			30.437			30.419			30.337			30.258			36.0	15.5	22.4				
1825	5	22			30.175			30.176			30.158			30.112			24.0	17.0	21.0				
1825	5	23			30.033			29.960			29.934			29.953			22.5	16.5	20.5				
1825	5	24			29.977			30.027			30.051			30.017			23.0	7.0	16.9				
1825	5	25			29.964			29.908			29.827			29.749			27.0	13.0	21.5				
1825	5	26			29.715			29.710			29.845			29.959			33.0	21.0	27.3				
1825	5	27			30.090			30.199			30.284			30.326			37.5	22.0	26.8				
1825	5	28			30.423			30.461			30.473			30.405			39.0	23.0	31.9				
1825	5	29			30.324			30.174			30.037			29.895			26.0	23.0	23.8				
1825	5	30			29.826			29.843			29.840			29.845			31.5	24.0	28.7				
1825	5	31			29.821			29.832			29.819			29.833			34.0	26.0	30.3				
	MEAN				30.052			30.054			30.053			30.044			39.0	-7.5	17.65				
					30.052			30.056			30.054			30.044			24.859	10.547	17.641				
1825	6	1	PORT	BOWEN	29.828			29.798			29.786			29.793			42.0	26.0	32.5				
1825	6	2			29.823			29.881			29.899			29.978			39.0	25.0	29.9				
1825	6	3			30.026			30.116			30.121			30.113			42.5	23.5	33.5				
1825	6	4			30.097			30.117			30.117			30.094			36.0	25.0	31.8				
1825	6	5			30.093			30.143			30.170			30.194			45.0	25.0	35.3				
1825	6	6			30.146			30.083			30.000			29.918			48.0	27.0	36.7				
1825	6	7			29.850			29.857			29.833			29.782			45.0	32.0	36.3				
1825	6	8			29.750			29.781			29.766			29.800			47.0	33.0	36.9				
1825	6	9			29.805			29.804			29.765			29.761			41.5	32.5	36.4				
1825	6	10			29.757			29.754			29.773			29.792			37.0	31.0	33.8				
1825	6	11			29.801			29.745			29.652			29.665			35.0	30.0	32.5				
1825	6	12			29.754			29.849			29.890			29.879			43.0	31.5	35.3				
1825	6	13			29.910			29.909			29.941			29.952			38.0	30.5	34.0				
1825	6	14			29.965			29.999			30.027			30.016			41.5	27.5	35.2				
1825	6	15			30.042			30.028			29.965			29.960			40.0	23.0	32.9				
1825	6	16			29.948			29.943			29.971			29.966			42.0	34.0	38.0				
1825	6	17			29.971			29.970			29.982			30.000			47.0	33.5	38.8				
1825	6	18			29.996			30.057			30.083			30.082			45.0	32.0	38.3				
1825	6	19			30.043			29.987			29.940			29.921			43.0	32.5	37.6				
1825	6	20			29.909			29.926			29.929			29.937			40.5	33.0	35.9				
1825	6	21			29.902			29.868			29.876			29.956			41.0	34.0	36.5				
1825	6	22			29.855			29.890			29.883			29.861			44.0	35.0	38.2				
1825	6	23			29.863			29.863			29.922			29.973			44.0	36.0	39.5				
1825	6	24			29.922			30.041			30.060			30.050			41.0	34.0	38.3				
1825	6	25			30.069			30.057			30.040			29.993			42.0	32.5	37.3				
1825	6	26			29.950			29.907			29.852			29.802			43.0	32.0	37.4				
1825	6	27			29.764			29.787			29.796			29.768			45.0	38.0	41.5				
1825	6	28			29.757			29.730			29.711			29.699			41.0	36.0	39.3				
1825	6	29			29.651			29.581			29.502			29.401			42.0	35.0	37.9				
1825	6	30			29.343			29.357			29.406			29.410			42.0	35.0	36.4				
	MEAN				29.889			29.894			29.889			29.884			47.0	28.0	36.120				
					29.886			29.894			29.889			29.884			42.258	31.065	36.119				
1825	7	1	PORT	BOWEN	29.397			29.386			29.387			29.392			42.0	34.0	37.6				
1825	7	2			29.364			29.358			29.470			29.611			41.5	34.0	37.0				
1825	7	3			29.644			29.683			29.707			29.717			43.0	33.0	37.8				
1825	7	4			29.707			29.710			29.720			29.738			37.0	34.0	34.9				
1825	7	5			29.754			29.776			29.799			29.821			38.0	32.0	35.3				
1825	7	6			29.850			29.836			29.857			29.852			40.5	34.0	36.3				
1825	7	7			29.849			29.851			29.849			29.839			43.0	32.0	37.7				
1825	7	8			29.881			29.907			29.913			29.916			41.0	33.0	35.6				
1825	7	9			29.754			29.805			29.798			29.788			41.0	34.0	36.5				
1825	7	10			29.882			29.880			29.890			29.889			41.0	33.0	37.9				
1825	7	11			29.906			29.922			29.939			29.928			41.0	35.0	38.1				
1825	7	12			29.930			29.877			29.915			29.901			41.0	37.0	40.1				
1825	7	13			29.834			29.851			29.846			29.840			47.5	37.0	41.2				
1825	7	14			29.854			29.874			29.887			29.876			40.5	32.0	37.1				
1825	7	15			29.868			29.851			29.847			29.819			41.0	33.0	36.1				
1825	7	16			29.781			29.776			29.782			29.785			41.0	36.0	38.4				
1825	7	17			29.791			29.823			29.833			29.842			45.0	36.0	40.5				
1825	7	18			29.841			29.850			29.848			29.843			41.0	32.0	37.6				
1825	7	19			29.868			29.875			29.910			29.955			37.0	32.0	33.9				
1825	7	20	73 17 20	89 18 20	29.936			29.959			29.934			29.894			37.0	32.5	35.0				
1825	7	21	73 18 30	89 10 15	29.880			29.863			29.949			29.825			39.0	30.0	35.5				
1825	7	22	73 47 30	89 18 00	29.822			29.782			29.763			29.668			42.0	33.5	37.8				
1825	7	23	73 40 30	88 15 30	29.600			29.682			29.744			29.691			50.0	36.0	41.6				
1825	7	24	73 48 10	90 09 00	29.915			29.778			29.723			29.732			40.5	35.0	36.8				
1825	7	25	73 27 15	90 47 35	29.906			29.947			29.976			29.977			39.0	33.0	36.0				
1825	7	26	73 08 40	91 15 30	29.989			29.946			29.876			29.844			39.0	32.5	36.2				
1825	7	27	73 06 15	91 19 52	29.822			29.810			29.867			29.928			49.0	34.0	39.4				
1825	7	28	72 51 51	91 40 19	30.000			30.058			30.081			30.084			44.0	34.0	39.5				
1825	7	29	72 52 35	91 38 45	30.074			30.076			30.067			29.999			46.0	32.5	39.2				
1825	7	30	72 51 40	91 42 00	29.895			29.720			29.689			29.661			38.5	32.5	34.3				
1825	7	31	72 51 40	91 42 00	29.719			29.747			29.688			29.596			40.5	31.0	35.4				
	MEAN				29.817			29.814			29.823			29.815			50.0	30.0	37.29				
					29.817			29.815			29.824			29.815			41.797	33.422	37.288				
1825	8	1	72 50 55	91 43 24	29.580			29.564			29.619			29.651			39.0	31.0	35.7	31.0	30.0	30.5	
1825	8	2	72 47 43	91 48 15	29.663			29.657			29.660			29.676			41.0	34.0	36.5	31.0	30.0	30.6	
1825	8	3	72 47 43	91 48 15	29.689			29.713			29.743			29.772			44.0	34.0	38.6	31.0	30.0	30.7	
1825	8	4	72 47 43	91 48 15	29.788			29.776			29.814			29.828			42.0	34.0	38.5	32.0	30.0	31.0	
1825	8	5	72 46 30	91 50 05	29.804			29.781			29.725			29.661			47.0	35.0	41.8	32.0	30.0	31.0	
1825	8	6	72 46 30	91 50 05	29.639			29.666			29.696			29.719			38.5	34.0	36.2	32.5	31.0	31.8	
1825	8	7	72 46 30	91 50 05	29.743			29.780			29.776			29.778			37.0	33.0	34.5	33.0	30.0	31.3	
1825	8	8	72 46 30	91 50 05	29.750			29.763			29.777			29.807			40.0	33.0	35.5	32.0	30.0	31.2	
1825	8	9	72 46 30	91 50 05	29.824			29.798			29.744			29.683			44.5	37.0	40.8	33.0	31.0	32.2	
1825	8	10	72 46 30	91 50 05	29.611			29.616			29.622			29.661			48.0	40.0	41.7	33.0	31.0	31.7	
1825	8	11	72 46 30	91 50 05	29.680			29.717			29.719			29.697			44.0	31.5	37.4	34.0	31.5	32.4	
1825	8	12	72 46 30	91 50 05	29.693			29.715			29.744			29.773			40.5	34.0	37.5	34.0	31.0	32.3	
1825	8	13	72 46 30	91 50 05	29.797			29.839			29.869			29.862			44.0	37.0	40.5	34.0	31.0	32.6	
1825	8	14	72 46 30	91 50 05	29.848			29.848			29.848			29.834			48.0	38.0	42.5	32.0	31.0	31.6	
1825	8	15	72 46 30	91 50 05	29.805			29.784			29.752			29.727			51.0	39.0	44.8	32.5	31.5	31.9	
1825	8	16	72 46 30	91 50 05	29.680			29.662			29.580			29.518			48.0	35.0	39.7	32.5	31.0	31.8	
1825	8	17	72 46 30	91 50 05	29.570			29.708			29.733			29.717			38.0	30.0	34.7	32.0	31.0	31.5	
1825	8	18	72 46 30	91 50 05	29.624			29.569			29.564			29.604			36.5	28.0	32.6	32.0	31.0	31.4	
1825	8	19	72 46 30	91 50 05	29.622			29.595			29.621			29.614			36.0	30.0	33.0	32.0	31.0	31.2	
1825	8	20	72 46 30	91 50 05	29.612			29.575			29.527			29.478			36.0	30.5	33.0	31.5	31.0	31.2	
1825	8	21	72 46 30	91 50 05	29.483			29.431			29.412			29.387			36.0	31.0	33.0	32.0	31.0	31.3	
1825	8	22	72 45 19	91 24 15	29.381			29.394			29.432			29.453			35.0	30.0	31.9	32.0	30.5	31.3	
1825	8	23	72 37 00	91 52 00	29.486			29.535			29.555			29.582			38.0	31.5	32.3	33.0	31.5	32.2	
1825	8	24	72 34 57	91 38 00	29.663			29.684			29.698			29.679			34.0	32.0	33.0	33.0	32.0	32.3	
1825	8	25	72 35 00	91 19 30	29.764			29.831			29.886			29.900			33.0	29.0	31.8	33.0	31.0	31.8	
1825	8	26	72 55 13	91 09 20	29.900			29.904			29.908			29.928			42.0	29.0	33.4	32.5	30.0	31.0	
1825	8	27	73 10 30	89 13 00	29.883			29.787			29.718			29.668			34.0	28.0	33.5	32.0	31.0	31.4	
1825	8	28	73 09 08	89 01 20.8	29.643			29.630			29.650			29.641			36.0	32.0	33.9	32.0	31.0	31.8	
1825	8	29	73 09 08	89 01 20.8	29.655			29.676			29.710			29.735			34.0	32.0	32.6	33.0	30.0	31.2	
1825	8	30	73 09 08	89 01 20.8	29.735			29.738			29.712			29.697			29.0	25.0	27.5	29.0	28.5	28.8	
1825	8	31	73 10 15	89 09 40	29.614			29.527			29.429			29.335			34.0	29.0	30.8	31.0	29.0	29.8	
	MEAN				29.683			29.685			29.685			29.680			51.0	25.0	35.77	34.0	28.5	31.4	
					29.685			29.686			29.685			29.680			39.969	32.234	35.773	32.3	30.6	31.4	
1825	9	1	74 01 10	85 13 00	29.297			29.183			29.216			29.241			35.0	28.0	30.9	33.5	30.0	31.7	
1825	9	2	73 53 15	82 18 06	29.292			29.297			29.320			29.279			33.5	32.0	32.7	34.0	32.0	33.1	
1825	9	3	73 58 13	82 35 00	29.160			29.160			29.151			29.231			33.0	30.0	31.7	36.0	33.0	33.7	
1825	9	4	73 56 19	74 16 36	29.324			29.434			29.460			29.522			37.5	33.0	34.9	38.0	34.0	35.7	
1825	9	5	73 40 03	71 13 38	29.597			29.623			29.631			29.629			39.5	35.0	37.5			38.0	
1825	9	6	72 56 03	65 31 31	29.615			29.633			29.750			29.851			35.0	33.5	34.6	34.5	34.0	34.2	
1825	9	7	72 27 56	60 49 08	29.905			29.928			29.946			29.973			34.0	32.5	33.3			31.5	
1825	9	8	71 58 13	60 55 45	29.959			29.971			29.987			30.034			33.5	32.0	33.5			33.0	
1825	9	9	71 36 44	60 05 28	30.023			29.999			29.953			29.849			35.0	32.5	33.5				
1825	9	10	70 25 32	60 09 10	29.758			29.628			29.568			29.555			38.0	36.0	36.1	38.0	34.0	35.8	
1825	9	11	70 45 20	58 24 58	29.591			29.759			29.796			29.821			39.0	37.0	38.0	38.5	38.0	38.2	
1825	9	12	70 01 38	58 34 10	29.784			29.625			29.473			29.463			40.0	37.0	38.4	38.0	37.5	37.9	
1825	9	13	70 18 02	57 40 00	29.789			30.014			30.107			30.133			38.0	35.0	37.1	37.0	35.5	36.2	
1825	9	14	71 07 05	58 26 40	30.216			30.285			30.329			30.362			40.5	31.0	35.6	37.5	36.0	36.9	
1825	9	15	70 18 22	58 28 17	30.355			30.309			30.252			30.241			36.0	32.0	34.2	37.0	33.0	34.6	
1825	9	16	68 14 27	58 27 28	30.265			30.314			30.325			30.298			34.0	32.0	32.9	34.0	32.0	32.8	
1825	9	17	66 24 19	56 05 48	30.244			30.191			30.154			30.160			37.0	33.0	34.7	38.0	36.0	37.1	
1825	9	18	65 08 05	55 25 54	30.186			30.216			30.182			30.114			38.0	34.0	36.3	39.0	37.5	38.1	
1825	9	19	63 59 51	55 11 05	30.059			30.060			30.038			30.068			41.0	37.5	39.0	42.0	38.0	40.3	
1825	9	20	62 59 52	56 58 15	30.060			30.119			30.120			30.149			43.0	40.5	41.3	43.0	41.5	42.1	
1825	9	21	61 49 46	56 03 48	30.071			30.051			30.032			30.026			41.5	38.0	39.3	43.0	42.0	42.5	
1825	9	22	60 39 44	53 21 50	29.982			29.952			29.852			29.772			38.5	37.0	37.7	43.0	42.0	42.9	
1825	9	23	59 18 44	49 06 43	29.687			29.635			29.450			29.473			42.0	38.0	40.2	45.0	43.0	44.2	
1825	9	24	58 22 02	44 45 04	29.526			29.495			29.600			29.699			42.5	39.0	41.5	46.0	44.0	45.3	
1825	9	25	57 58 32	44 24 19	29.732			29.671			29.565			29.406			42.5	41.0	41.6	45.5	44.0	45.1	
1825	9	26	57 26 20	43 58 19	29.196			29.053			28.840			28.942			43.0	41.0	41.9	47.0	45.0	46.0	
1825	9	27	58 28 46	42 50 23	28.959			29.095			29.060			29.215			45.0	40.0	42.6	49.0	46.0	47.4	
1825	9	28	57 06 27	38 31 10	29.262			29.352			29.420			29.559			45.0	43.0	44.1	51.0	48.0	49.6	
1825	9	29	57 55 14	33 58 43	29.664			29.719			29.717			29.743			47.0	43.0	45.0	52.0	49.5	50.7	
1825	9	30	58 17 12	31 40 48	29.710			29.695			29.728			29.694			50.0	42.5	46.0	52.0	50.5	51.4	
	MEAN				29.742			29.749			29.734			29.750			52.0	28.0	37.54	52.0	30.0	39.5	
					29.742			29.749			29.734			29.750			39.661	35.613	37.535	41.611	38.741	39.517	
