	"VOYAGE DE DECOUVERTES AUX TERRES AUSTRALES, PENDANT LESS ANNEES 1800-1804"					
	"CAPITAINE DE VAISSEAU, N. BAUDIN"					

Pg. 475						

YEAR	MONTH	DAY	LAT	LONG	THER	BAR
						PARIS LINES
1800	10	19	49 30.38 N	2 24.28 W	10.0	28 8 3
		20	50 11.0	3 37.49	11.5	28 8 0
		21	49 57.37	4 45.10	9.0	28 7 0
		22	49 36	6 4.49	10.0	28 7 0
		23	48 9	8 4.9	13.0	28 7 0
		24	47 32	8 57.45	12.0	28 6 0
		25	46 57.54	11 25.49	14.0	28 4 0
		26	43 23.17	12 31.49	11.0	28 4 0
		27	42 40	14 5.49	12.4	28 6 0
		28	39 47.19	13 43.49	13.2	28 6 0
		29	36 15.8	14 10.49	16.0	28 8 0
		30	33 20.15	14 14.49	15.5	28 2 0
		31	31 2	15 15.49	18.0	28 4 0
	11	1	28 50	17 52.0	18.5	28 5 0
		2	28 28.37	18 35.39		
		13				
		14	26 1	20 7.8	17.8	28 5 0
		15	23 16	21 32.12	18.0	28 3 5
		16	20 1	22 30.35	19.2	28 3 0
		17	16 45	22 10.49	20.0	28 2 0
		18	14 20	21 56.2	21.0	28 2 0
		19	13 13	21 58.46	22.0	28 1 0
		20	10 15	20 44.30	22.3	28 1 0
		21	8 57	19 51.43	23.2	28 1 0
		22	8 7	19 35.57	23.0	28 1 0
		23	7 40	19 3.10	24.8	28 2 0
		24	7 42	19 3.24	24.0	28 1 5
		25	7 39	18 55.38	24.0	28 2 5
		26	7 7	18 38.51	22.0	28 2 0
		27	6 58	18 38.5	23.8	28 2 0
		28	6 49	18 25.18	22.5	28 3 0
		29	6 41	18 26.52	24.8	28 2 0
		30	6 38	18 24.46	22.7	28 2 5
	12	1	5 27	18 32.39	22.0	28 2 5
		2	4 29	18 43.13	23.2	28 2 0
		3	3 44	19 30.28	22.0	28 2 0
		4	3 16	19 42.50	22.0	28 2 5
		5	2 50	19 32.4	21.8	28 2 0
		6	2 29	20 9.17	22.5	28 2 3
		7	2 8	20 10.21	20.6	28 2 5
		8	2 13	22 10.35	22.7	28 2 0
		9	2 24	21 27.48	21.5	28 1 3
		10	1 22	20 2.3	21.5	28 2 0
		11	1 20	23 27.15	22.0	28 2 0
		12	0 19 S	23 40.29	22.2	28 2 5
		13	1 9	25 24.50	22.3	28 2 5
		14	2 9	26 21.56	22.3	28 2 0
		15	2 58	27 11.10	22.2	28 2 5
		16	3 52	28 22.23	22.0	28 2 5
		17	4 55	28 59.7	22.0	28 3 0
		18	6 33	29 26.51	21.2	28 2 0
		19	8 1	29 46.4	21.8	28 3 0
		20	9 36.25	29 45.51	21.8	28 2 0
		21	11 11	30 3.32	21.0	28 2 0
		22	3 45	29 51.45	22.5	28 5 0
		23	14 13.41	29 32.59	22.5	28 3 0
		24	15 43	29 33.12	25.0	28 3 0
		25	17 23	28 16.26	25.1	28 3 0
		26	17 2.14	26 47.40	25.0	28 4 0
		27	20 3	26 0.53	25.4	28 3 0
		28	21 13	25 30.7	25.1	28 2 0
		29	22 5	25 23.21	25.0	28 4 0
		30	23 19	25 19.34	21.5	28 3 0
		31	24 0	25 35.48	25.1	28 3 0
1801	1	1	24 58	25 29.1	25.0	28 3 0
		2	24 56	24 57.15	22.5	28 2 0
		3	25 19	24 26.29	20.7	28 4 0
		4	26 6	24 19.42	23.5	28 3 0
		5	26 37	23 39.56	20.5	28 2 0
		6	26 6	22 0.9	22.5	28 3 0
		7	25 47	21 12.23	20.0	28 4 0
		8	27 1	21 18.55	24.1	28 5 0
		9	28 30.50	20 35.50	25.0	28 5 0
		10	29 47	19 50.4	26.5	28 5 0
		11	31 0	18 49.18	22.5	28 5 0
		12	31 43	16 41.31	22.0	28 6 0
		13	32 19.32	15 4.45	20.2	28 4 0
		14	33 1.17	13 12.58	21.5	28 5 0
		15	33 4.35	10 15.18	21.5	28 4 0
		16	33 12	7 53.25	17.5	28 3 0
		17	33 0	4 52.39	16.1	28 2 0
		18	32 43	3 34.53	15.8	28 5 0
		19	31 38	1 6.6	16.8	28 8 0
		20	33 9	1 42.20	18.1	28 6 0
		21	34 31	2 0.34	20.1	28 6 0
		22	35 40.6	2 0.17	22.5	28 5 0
		23	36 13	1 46.1	15.1	28 3 0
		24	35 42	2 18.46 E	13.8	28 5 0
		25	35 8.27	3 49.36	14.8	28 5 0
		26	34 43.28	5 17.18	15.5	28 3 0
		27	34 28.51	6 3.5	15.5	28 5 0
		28	34 21	6 25.51	18.1	28 6 0
		29	34 6.11	7 9.28	17.4	28 6 0
		30	34 29.15	8 8.24	15.9	28 4 0
		31	34 54.21	11 4.49	16.1	28 2 0
	2	1	33 57.14	12 59.57	18.0	28 3 0
		2	34 2	14 21.43	22.0	28 1 0
		3	35 2	17 3.29	14.5	28 1 0
		4	35 12	18 47.16	14.8	28 2 0
		5	36 49	21 33.2	16.1	28 2 0
		6	36 59	26 28.49	16.5	28 6 0
		7	34 58	26 49.35	16.8	28 4 0
		8	35 24	28 7.21	23.1	28 3 0
		9	36 11	29 3.8	21.9	28 2 0
		10	36 45	31 57.54	19.3	28 2 0
		11	36 45	33 52.30	22.5	28 2 0
		12	36 12	35 31.27	23.0	28 3 0
		13	35 41	37 21.13	24.0	28 4 0
		14	36 20	38 1.0	22.0	28 5 0
		15	35 52	38 35.46	22.0	28 5 0
		16	34 49.26	38 11.23	19.3	28 5 0
		17	33 28.28	38 19.9	21.5	28 3 0
		18	32 48.29	38 36.55	27.1	28 4 0
		19	33 17.16	38 41.42	21.2	28 3 0
		20	33 0.51	39 15.28	27.7	28 3 0
		21	33 36.12	40 51.45	20.5	28 5 0
		22	33 15	42 20.11	19.1	28 3 0
		23	31 50.54	43 9.36	19.1	28 3 0
		24	30 23.44	44 23.12	21.0	28 4 0
		25	28 52.59	45 13.40	20.5	28 3 0
		26	28 34	45 47.6	25.1	28 3 0
		27	29 29.6	45 41.56	23.9	28 3 0
		28	30 12	46 46.49	24.0	28 2 0
	3	1	30 46	48 31.35	25.9	28 3 0
		2	31 25	50 33.22	24.5	28 3 0
		3	31 53	51 32.8	23.0	28 2 0
		4	31 33	52 48.55	15.5	27 6 0
		5	31 28	54 9.41	17.7	28 2 0
		6	30 28	55 24.27	19.0	28 3 0
		7	29 39.50	55 34.6	19.0	28 2 0
		8	28 42.17	55 49.42	21.5	28 3 0
		9	28 12.56	56 24.32	21.0	28 2 0
		10	25 20	58 5.33	21.5	28 5 0
		11	22 46.27	58 9.59	21.1	28 2 5
		12	21 27	58 31.6	21.4	28 2 0
		13	20 19.38	58 19.6	21.5	28 3 0
		14	19 53.2	56 41.29	21.6	28 1 5
		15	19 51.57	55 18.8	21.8	28 3 0
		16	20 9.7	55 7.37	22.7	28 2 0
	4	25	20 10.4	55 0.5	19.6	28 2 0
		26	21 19	57 24.46	19.0	28 4 0
		27	22 40.36	55 26.28	18.6	28 3 0
		28	23 56.50	55 36.34	18.8	28 4 5
		29	25 4.11	56 9.3	17.8	28 4 8
		30	25 50	55 43.37	18.2	28 4 0
	5	1	27 28.12	55 59.32	17.8	28 3 8
		2	28 35.46	57 58.22	17.7	28 3 2
		3	28 53.54	60 38.55	17.8	28 3 8
		4	29 12.21	62 29.49	16.4	28 4 3
		5	28 58.34	64 34.3	16.8	28 4 3
		6	28 37.22	65 28.10	16.6	28 5 6
		7	30 28.37	65 21.36	16.4	28 5 5
		8	31 37.37	66 12.31	16.0	28 4 0
		9	32 10	68 14.10	16.4	28 2 6
		10	32 46.30	70 57.10	16.4	27 9 6
		11	33 32.20	74 32.10	14.7	28 2 0
		12	33 40.6	77 23.21	11.0	28 4 3
		13	33 34.7	80 10.38	12.6	28 5 5
		14	33 34.58	81 52.51	12.2	28 3 5
		15	33 24.29	85 34.11	10.4	28 5 2
		16	32 51.26	87 9.22	10.6	28 5 0
		17	32 20.10	88 8.20	11.1	28 5 8
		18	33 55.50	91 5.5	12.4	28 5 6
		19	34 29.12	94 54.2	12.2	28 3 0
		20	35 4.30	98 59.22	11.5	28 2 6
		21	34 48.2	101 55.18	11.4	28 4 0
		22	34 38.43	103 40.41	14.6	28 4 8
		23	34 13.39	106 14.53	12.3	28 5 3
		24	33 42.40	108 20.4	13.7	28 5 0
		25	33 51.10	109 3.58	14.8	28 4 0
		26	33 49.58	110 21.2	15.2	28 3 4
		27	34 35.53	112 21.4	14.6	28 4 6
		28	34 45.5	112 26.45	14.8	28 5 8
		29	34 11.54	112 28.18	14.2	28 6 0
		30	33 22.32	112 48.29	13.8	28 5 7
		31	33 28.50	112 46	11.8	28 5 8
	6	1	33 19	112 51.24	11.8	28 5 7
		2	33 32	112 50	12.2	28 5 8
		3	33 16	112 49.23	11.8	28 6 0
		4	33 28	113 4.28	12.8	28 6 8
		5			13.8	28 6 3
		6			12.0	28 6 0
		7	33 32	113 4	11.7	28 3 6
		8			12.0	28 0 0
		9	33 25.20	112 47.43	12.8	27 10 5
		10	33 46.30	112 21.53	13.6	27 7 5
		11	34 5.20	112 26.3	14.4	27 9 8
		12	34 37.50	112 34.53	14.5	27 10 8
		13	34 26	112 36.53	13.5	28 2 5
		14	33 31	112 30	13.8	28 1 8
		15	32 36.50	113 0	13.6	28 1 5
		16	32 43.35	113 2.57	13.4	28 2 6
		17	32 42.44	112 53.44	13.6	28 0 5
		18	32 16.36	113 7.41	13.6	28 1 0
		19	31 38	112 17.35	12.8	28 3 0
		20	30 32.44	111 16.57	13.9	28 5 0
		21	29 48.42	111 9.25	13.4	28 5 0
		22	27 23.25	111 16.46	14.0	28 6 0
		23	26 1.41	110 32.45	15.0	28 4 0
		24	24 18.6	110 38	16.8	28 3 5
		25	23 58.52	110 47.54	16.0	28 3 0
		26	23 48.28	111 0.41	18.0	28 4 0
		27	24 38.1	110 59.37	18.5	28 3 7
		28	24 47.46	110 59.32	19.5	28 4 0
		29			18.5	28 4 0
		30	24 43.53	111 7.40	17.4	28 3 0
	7	1	24 59.47	111 12.9	18.0	28 3 5
		2	25 19.18	111 9.25	16.8	28 2 0
		3	25 30.12	111 4.36	15.1	28 1 6
		4	24 44.28	111 2.50	16.0	28 3 5
		5	24 49.50	111 1.53	14.3	28 3 0
		6	Bernier Isle		15.0	28 3 6
		7			15.5	28 4 0
		8			16.5	28 3 5
		9			13.8	28 3 8
		10			15.4	28 4 0
		11			14.8	28 4 0
		12	24 49.50	111 3.56	17.0	28 2 0
		13	24 33.11	110 55.50	15.3	28 0 0
		14	24 18.58	110 50.17	16.0	28 1 5
		15	22 17.6	110 44.38	18.0	28 2 5
		16	21 6.27	111 52.5	17.6	28 3 5
		17	21 4.50	112 24.17	17.0	28 3 0
		18	21 19.29	112 32.48	17.3	28 2 0
		19	21 32.30	112 18.35	18.1	28 2 0
		20	21 28.44	111 47.5	17.3	28 2 4
		21	21 28.28	111 52.31	15.0	28 4 0
		22	21 33.3	111 57.30	14.5	28 3 7
		23	20 6.40	112 50.39	16.8	28 3 4
		24	19 8.48	113 39.56	17.6	28 3 0
		25	19 14.7	114 7.36	17.8	28 2 8
		26	19 30.17	115 1.22	17.7	28 2 4
		27	20 20	115 16.22	19.0	28 3 0
		28	20 15.28	115 19.54	18.8	28 2 6
		29	20 0.33	115 57.54	17.7	28 2 0
		30	19 42.58	116 19.6	17.3	28 1 8
		31	19 14.27	117 12.43	17.4	28 2 5
	8	1	19 10.37	117 23.35	16.8	28 2 6
		2	18 44.18	118 10.19	17.8	28 3 0
		3	18 6.33	119 5.40	18.2	28 3 5
		4	17 28.26	119 25.48	18.2	28 3 0
		5	16 53.30	119 33.47	19.6	28 2 6
		6	16 1.27	119 50.40	22.2	28 2 3
		7	15 40.57	120 40.24	23.5	28 2 6
		8	15 17.27	120 50.43	22.6	28 1 4
		9	15 8.30	121 40.35	21.7	28 1 5
		10	15 0.3	121 58.13	24.4	28 1 8
		11	14 47.50	122 13.1	23.0	28 1 8
		12	14 16.58	122 36.5	23.1	28 1 5
		13	14 2	122 55.21	22.3	28 1 7
		14	13 52.16	123 21.25	23.0	28 1 7
		15	13 34.59	123 13.7	22.6	28 2 0
		16	13 25	123 18.7	23.4	28 2 3
		17	13 1.31	123 26.40	17.3	28 1 6
		18	12 20.34	123 41.47	19.2	28 2 2
		19	10 59.53	124 18.58	20.4	28 2 7
		20	10 21.53	122 7.14	20.0	28 1 5
		21	10 18	121 7.18	20.0	28 1 0
		22			19.8	28 2 3
		23	10 8.48	121 15.16	20.4	28 1 7
		24			21.4	28 1 7
		25			22.5	28 1 9
		26			19.8	28 2 1
		27			20.4	28 2 1
		28			21.8	28 1 0
		29			21.5	28 1 8
		30			21.5	28 1 8
		31			21.4	28 1 8
	9	1			21.4	28 1 8
		2			21.0	28 1 0
		3			21.3	28 1 3
		4			21.4	28 2 0
		5			21.3	28 1 6
		6			21.2	28 1 0
		7			21.3	28 1 6
		8			21.9	28 1 5
		9			22.0	28 1 3
		10			21.7	28 1 5
		11			21.5	28 1 2
		12			21.2	28 1 2
		13			21.6	28 1 5
		14			22.2	28 1 2
		15			22.1	28 0 9
		16			21.4	28 2 0
		17			21.0	28 1 2
		18			21.0	28 1 0
		19			20.5	28 0 5
		20			22.5	28 0 9
		21			20.0	28 1 5
		22			21.0	28 1 0
		23			21.2	28 1 4
		24			22.1	28 0 5
		25			21.9	28 0 2
		26			21.4	28 1 4
		27			20.4	28 1 7
		28			21.8	28 1 8
		29			21.8	28 1 0
		30			19.8	28 1 7
	10	1			21.6	28 1 2
		2			21.3	28 1 4
		3			21.4	28 1 5
		4			21.4	28 1 5
		5			22.0	28 1 0
		6			22.0	28 1 8
		7			22.0	28 1 8
		8			22.0	28 1 7
		9			21.8	28 0 8
		10			21.8	28 2 3
		11			21.4	28 2 2
		12			21.7	28 2 2
		13			21.5	28 0 5
		14			21.4	28 1 2
		15			21.4	28 1 2
		16			21.4	28 0 6
		17			21.5	28 0 8
		18			21.5	28 1 0
		19			22.0	28 0 8
		20			22.4	28 1 4
		21			22.4	28 1 7
		22			22.5	28 1 3
		23			22.2	28 1 0
		24			22.3	28 0 3
		25			21.5	28 1 0
		26			22.3	28 0 8
		27			22.2	28 1 0
		28			22.3	28 1 3
		29			22.1	28 0 8
		30			22.7	27 11 6
		31			22.9	28 0 2
	11	1			22.5	28 0 5
		2			23.6	28 1 5
		3			23.4	28 0 5
		4				
		5				
		6			22.4	28 0 5
		7			22.0	28 1 5
		8				
		9			21.6	28 1 2
		10			22.0	28 1 5
		11			22.5	28 1 5
		12			22.3	28 0 7
		13	9 59.36	121 5.3	22.6	28 3 0
		14	9 58	120 45.29	22.0	28 1 0
		15	9 39.9	119 57.55	22.0	28 1 0
		16	10 0.44	119 25.2	24.0	28 1 0
		17	11 2.23	118 53.8	22.8	28 1 0
		18	11 34.28	117 49.53	24.2	28 1 5
		19	11 30.51	116 44.7	24.0	28 1 5
		20	11 34.32	115 58.48	22.0	28 1 5
		21	12 19	116 22.11	23.7	28 1 5
		22	13 0.41	116 36.48	23.7	28 1 0
		23	13 57.56	117 0.4	23.0	28 1 0
		24	14 52.54	117 22.51	22.7	28 0 5
		25	15 37.19	117 37.21	20.9	28 1 0
		26	16 9.15	117 47.3	21.7	28 1 4
		27	15 58.59	117 28.21	21.4	28 1 0
		28	15 24.3	116 31.5	21.0	28 1 5
		29	14 45.43	115 38.12	21.7	28 0 5
		30	14 56.22	115 5.10	21.4	28 0 5
	12	1	14 55.40	114 14.57	21.6	28 1 5
		2	15 4.56	113 12.32	21.9	28 1 0
		3	15 0.55	111 57.47	21.0	28 1 0
		4	15 13.9	110 52	21.1	28 0 5
		5	15 44.6	109 4.48	21.5	28 0 5
		6	16 4.14	107 32.40	20.0	28 1 3
		7	16 24.31	106 6.2	19.6	28 1 0
		8	17 25.54	104 53.20	19.0	28 2 0
		9	18 35.41	103 50.20	19.0	28 1 7
		10	19 47.8	102 7.58	18.0	28 2 0
		11	21 7.49	101 6.13	17.8	28 2 0
		12	22 31.10	100 27.18	17.4	28 2 5
		13	24 3.37	99 50.7	17.5	28 3 0
		14	25 30.30	98 39.58	17.0	28 3 0
		15	26 36.43	97 54.16	15.5	28 2 0
		16	27 41.50	96 46.36	15.5	28 2 5
		17	28 25.24	96 30.39	15.4	28 4 0
		18	29 1.35	98 44.34	14.8	28 2 0
		19	29 30.41	100 9.40	14.2	28 3 5
		20	29 54.22	101 8.59	15.0	28 3 5
		21	30 16.4	103 11.31	14.5	28 3 5
		22	30 18.37	104 16	13.7	28 3 0
		23	30 3.58	107 13.52	14.0	28 3 5
		24	30 8.26	108 15.45	15.2	28 4 0
		25	31 27.19	107 19.21	13.7	28 3 5
		26	31 55	106 53.25	13.5	28 2 5
		27	31 42.36	108 24.19	13.2	28 3 5
		28	31 50.32	108 36.35	14.0	28 3 0
		29	32 2.12	108 2.53	14.0	28 2 5
		30	32 2.2	108 59.41	14.0	28 2 5
		31	33 13.32	108.3.18	13.0	28 2 5
1802	1	1	34 8.7	107 10.43	14.5	28 2 0
		2	34 4.58	108 1.27	13.8	28 1 0
		3	34 6.55	108 46.1	15.0	28 0 0
		4	35 14.54	111 54.44	14.5	27 10 0
		5	36 31.17	115 19.2	11.5	27 11 0
		6	37 38.40	117 54.56	11.3	28 1 5
		7	39 33.50	120 50.8	12.0	27 10 5
		8	41 9.32	124 11.8	9.7	27 8 0
		9	41 57.40	127 59.56	10.4	27 9 0
		10	43 2.32	132 46.39	13.0	27 10 0
		11	43 49.44	137 14.39	11.2	27 9 0
		12	43 33.15	141 25.40	10.0	27 9 0
		13	43 40	144 29.40	10.5	28 2 0
		14	43 23.40	144 54	10.5	28 3 0
		15	Canal Dentrecasteaux		10.3	28 0 0
		16			10.3	27 10 0
		17	43 12.10	145 4.15	12.0	27 6 5
		18			13.0	27 6 0
		19	43 10.12	145 3.40	12.6	27 8 5
		20	43 4.25	145 5.20	11.3	27 7 0
		21	Canal Dentrecasteaux			
		22				
		23				
		24			17.9	
		25			17.5	
		26			15.0	27 10 5
		27			15.0	27 4 7
		28			15.0	28 0 0
		29			15.0	27 8 0
		30			13.0	28 3 6
		31			14.5	28 1 0
	2	1			14.5	28 2 5
		2			13.8	28 3 0
		3			15.0	28 2 0
		4			15.0	28 2 0
		5			14.5	28 1 0
		6			14.9	27 10 0
		7			13.0	28 0 5
		8			13.5	28 0 5
		9			14.8	27 8 7
		10			15.2	27 9 5
		11			13.5	27 10 5
		12			14.0	28 0 0
		13			14.0	28 1 5
		14			14.3	28 1 5
		15			16.9	28 3 9
		16			14.9	28 1 0
		17	43 5	145 16.30	16.5	28 2 0
		18	43 2.10	145 51.20	13.0	28 4 0
		19	42 42.12	145 51.56	15.0	28 1 0
		20	Maria Island		15.4	27 11 0
		21			15.0	27 10 5
		22			12.6	28 2 7
		23			13.8	28 0 0
		24			12.0	27 9 5
		25			12.0	28 4 5
		26			14.0	28 3 0
		27	42 46.25	145 51.30	14.0	28 4 3
		28	43 4.31	146 14.37	15.0	28 4 3
	3	1	42 54	147 12	13.5	28 3 0
		2	42 14.51	146 39	14.0	28 3 0
		3	41 43	146 34	14.7	28 2 5
		4	41 31.54	147 11.47	14.5	28 1 0
		5	41 33.49	146 57.16	13.0	28 1 0
		6	42 10.44	146 22.56	14.2	28 2 5
		7	42 4.45	146 17	14.6	27 11 5
		8	41 49.11	146 16.56	11.5	28 2 0
		9	41 41	146 15.53	12.0	28 0 0
		10	41 36.39	147 9.2	10.5	28 5 0
		11	42 16.26	146 15.57	13.8	28 1 0
		12	42 11.11	147 30.2	13.6	27 10 5
		13	41 34.8	147 33.51	16.0	27 11 0
		14	41 22.19	147 5	13.4	28 2 5
		15	41 1.29	147 2	12.8	28 3 0
		16	41 24	147 27	12.6	28 4 8
		17	40 48.6	146 34.19	12.8	28 6 0
		18	40 37.40	145 19.54	14.2	28 3 0
		19	40 44.13	145 28.6	15.4	28 1 0
		20	40 21.46	145 11.53	13.5	28 1 5
		21	40 29.46	144 38.26	12.0	27 6 5
		22	39 24.32	145 10	12.0	28 0 0
		23	39 6.34	147 4.59	11.4	28 1 5
		24	38 26.41	146 23.25	13.0	28 3 0
		25	38 56.6	146 58.6	11.0	28 4 5
		26	38 42.47	146 24.52	12.0	28 8 0
		27	39 2.1	145 44.53	12.8	28 7 5
		28	39 30.5	144 12.6	13.8	28 7 0
		29	38 47.30	143 15.16	14.5	28 7 5
		30	38 33	142 16.22	13.2	28 8 0
		31	38 52.24	140 59.15	13.0	28 7 5
	4	1	38 17.25	139 54.3	14.3	28 6 5
		2	38 17.55	138 57.30	16.0	28 6 0
		3	37 52.28	137 51.10	14.9	28 6 0
		4	37 56.18	138 18.25	14.5	28 4 0
		5	37 48.31	137 50.45	14.0	28 9 0
		6	37 30	137 40	14.0	28 2 5
		7	37 1.55	137 13.30	13.0	28 2 5
		8	36 1.22	137 3.33	13.0	28 3 0
		9	35 35	136 3.56	13.5	28 2 5
		10	35 38.50	135 49.13	14.0	28 1 5
		11	35 39.48	135 23.29	14.0	27 11 0
		12	35 27	135 37.10	14.0	27 10 5
		13	35 12	135 58.20	13.0	28 3 3
		14	35 3.20	135 34.36	12.5	28 6 5
		15	35 30.41	134 57.20	12.0	28 6 0
		16	35 15.9	134 21.20	14.8	28 4 0
		17	34 42.46	134 47.30	13.5	28 4 5
		18	34 41.38	134 56.24	14.0	28 3 5
		19	34 44 33	134 26.36	12.3	28 1 5
		20	34 38.56	134 49	10.8	28 2 5
		21	34 43.22	134 41.30	12.0	28 3 0
		22	34 38.27	134 19.37	11.5	28 1 0
		23	34 50.28	134 12	11.6	28 4 0
		24	35 25.25	134 8.30	12.5	28 6 0
		25	35 19.3	133 35.7	12.0	28 7 0
		26	34 49.17	132 55.47	14.0	28 6 5
		27	33 55.20	132 31.39	13.1	28 6 5
		28	33 47.35	132 28.12	13.6	28 5 0
		29	33 36.54	131 28.50	14.8	28 3 0
		30	32 46.29	131 36.12	12.9	28 0 5
	5	1	32 48.39	130 51.15	14.8	27 11 0
		2	32 31	131 16.31	14.3	28 1 5
		3	33 1.38	131 2.52	13.7	28 3 8
		4	32 46.12	130 39.8	14.0	28 2 0
		5	32 22.11	130 31.20	14.3	28 1 0
		6	33 26.5	131 3.4	11.8	28 3 0
		7	33 13.10	130 43.23	12.0	28 3 8
		8	32 34.20	129 37	12.0	28 3 0
		9	34 15.3	129 19.20	13.7	27 11 0
		10	35 56.2	129 41.10	13.4	27 11 5
		11	37 7.54	130 37	11.8	28 2 0
		12	38 6.3	131 33.51	12.0	28 3 0
		13	40 39.16	133 33.25	10.5	28 1 0
		14	41 49	134 54.20	10.7	28 1 0
		15	42 45.17	134 32.16	8.4	28 4 5
		16	43 21.38	134 59.36	7.4	28 5 5
		17	43 11.40	137 2	8.0	28 3 0
		18	43 43	138 41.18	9.4	28 2 5
		19	43 43	143 55.30	10.5	28 1 0
		20	43 20.25	145 8.40	9.0	28 0 0
		21			9.0	28 2 5
		22	43 19.20	145 37.20	11.0	28 1 0
		23	42 43	146 42.9	12.0	28 0 0
		24	41 58.48	146 59	11.5	28 0 0
		25	42 9.4	146 19	11.3	27 11 0
		26	42 2.21	146 24	12.1	27 10 5
		27	41 25.16	146 50	11.5	27 10 0
		28	41 6.14	146 44	11.5	28 1 0
		29	41 15.20	148 9.3	12.3	28 3 5
		30	41 38.1	147 56	12.0	28 1 0
		31	41 21.33	147 32.47	11.0	28 2 5
	6	1	41 22.53	146 39.5	10.5	28 5 0
		2	41 42	147 8.13	10.0	28 2 5
		3	42 21.41	147 45.15	10.0	27 11 0
		4	41 9.28	148 26.11	11.0	27 9 0
		5	38 41	150 50	10.0	27 11 5
		6	36 37.43	151 26.28	11.5	28 3 0
		7	34 23.52	150 27	12.4	28 4 5
		8	33 44	149 52	13.0	28 4 0
		9	33 49.47	150 31.46	14.5	28 1 0
		10	38 50	149 34	13.6	28 1 5
		11	33 26.49	149 32.34	12.4	28 1 0
		12	33 24.56	149 36.41	12.0	28 1 5
		13	34 3.31	149 40	11.2	28 0 0
		14	33 47.26	149 10	11.0	28 1 5
		15	33 46.18	149 18	11.7	28 1 5
		16	33 31.18	149 30	10.5	28 3 0
		17	34 6.31	149 40	9.5	28 0 5
		18	33 35.18	149 12	10.0	27 11 0
		19	33 46	149 6	11.0	28 1 5
		20	33 47.45	149 0	10.5	28 3 0
		21	33 50	148 51.38	10.0	28 2 5
		22	33 50.55	148 49.21	9.0	28 3 8
		23	Port Jackson		10.0	28 4 0
		24			8.5	28 3 4
		25				
		26			9.9	28 2 5
		27			9.8	28 6 0
		28			9.8	
		29			12.0	
		30			12.5	28 2 0
	7	1			11.0	28 3 5
		2			12.3	28 4 0
		3			19.0	
		4			16.0	
		5			13.0	
		6			12.5	
		7			17.6	
		8			11.0	
		9			11.2	27 11 5
		10			12.8	28 1 2
		11			10.5	28 0 7
		12			13.3	28 2 0
		13			13.8	28 2 3
		14			16.2	28 4 2
		15			14.0	28 2 3
		16			11.8	28 4 4
		17			11.0	28 3 3
		18				28 2 3
		19			13.5	28 2 9
		20			9.5	28 1 8
		21			14.2	28 1 0
		22			11.2	28 2 3
		23			12.3	28 2 2
		24			10.5	28 3 6
		25			15.8	28 3 4
		26			12.2	28 2 7
		27			14.5	28 1 3
		28			12.4	27 11 7
		29			14.0	28 0 2
		30			11.5	28 0 5
		31			13.0	28 3 7
	8	1			11.5	28 7 0
		2			14.6	28 4 3
		3			10.4	27 9 7
		4			13.6	27 9 7
		5			14.7	27 11 2
		6			14.8	28 1 3
		7			15.0	28 3 6
		8			13.0	28 4 8
		9			11.8	28 5 8
		10			11.2	28 6 0
		11			14.6	28 5 7
		12			14.7	28 5 1
		13			15.3	28 3 5
		14			13.3	28 2 1
		15			16.5	28 1 1
		16			16.0	27 11 6
		17			13.8	27 11 5
		18			15.3	28 0 0
		19			13.5	27 11 2
		20			15.0	27 11 0
		21			15.5	27 11 6
		22			13.5	28 1 4
		23			13.8	28 0 0
		24				
		25			15.7	27 10 2
		26			17.0	28 0 3
		27			15.8	28 2 3
		28			17.5	28 1 3
		29			20.0	27 11 7
		30			16.7	27 11 7
		31			19.0	27 9 4
	9	1			12.5	27 7 0
		2			14.8	28 0 5
		3			17.0	28 1 6
		4			15.7	28 1 7
		5			18.0	27 9 8
		6			18.3	28 4 1
		7			14.0	28 5 0
		8			14.2	28 2 5
		9				
		10			14.0	28 4 3
		11			16.0	28 3 7
		12			13.0	28 0 2
		13			16.0	27 9 4
		14			17.8	28 0 5
		15			15.5	27 8 6
		16			17.3	28 2 4
		17			19.6	28 1 6
		18			15.6	27 10 5
		19			17.0	27 11 3
		20			15.5	28 0 9
		21			12.6	28 3 8
		22			14.3	28 2 3
		23			20.0	28 0 7
		24			15.3	28 1 7
		25			13.8	28 2 3
		26			14.6	28 0 5
		27			16.0	28 1 3
		28			16.5	
		29			16.5	28 3 3
		30			13.8	28 3 8
	10	1			17.3	28 0 1
		2				
		3				
		4				
		5			15.0	28 2 5
		6			15.5	28 2 4
		7			16.0	28 0 1
		8			16.5	28 1 5
		9			17.0	28 4 1
		10			17.0	28 1 8
		11			21.0	28 0 1
		12			16.5	28 1 2
		13			13.2	28 2 1
		14			15.0	27 11 0
		15			14.5	28 0 7
		16				
		17			15.0	28 2 3
		18			16.5	28 3 3
		19			16.8	28 3 6
		20			17.5	28 2 8
		21			18.0	28 1 6
		22			17.0	
		23			23.0	28 0 1
		24			16.2	28 2 2
		25			17.3	28 1 2
		26			18.3	27 7 7
		27			16.5	28 0 8
		28			16.0	28 3 0
		29			15.5	28 3 3
		30				
		31			15.8	28 3 6
	11	1			15.0	28 4 1
		2				
		3				
		4				
		5			15.0	27 11 7
		6				
		7			15.5	28 4 5
		8			17.5	28 3 8
		9			17.0	28 3 8
		10			16.0	28 4 0
		11				
		12			14.7	28 4 0
		13			14.1	28 3 6
		14			17.0	28 2 6
		15			15.0	28 4 8
		16				
		17				
		18	33 52	148 48.32	15.5	28 1 0
		19	33 47.24	149 17.30	13.8	28 3 0
		20	36 5.5	148 18.19	15.5	28 1 5
		21	37 29.29	148 25.31	13.5	27 11 5
		22	38 31.45	148 46.37	13.3	28 1 5
		23	38 37.7	147 56.39	14.8	28 1 5
		24	39 34.21	146 30.55	15.5	27 11 0
		25	38 57.2	145 48.44	15.2	27 7 0
		26	38 57.9	145 33.34	12.2	27 6 0
		27	39 8.15	146 7.20	13.0	27 10 0
		28	38 57.48	146 22.50	11.5	28 0 5
		29	38 50.2	146 36.36	12.0	28 2 0
		30	39 37.48	146 20.51	12.0	28 3 0
	12	1	39 33.43	146 20.26	13.0	28 2 0
		2	39 28.39	146 1.10	15.0	28 2 5
		3	39 24.20	144 30.25	14.0	28 0 5
		4	39 47.51	144 19.4	11.7	28 2 0
		5	40 10.42	143 40.53	14.0	28 3 7
		6	40 9.54	142 14.4	12.0	27 10 0
		7	39 53	142 8.27	13.0	28 3 0
		8			13.5	28 2 0
		9			15.6	28 2 5
		10			15.0	28 3 3
		11			19.0	28 3 0
		12			14.0	28 1 5
		13	39 0 	142 19.4	15.0	27 11 0
		14	39 53.33	142 5.42	15.0	27 11 0
		15	39 35.41	142 33.57	13.5	27 9 0
		16	39 25.33	142 57.37	13.3	27 10 0
		17	39 42.20	142 54.16	10.5	27 6 0
		18	39 14.50	143 23.45	13.0	27 10 0
		19	39 34.53	143 55.57	13.0	27 9 0
		20	40 2.42	143 56.36	10.5	27 8 5
		21	39 5.4	143 18	11.0	28 1 8
		22	39 22.30	142 56.43	11.8	27 11 5
		23	39 53.10	142 6.10	14.0	28 2 0
		24			14.0	28 2 5
		25	40 9.57	142 41.38	14.0	28 1 0
		26	40 18.54	142 54.13	14.0	28 1 5
		27	39 53.56	142 8.19	15.0	28 2 0
		28	40 14.31	141 31.25	16.6	27 8 5
		29	39 59.52	140 52.8	12.5	28 3 0
		30	38 51	138 45.4	14.5	28 5 0
		31	37 45.11	137 40.25	16.0	28 2 5
1803	1	1	36 48.55	136 32.12	15.5	28 0 0
		2	35 52.29	135 35.29	14.8	28 0 5
		3	36 6.14	135 8.44	14.5	28 4 0
		4	35 39.55	134 21.29	15.0	28 3 5
		5	35 26.51	135 19.30	16.0	28 1 7
		6	35 43.16	135 32.14	19.0	27 11 0
		7	Bougainville		16.8	27 11 0
		8			15.3	27 10 5
		9			16.0	27 11 0
		10			13.0	28 0 5
		11			15.8	28 2 7
		12			15.5	28 3 0
		13			15.5	28 2 0
		14			16.0	28 1 0
		15			14.5	28 2 0
		16			18.0	27 11 0
		17			15.5	28 3 0
		18			16.0	28 3 5
		19			18.0	28 1 0
		20			20.3	28 0 0
		21			16.0	28 5 0
		22			16.0	28 6 0
		23			18.0	28 5 5
		24			18.5	28 3 0
		25			21.6	28 1 5
		26			22.0	28 1 5
		27			20.0	27 11 5
		28			18.0	28 3 0
		29			15.5	28 2 5
		30			20.5	28 2 5
		31			19.5	28 3 0
	2	1	35 30.27	135 21.16	20.0	28 1 5
		2	35 54.18	134 0.16	16.4	28 1 3
		3	36 9.32	133 4.1	17.3	27 11 0
		4	34 55.29	131 25.42	16.0	28 1 5
		5	33 36.30	131 25	16.0	28 4 0
		6	32 43.37	131 32.18	15.4	28 5 0
		7	32 9	131 13.1	17.0	28 4 0
		8	Murat Bay		15.2	28 4 0
		9			16.3	28 3 5
		10			17.0	28 3 0
		11	32 4.43	130 30.37	17.0	28 3 5
		12	33 53.23	128 27.9	16.8	28 4 0
		13	35 10.50	124 50.48	16.0	28 3 0
		14	35 44.18	123 14.23	16.0	28 5 0
		15	35 52.20	120 31.23	17.0	28 1 0
		16	35 26.52	117 57.8	16.8	28 2 5
		17	35 2	117 18.8	15.5	28 3 0
		18	35 4.7	115 39.59	17.0	27 11 5
		19	Port of King George			
		20			15.0	28 3 0
		21			16.0	28 3 0
		22			15.0	28 3 0
		23			18.0	28 1 5
		24			16.0	27 11 0
		25			15.0	28 1 0
		26			15.0	28 2 5
		27			19.0	28 4 0
		28			17.2	28 1 5
	3	1	35 19.46	115 58.45	17.0	28 0 0
		2	35 25.4	115 33.9	18.0	28 2 0
		3	35 28.13	115 15.20	16.0	28 2 5
		4	35 14.43	114 20.32	13.5	28 3 0
		5	35 13.37	113 56.42	17.0	28 4 0
		6	35 9.47	114 32.41	15.3	28 4 0
		7	35 18.55	114 27.9	17.5	28 1 0
		8	35 4.30	113 48.6	17.0	28 2 7
		9	33 49.37	112 34.49	15.5	28 3 0
		10	33 20.49	112 46.25	18.5	28 3 0
		11	33 15.53	113 15.7	18.0	28 3 0
		12	32 48.50	113 14.33	17.0	28 3 5
		13	31 32.47	113 5.6	16.8	28 3 0
		14	29 51.34	111 35.32	17.5	28 1 5
		15	28 0.19	110 58.37	19.0	28 4 0
		16	25 34.20	110 33.21	20.0	28 2 5
		17	25 30.50	111 7.6	19.0	28 2 5
		18	Chiens-Marins Bay		20.5	28 3 0
		19			19.0	28 3 0
		20			21.0	28 1 5
		21			20.0	28 2 0
		22			19.0	28 2 0
		23	25 27.50	110 42.15	19.5	28 3 0
		24	23 22.17	110 5.6	21.0	28 2 5
		25	21 6.50	111 37.14	21.0	28 1 5
		26	21 31.31	111 57.50	21.0	28 1 5
		27	20 31.52	112 59.42	19.8	28 1 5
		28	20 16.55	113 38.25	23.0	28 1 0
		29	20 25	114 10.12	23.1	28 2 0
		30	20 28.40	114 59.22	24.8	28 1 5
		31	20 4.22	115 40.55	23.0	28 1 0
	4	1	19 51.24	115 38.53	24.7	28 2 0
		2	19 50.13	116 23.48	25.0	28 3 0
		3	19 41.31	117 3.24	25.0	28 1 5
		4	19 31.9	117 30.30	25.5	28 1 0
		5	19 27	118 5.34	25.0	28 1 0
		6	19 4.41	118 39.16	26.0	28 1 0
		7	18 51.34	119 4.36	25.5	28 1 0
		8	18 19.33	119 21.33	25.0	28 1 0
		9	17 39.27	119 40.20	25.0	28 0 5
		10	17 16.45	119 36.9	25.0	28 1 5
		11	16 43.8	119 39.28	25.5	28 0 7
		12	16 27.20	119 46.48	24.5	28 1 0
		13	16 22.18	120 5.30	24.0	28 1 0
		14	16 17.17	120 21.47	24.0	28 0 5
		15	15 50.28	121 37.46	24.0	28 1 0
		16	15 9.10	120 21.6	24.0	28 1 5
		17	14 56.16	120 16.6	24.7	28 1 0
		18	15 10.36	121 29.18	25.0	28 2 0
		19	14 57.56	121 42.58	25.0	28 1 0
		20	14 37.24	122 24.12	25.0	28 2 0
		21	14 20.2	122 37.6	25.0	28 1 0
		22	14 6.33	123 0.45	24.0	28 2 3
		23	13 59.2	123 8	24.8	28 2 0
		24	13 50.55	123 14.25	24.5	28 2 5
		25			24.0	28 2 0
		26			25.0	28 2 0
		27	13 50.3	123 18.13	24.8	28 2 5
		28	13 33.22	123 24.34	25.0	28 2 0
		29	13 21	123 21.32	25.0	28 2 0
		30	13 0.6	123 21.12	24.5	28 1 0
	5	1	12 7.19	123 20.20	25.2	28 1 7
		2	11 8.15	123 7.22	25.5	28 2 0
		3	10 23.37	122 23.8	23.5	28 1 0
		4	10 21.37	121 43.53	23.0	28 1 5
		5	10 24.32	121 13.29	24.5	28 1 5
		6	9 59.37	120 55.49	24.0	28 2 0
		7	9 9	121 15.31	24.0	28 2 0
		8	Timor		23.3	28 2 5
		9			22.5	28 2 0
		10			23.0	28 2 0
		11			23.0	28 2 5
		12			23.0	28 1 5
		13			23.5	28 2 5
		14			23.8	28 2 0
		15			24.0	28 1 5
		16			22.5	28 2 0
		17			24.0	28 1 7
		18			23.1	28 2 5
		19			24.0	28 2 0
		20			23.5	28 2 0
		21			24.0	28 1 0
		22			24.0	28 2 0
		23			24.0	28 2 0
		24			22.0	28 2 0
		25			23.5	28 2 0
		26				
		27			22.5	28 1 5
		28			22.3	28 2 0
		29			22.3	28 2 5
		30			23.3	28 2 0
		31			24.0	28 2 0
	6	1			23.0	28 2 0
		2			23.0	28 1 7
		3	10 4.6	121 4.25	22.7	28 1 5
		4	10 44.18	120 33.3	23.0	28 2 0
		5	11 32.24	120 19.12	23.0	28 2 0
		6	12 23.27	120 25.30	22.0	28 2 5
		7	13 2.45	120 27.59	22.5	28 2 5
		8	13 16.57	120 40.2	22.0	28 2 5
		9	13 1.5	121 35.51	22.0	28 2 5
		10	13 1.17	123 14.54	23.0	28 2 3
		11	12 54.42	124 9.7	22.5	28 2 5
		12	13 26.6	124 54.29	22.8	28 2 0
		13	12 51.38	125 3.39	22.5	28 2 0
		14	14 4.42	125 28.48	22.8	28 1 3
		15	13 59.50	125 55.40	20.5	28 1 5
		16	14 19.55	125 38.27	21.0	28 2 0
		17	14 6.16	125 56.31	21.0	28 2 5
		18	14 24.19	125 57.45	20.6	28 2 5
		19	13 52.18	126 35.3	20.0	28 3 0
		20	13 8.27	126 53.6	19.0	28 3 0
		21	13 35.15	126 58.18	21.0	28 2 5
		22	13 26.55	127 8.30	23.0	28 2 5
		23	13 15.7	127 15.44	21.5	28 2 5
		24	12 45.4	127 36.50	21.0	28 2 0
		25	12 25	127 45.37	22.0	28 2 0
		26	12 3.11	127 40.25	22.5	28 2 5
		27	11 20.27	127 20.58	21.5	28 2 3
		28	10 25.7	127 32.14	21.0	28 2 5
		29	9 48.39	127 50.30	21.0	28 1 0
		30	9 43.33	127 40.32	20.5	28 2 0
	7	1	9 36	127 20.24	20.5	28 2 5
		2	9 40.13	127 5.46	19.0	28 1 5
		3	9 58.51	128 6.9	19.5	28 3 0
		4	9 44.10	128 43.2	19.0	28 2 5
		5	8 55.48	129 45.14	20.8	28 2 3
		6	8 58.49	130 0.31	20.7	28 2 0
		7	8 26.33	131 9.59	20.0	28 2 0
		8	9 10.44	130 37.2	22.0	28 2 5
		9	9 41.2	127 28.1	21.5	28 2 0
		10	10 11.56	125 11.22	22.0	28 2 5
		11	10 25	123 6.4	21.7	28 2 5
		12	10 16.15	122 6.46	22.0	28 2 0
		13	10 25.35	120 43.53	22.4	28 2 3
		14	11 6.51	118 51.34	22.5	28 3 0
		15	12 1.14	116 38.6	21.5	28 3 0
		16	12 33.54	114 38.47	21.5	28 2 7
		17	12 20.53	112 27.50	21.7	28 2 5
		18	12 27.49	110 13.30	22.5	28 2 5
		19	12 30.45	107 39.7	21.5	28 2 0
		20	12 38.45	105 1.10	22.5	28 2 0
		21	12 43.23	102 47.59	22.3	28 2 3
		22	13 15	100 10.43	22.0	28 1 5
		23	13 45	98 9.59	21.7	28 2 0
		24	14 8.36	96 47.35	22.0	28 0 5
		25	14 14.36	94 13.21	21.0	28 2 0
		26	14 30.3	91 52.58	20.5	28 2 5
		27	15 3.19	88 15.46	20.5	28 2 5
		28	15 39.28	84 43.50	20.0	28 3 0
		29	16 18.43	81 12.14	20.0	28 4 0
		30	16 58.34	78 4.27	20.0	28 3 7
		31	17 47.34	74 34.2	19.0	28 3 0
	8	1	18 30.42	71 18.11	19.0	28 4 0
		2	19 26.48	68 0.11	19.2	28 4 5
		3	20 8.10	65 13.28	19.3	28 4 0
		4	20 3	62 28.24	19.0	28 5 0
		5	19 48.44	58 47.43	19.0	28 5 0
		6	19 56.15	56 52		
		7	20 8.30	55 6.30		
