	"Journal on the Investigator, Jan. 1801-July 1802 (Vol. 1) - Matthew Flinders"									
	"Journal on the Investigator, July 1802 - June 1803 (Vol. 2)"									
										
		"""The barometer stood in my cabin, and the height of the mercury was taken at"								
		"daybreak, at noon, and at eight in the evening, by the officer of the watch; as"								
		"well also that of the thermometer."""								

YEAR	MONTH	DAY	HOUR	LAT D.R.	LONG D.R.	BAR	THER.	WATER		
1801	6	2	1200	Into Spithead			62.5			
			1600				61.0			
			1800				57.0			
			2000				56.0			
	7	20	1200	50 12 N		30.07	69.5			
			2000			30.19				
		21	800			30.19	69.0			
			1200	49 55	3 23 W		72.0	
			1600				69.0	
			2000			30.20	61.0	
			2400				61.0	
		22	400				64.0	
			800			30.23	73.0	
			1200	49 17	5 26		64.0	
			1600				63.0	
			2000			30.23	61.0	
			2400				61.0	
		23	400				63.0	
			800			30.26	65.0	61.0
			1200	47 58	7 33		67.0	
			1600				63.0	
			2000			30.10	62.0	
			2400				63.0	
		24	400				64.0	
			800			30.11	69.0	63.0
			1200	46 23	9 16		71.0	
			1600				64.0	
			2000			30.02	62.0	
			2400				63.0	
		25	400				63.0	
			800			30.19	65.0	66.5
			1200	43 43	11 10		64.0	
			1600				63.0	
			2000			30.34	62.0	
			2400				62.0	
		26	400				64.0	
			800			30.36	74.0	65.0
			1200	41 30	12 46		66.0	
			1600				64.0	
			2000			30.22	65.0	
			2400				63.0	
		27	400				69.0	66.0
			800			30.20	69.0	
			1200	40 28	13 42		67.0	
			1600				66.0	
			2000			30.25	65.0	
			2400				68.0	
		28	400				69.0	
			800			30.19	70.0	68.5
			1200	38 39	14 50		67.0	
			1600				66.0	
			2000			30.20	66.0	
			2400				69.0	
		29	400				70.0	
			800			30.15	74.0	68.5
			1200	36 51	15 31		70.0	
			1600				69.5	
			2000			30.04	67.0	
			2400				70.0	
		30	400				75.0	
			800			30.10	82.5	71.0
			1200	34 46	16 4		71.0	
			1600				70.0	
			2000			30.06	68.0	
			2400				72.0	
		31	400				76.0	
			800			30.17	73.0	72.0
			1200	33 15	16 13		71.0	
			1600				68.0	
			2000			30.09	69.0	
			2400				72.0	
	8	1	400				76.0	
			800			30.10	74.0	75.0
			1200	32 41	16 30		73.0	
			1600				73.0	
			2000			30.14	71.0	
			2400				73.0	
		2	400				77.0	
			800			30.20	80.0	74.0
			1200	32 30	16 46		74.0	
			1600				73.0	
			2000			30.19	72.0	
			2400				74.0	
		3	400				82.0	
			800			30.23	83.0	74.0
			1200	32 24	17 9		75.0	
			1600				72.0	
			2000			30.22	71.0	
			2400				74.0	
		4	400				71.0	
			800			30.31	76.0	
			1200	Funchal Bay			71.0	
		8	1600				72.0	
			2000			30.22	71.0	
			2400				76.0	
		9	400				75.0	
			800			30.22	76.0	72.0
			1200	30 1	17 48		73.0	
			1600				72.0	
			2000			30.06	71.0	
			2400				73.0	
		10	400				83.0	
			800			30.00	76.0	72.0
			1200	27 51	18 59		73.0	
			1600				71.0	
			2000			30.03	71.0	
			2400				74.0	
		11	400				86.0	
			800			30.09	76.0	74.0
			1200	26 34	20 1		73.0	
			1600				72.0	
			2000			30.10	72.0	
			2400				75.0	
		12	400				82.0	
			800			30.13	81.0	75.0
			1200	24 30	21 13		75.0	
			1600				74.0	
			2000			30.11	73.0	
			2400				74.0	
		13	400				80.0	
			800			30.12	87.0	75.0
			1200	22 16	22 30		76.0	
			1600				75.0	
			2000			30.05	75.0	
			2400				74.0	
		14	400				82.0	
			800			30.00	93.0	75.0
			1200	19 59	23 50		78.0	
			1600				77.0	
			2000			29.95	76.0	
			2400				78.0	
		15	400				88.0	
			800			29.98	83.0	77.5
			1200	17 46	25 10		78.0	
			1600				77.0	
			2000			30.00	76.0	
			2400				84.0	
		16	400				80.0	
			800			30.04	85.0	80.0
			1200	17 4	25 24		79.0	
			1600				77.0	
			2000			30.02	76.0	
			2400				78.0	
		17	400				83.0	
			800			30.09	79.0	79.0
			1200	16 01	25 39		76.0	
			1600				77.0	
			2000			30.07	77.0	
			2400				81.0	
		18	400				83.0	
			800			30.00	83.0	80.5
			1200	14 41	25 16		80.0	
			1600				79.0	
			2000			30.02	80.0	
			2400				81.0	
		19	400				83.0	
			800	13 49	25 4	30.04	81.0	82.0
			1200				76.0	
			1600				78.0	
			2000			30.02	78.0	
			2400				77.0	
		20	400				81.0	
			800			30.04	81.0	81.0
			1200	13 24	24 44		79.0	
			1600				78.0	
			2000			30.05	78.0	
			2400				82.0	
		21	400				86.0	
			800			30.05	82.0	81.0
			1200	12 39	24 12		80.0	
			1600				80.0	
			2000			29.87	78.0	
			2400				74.0	
		22	400				81.5	
			800			30.05	82.0	80.5
			1200	11 47	23 47		79.0	
			1600				76.0	
			2000			30.05	77.0	
			2400				79.0	
		23	400				84.0	
			800			30.07	84.0	
			1200	11 33	23 41		79.0	
			1600				77.0	
			2000			29.90	76.0	
			2400				76.0	
		24	400				73.0	
			800			30.03	74.0	79.0
			1200	10 45	23 17		76.0	
			1600				77.0	
			2000			30.01	76.0	
			2400				78.0	
		25	400				79.0	
			800			30.05	78.0	79.0
			1200	10 10	22 20		77.0	
			1600				77.0	
			2000			30.04	76.0	
			2400				78.0	
		26	400				80.0	
			800			30.06	80.0	79.0
			1200	8 43	21 28		76.0	
			1600				78.0	
			2000			30.04	81.0	
			2400				79.0	
		27	400				79.0	
			800			30.07	80.0	79.0
			1200	7 35	20 26		77.0	
			1600				77.0	
			2000			30.10	77.0	
			2400				78.0	
		28	400				80.0	
			800			30.10	78.0	79.5
			1200	6 29	19 31		77.0	
			1600				77.0	
			2000			30.07	77.0	
			2400				77.0	
		29	400				78.5	
			800			30.10	77.0	79.0
			1200	5 45	18 32		76.0	
			1600				76.0	
			2000			30.08	76.0	
			2400				81.0	
		30	400				80.0	
			800			30.10	80.0	79.0
			1200	5 30	18 32		78.0	
			1600				76.0	
			2000			30.10	75.0	
			2400				76.0	
		31	400				78.0	
			800			30.14	77.0	78.0
			1200	5 3	17 40		75.0	
			1600				76.0	
			2000			30.10	75.0	
			2400				74.0	
	9	1	400				75.0	
			800			30.10	75.0	76.0
			1200	4 11	16 37		75.0	
			1600				75.0	
			2000			30.09	74.0	
			2400				76.0	
		2	400				75.0	
			800			30.08	76.0	77.0
			1200	3 51	15 24		74.0	
			1600				73.0	
			2000			30.08	73.0	
			2400				74.0	
		3	400				75.0	
			800			30.10	74.5	76.0
			1200	3 29	14 8		72.0	
			1600				72.0	
			2000			30.03	72.0	
			2400				73.0	
		4	400				75.0	
			800			30.05	76.0	76.0
			1200	3 24	14 59		73.0	
			1600				73.0	
			2000			30.04	73.0	
			2400				73.0	
		5	400				76.0	
			800			30.05	76.0	
			1200	2 58	16 13		73.0	
			1600				73.0	
			2000				73.0	
			2400				73.0	
		6	400				75.0
			800			30.07	74.0
			1200	2 15	17 31		73.0
			1600				72.0
			2000				73.0
			2400				73.0
		7	400				75.0
			800			30.09	74.0
			1200	1 34	18 48		73.0
			1600				73.0
			2000			30.07	71.0
			2400				72.0
		8	400				76.0
			800			30.10	74.0
			1200	0 34	19 45		72.0
			1600				72.0
			2000				72.0
			2400				72.0
		9	400				76.0
			800			30.10	75.0
			1200	0 27 S	20 13		73.0
			1600				71.0
			2000			30.08	73.0
			2400				74.0
		10	400				75.0
			800			30.09	76.0
			1200	0 44	21 50		77.0
			1600				73.0
			2000			30.07	73.0
			2400				75.0
		11	400				76.0
			800			30.09	74.0
			1200	0 31	23 13		74.0
			1600				73.0
			2000			30.08	74.0
			2400				74.0
		12	400				77.0
			800			30.13	76.0
			1200	1 39	24 19		74.0
			1600				74.0
			2000			30.10	74.0
			2400				74.0
		13	400				74.5
			800			30.08	77.0
			1200	3 6	25 16		75.0
			1600				75.0
			2000			30.08	75.0
			2400				76.0
		14	400				76.0
			800			30.11	
			1200	4 49	26 8		75.0
			1600				75.0
			2000			30.07	74.0
			2400				75.0
		15	400				77.0
			800			30.08	77.0
			1200	6 26	27 8		75.0
			1600				74.0
			2000			30.06	75.0
			2400				74.0
		16	400				77.0
			800			30.09	81.0
			1200	8 3	27 57		78.0
			1600				75.0
			2000			30.11	74.0
			2400				75.0
		17	400				76.0
			800			30.12	79.0
			1200	9 49	28 37		75.0
			1600				74.0
			2000			30.09	74.0
			2400				74.0
		18	400				75.0
			800			30.15	79.0
			1200	12 2	29 34		73.0
			1600				74.0
			2000			30.10	72.0
			2400				73.0
		19	400				75.0
			800			30.15	74.0
			1200	14 34	30 7		73.0
			1600				73.0
			2000			30.22	72.0
			2400				74.0
		20	400				76.0
			800			30.24	75.0
			1200	16 39	30 0		73.0
			1600				72.0
			2000			30.28	73.0
			2400				72.0
		21	400				77.0
			800			30.33	87.0
			1200	18 12	30 7		72.0
			1600				71.0
			2000			30.28	70.0
			2400				74.0
		22	400				76.0
			800			30.28	77.0
			1200	19 9	30 14		
			1600				72.0
			2000			30.27	71.0
			2400				71.0
		23	400				70.0
			800			30.26	72.0
			1200	19 36	30 22		69.0
			1600				69.0
			2000			30.22	69.0
			2400				71.0
		24	400				71.0
			800			30.29	72.0
			1200	20 04	30 39		69.0
			1600				69.0
			2000			30.28	68.0
			2400				70.0
		25	400				73.0
			800			30.35	75.0
			1200	21 4	31 32		69.0
			1600				68.0
			2000			30.33	67.0
			2400				68.0
		26	400				72.0
			800			30.33	74.0
			1200	22 33	32 06		69.0
			1600				68.0
			2000			30.18	65.0
			2400				68.0
		27	400				71.0
			800			30.13	71.0
			1200	24 7	31 44	29.98	70.0
			1600				70.0
			2000			29.83	67.0
			2400			29.82	65.0
		28	400			29.82	71.0
			800			29.78	68.0
			1200	26 50	30 37	29.82	66.0
			1600				64.0
			2000			29.78	64.0
			2400				63.0
		29	400				63.0
			800			29.84	64.0
			1200	29 6	29 12		64.0
			1600				
			2000			29.96	63.0
			2400				62.0
		30	400				66.0
			800			30.02	65.0
			1200	31 8	27 56	30.05	64.0
			1600				63.0
			2000			30.05	63.0
			2400				64.0
	10	1	400				69.0
			800			30.00	65.0
			1200	30 45	24 45	30.00	63.0
			1600				63.0
			2000			30.04	60.0
			2400				62.0
		2	400				69.0
			800			30.07	61.0
			1200	30 45	22 16		62.0
			1600				60.0
			2000			30.09	60.0
			2400				64.0
		3	400				66.0
			800			30.02	65.0
			1200	31 16	20 34		64.0
			1600				63.0
			2000			29.93	59.0
			2400				60.0
		4	400				62.0
			800			29.80	60.0
			1200	32 32	17 19	29.88	58.0
			1600				58.0
			2000			29.93	56.0
			2400				56.0
		5	400				61.0
			800			30.03	60.0
			1200	33 26	14 56	30.04	54.0
			1600				56.0
			2000			30.00	56.0
			2400				56.0
		6	400				58.0
			800			30.02	56.0
			1200	34 30	13 48		57.0
			1600				55.0
			2000			30.00	59.0
			2400				59.0
		7	400				68.0
			800			30.05	62.0
			1200	35 9	12 9		61.0
			1600				60.0
			2000			30.03	60.0
			2400				59.0
		8	400				60.0
			800			30.07	61.0
			1200	35 16	8 52		59.0
			1600				59.0
			2000			30.09	59.0
			2400				59.0
		9	400				61.0
			800			30.10	59.0
			1200	35 7	5 6		58.0
			1600				57.0
			2000			30.09	57.0
			2400				58.0
		10	400				58.0
			800			30.14	56.0
			1200	35 29	1 13		53.0
			1600				56.0
			2000			30.13	56.0
			2400				57.0
		11	400				62.0
			800			30.14	55.0
			1200	35 7	1 36 E		58.0
			1600				51.0
			2000			30.22	50.0
			2400				51.0
		12	400				57.0
			800			30.24	55.0
			1200	34 52	5 3		55.0
			1600				54.0
			2000			30.23	54.0
			2400				54.0
		13	400				62.0
			800			30.20	58.0
			1200	35 3	8 8		56.0
			1600				55.0
			2000			30.13	55.0
			2400				56.0
		14	400				56.0
			800			30.20	56.0
			1200	34 48	9 20		55.0
			1600				55.0
			2000			30.22	55.0
			2400				56.0
		15	400				58.0
			800			30.28	56.0
			1200	34 41	10 28		53.0
			1600				53.0
			2000			30.22	54.0
			2400				56.0
		16	400				57.0
			800			30.16	59.0
			1200	35 21	12 37		57.0
			1600				56.0
			2000			30.05	57.0
			2400				56.0
		17	400				58.0
			800			30.11	
			1200	34 49	15 48		
			1600				
			2000				
			2400				
		18	400	False Bay			
			800				
			1200				
			1600				
			2000				
			2400				
		19	400				
			800			30.07	59.0
			1200				
			1600				
			2000				
			2400				
		20	400				
			800				
			1200				
			1600				
			2000				
			2400				
		21	400				
			800				
			1200				
			1600				
			2000			30.07	61.0
			2400				
		22	400				
			800			30.05	67.0
			1200				
			1600				
			2000			30.05	75.0
			2400				
		23	400				
			800			30.02	81.0
			1200				
			1600				
			2000				
			2400				
		24	400				
			800			29.97	67.0
			1200				
			1600				
			2000				
			2400				
		25	400				
			800			30.00	68.0
			1200				
			1600				
			2000				
			2400				
		26	400				
			800			29.93	63.0
			1200				
			1600				
			2000				
			2400				
		27	400				
			800			30.22	60.0
			1200				
			1600				
			2000			30.34	60.0
			2400				
		28	400				
			800			30.35	62.0
			1200				
			1600				
			2000			30.05	60.0
			2400				
		29	400				
			800			30.00	64.0
			1200				
			1600				
			2000				
			2400				
		30	400				
			800			30.01	64.0
			1200				
			1600				
			2000				
			2400				
		31	400				
			800				
			1200				
			1600				
			2000				
			2400				
	11	1	400				
			800			30.23	64.5
			1200				
			1600				
			2000				
			2400				
		2	400				
			800			30.06	65.0
			1200				
			1600				
			2000				
			2400				
		3	400				
			800			30.00	70.0
			1200				
			1600				
			2000				
			2400				
		4	400				
			800			30.00	66.0
			1200				
			1600				
			2000				
			2400				
		5	400				
			800			30.09	67.0
			1200				
			1600				
			2000			30.13	59.0
			2400				
		6	400				
			800			30.14	57.0
			1200	34 40	18 46	30.06	68.0
			1600				
			2000			30.02	57.0
			2400				
		7	400				
			800			29.92	57.0
			1200	36 00	20 52	29.93	66.0
			1600				
			2000			29.90	60.0
			2400				
		8	400				
			800			29.84	60.0
			1200	36 34	23 57	29.87	64.0
			1600				
			2000			29.86	60.0
			2400				
		9	400				
			800			29.90	55.0
			1200	36 45	27 33	30.01	57.0
			1600				
			2000			30.12	54.0
			2400				
		10	400				
			800			30.29	54.0
			1200	36 36	30 32	30.27	64.0
			1600				
			2000			30.25	61.0
			2400				
		11	400				
			800			30.11	59.0
			1200	36 39	33 02	29.97	65.0
			1600				
			2000			29.83	64.0
			2400				
		12	400				
			800			29.73	64.0
			1200	36 48	36 37	29.75	61.0
			1600			29.84	62.0
			2000			29.93	58.0
			2400				
		13	400				
			800			30.00	62.0
			1200	36 54	37 56	30.07	64.0
			1600				
			2000			30.04	65.0
			2400				
		14	400				
			800			30.05	65.0
			1200	36 52	40 23	30.07	73.0
			1600				
			2000			30.07	65.0
			2400				
		15	400				
			800			30.05	66.0
			1200	37 33	42 34	30.07	74.0
			1600				
			2000			30.01	64.0
			2400				
		16	400				
			800			29.80	65.0
			1200	37 50	45 20	29.72	69.0
			1600				
			2000			29.71	68.0
			2400				
		17	400				
			800			29.76	65.0
			1200	37 40	49 2	29.85	65.0
			1600				
			2000			29.96	65.0
			2400				
		18	400				
			800			30.10	63.0
			1200	37 32	52 22	30.22	64.0
			1600				
			2000			30.26	63.0
			2400				
		19	400				
			800			30.28	62.0
			1200	37 32	54 4	30.30	65.0
			1600				
			2000			30.23	66.0
			2400				
		20	400				
			800			30.10	63.0
			1200	37 49	57 52	29.96	66.0
			1600				
			2000				
			2400			29.78	67.0
		21	400				
			800			29.78	
			1200	38 6	61 2	29.84	63.0
			1600				
			2000			29.88	64.0
			2400				
		22	400				
			800			29.86	63.0
			1200	37 57	64 7	29.90	64.0
			1600				
			2000			29.97	67.0
			2400				
		23	400				
			800			29.90	65.0
			1200	37 46	67 43	30.05	66.0
			1600				
			2000			30.14	68.0
			2400				
		24	400				
			800			30.18	66.0
			1200	37 57	69 59	30.20	66.0
			1600				
			2000			30.14	65.0
			2400				
		25	400				
			800			30.12	65.0
			1200	38 19	73 34	30.13	66.0
			1600				
			2000			30.12	67.0
			2400				
		26	400				
			800			30.09	65.0
			1200	38 36	76 12	29.98	66.0
			1600				
			2000			29.99	66.0
			2400				
		27	400				
			800			29.95	65.0
			1200	38 12	79 37	29.95	65.0
			1600				
			2000			30.00	64.0
			2400				
		28	400				
			800			30.02	62.0
			1200	37 48	82 32	30.04	64.0
			1600				
			2000			30.05	64.0
			2400				
		29	400				
			800			30.02	62.0
			1200	37 21	85 34	30.03	64.0
			1600				
			2000			30.02	65.0
			2400				
		30	400				
			800			29.99	61.0
			1200	37 1	88 22	29.84	65.0
			1600				
			2000			29.69	65.0
			2400				
	12	1	400				
			800			29.70	61.0
			1200	36 27	92 11	29.78	59.0
			1600				
			2000			29.93	59.0
			2400				
		2	400				
			800			29.97	56.0
			1200	36 9	95 9	29.94	59.0
			1600				
			2000			29.75	58.0
			2400				
		3	400				
			800			29.60	61.0
			1200	35 54	99 2	29.61	61.0
			1600				
			2000			29.65	59.0
			2400				
		4	400				
			800			29.75	57.0
			1200	35 54	102 39	29.88	57.0
			1600				
			2000			29.88	56.0
			2400				
		5	400				
			800			29.86	61.0
			1200	35 39	105 57	29.83	64.0
			1600				
			2000			29.84	66.0
			2400				
		6	400				
			800			29.84	63.0
			1200	35 41	109 6	29.90	66.0
			1600				
			2000			29.91	67.0
			2400				
		7	400				
			800			29.91	65.0
			1200	35 25	111 29	29.92	67.0
			1600				
			2000			29.90	66.0
			2400				
		8	400				
			800			29.85	66.0
			1200	34 45	112 10	29.89	68.0
			1600				
			2000			29.96	68.0
			2400				
		9	400				
			800			30.17	66.0
			1200	35 11	113 2	30.18	66.0
			1600				
			2000			30.08	65.5
			2400				
		10	400				
			800			30.01	66.0
			1200	35 11	113 57		
			1600				
			2000				
			2400				
		11	400				
			800				
			1200	King Georges Sound			
			1600				
			2000				
			2400				
		12	400				
			800			30.20	66.0
			1200	Princess Royal Harbour			
			1600				
			2000				
			2400				
		13	400				
			800			30.20	68.0
			1200				
			1600				
			2000				
			2400				
		14	400				
			800			29.98	70.5
			1200				
			1600				
			2000				
			2400				
		15	400				
			800			29.98	68.0
			1200				
			1600				
			2000			29.90	67.0
			2400				
		16	400				
			800			29.99	68.0
			1200			30.04	68.0
			1600				
			2000				
			2400				
		17	400				
			800			29.97	67.0
			1200			29.88	70.5
			1600				
			2000			29.40	66.0
			2400				
		18	400				
			800			29.42	69.0
			1200			29.51	63.5
			1600				
			2000			29.66	58.5
			2400				
		19	400				
			800			29.72	60.5
			1200			29.84	62.5
			1600				
			2000			29.84	62.0
			2400				
		20	400				
			800			29.84	64.0
			1200			29.87	67.0
			1600				
			2000			29.89	65.0
			2400				
		21	400				
			800			29.82	69.0
			1200			29.86	68.0
			1600				
			2000			29.92	63.0
			2400				
		22	400				
			800			30.00	68.0
			1200			30.02	65.0
			1600				
			2000			30.02	62.0
			2400				
		23	400				
			800			30.01	64.0
			1200			30.02	63.0
			1600				
			2000			30.16	62.0
			2400				
		24	400				
			800			30.28	63.0
			1200			30.18	64.0
			1600				
			2000			30.04	64.0
			2400				
		25	400				
			800			29.88	70.0
			1200			29.89	68.0
			1600				
			2000			29.78	70.0
			2400				
		26	400				
			800			29.90	66.0
			1200			29.98	63.0
			1600				
			2000			30.05	65.0
			2400				
		27	400				
			800			30.05	64.0
			1200			29.96	63.0
			1600				
			2000			29.95	63.0
			2400				
		28	400				
			800			29.97	65.0
			1200			29.97	65.0
			1600				
			2000			29.97	65.0
			2400				
		29	400				
			800			29.96	67.0
			1200			29.96	64.0
			1600				
			2000			29.94	66.0
			2400				
		30	400				
			800			29.94	66.0
			1200			30.04	66.0
			1600				
			2000			30.16	64.0
			2400				
		31	400				
			800			30.14	67.0
			1200			30.18	66.0
			1600				
			2000			30.05	64.0
			2400				
1802	1	1	400				
			800			29.95	67.0
			1200			29.90	68.0
			1600				
			2000			29.90	65.0
			2400				
		2	400				
			800			29.90	68.0
			1200			29.88	68.0
			1600				
			2000			29.74	66.0
			2400				
		3	400				
			800			29.68	69.0
			1200			29.69	68.0
			1600				
			2000			29.69	66.0
			2400				
		4	400				
			800			29.64	68.0
			1200			29.68	69.0
			1600				
			2000			29.78	66.0
			2400				
		5	400				
			800			29.82	64.0
			1200				
			1600				
			2000				
			2400				
		6	400				
			800			29.89	64.0
			1200				
			1600				
			2000			30.00	62.0
			2400				
		7	400				
			800			30.10	65.0
			1200	34 43	119 00	30.09	66.0
			1600				
			2000			29.99	64.0
			2400				
		8	400				
			800			29.98	68.0
			1200	34 25	119 30	29.90	68.0
			1600				
			2000			29.90	67.0
			2400				
		9	400				
			800			29.95	67.0
			1200	34 10	120 21	29.95	68.0
			1600				
			2000			29.99	65.0
			2400				
		10	400				
			800			30.03	68.0
			1200	34 13	121 6		
			1600				
			2000			30.02	69.0
			2400	D'Entrecasteaux Archipelago			
		11	400				
			800			30.08	71.0
			1200			30.19	71.0
			1600				
			2000			30.13	68.0
			2400				
		12	400				
			800			30.23	68.0
			1200				
			1600				
			2000				
			2400				
		13	400				
			800				
			1200				
			1600				
			2000			30.10	65.0
			2400				
		14	400				
			800			30.14	70.0
			1200			29.94	71.0
			1600				
			2000			29.92	68.0
			2400				
		15	400				
			800			29.89	71.0
			1200	34 1	122 41		
			1600				
			2000			29.88	70.0
			2400				
		16	400				
			800			29.85	65.0
			1200	34 8	123 8	29.90	70.0
			1600				
			2000			29.99	65.0
			2400				
		17	400				
			800			29.99	67.0
			1200	33 58	123 45		
			1600				
			2000			29.99	68.0
			2400				
		18	400				
			800			29.95	68.0
			1200	33 17	124 13	29.91	70.5
			1600				
			2000			29.85	70.0
			2400				
		19	400				
			800			29.81	69.0
			1200	32 57	124 59	29.85	70.0
			1600				
			2000			29.90	70.0
			2400				
		20	400				
			800			29.90	67.0
			1200	32 45	125 35	30.04	68.0
			1600				
			2000			30.02	69.0
			2400				
		21	400				
			800			29.91	67.0
			1200	32 38	125 57	30.00	70.0
			1600				
			2000			29.91	71.0
			2400				
		22	400				
			800			29.87	69.0
			1200	32 35	126 28	29.82	73.0
			1600				
			2000			29.65	74.0
			2400				
		23	400				
			800			29.79	73.0
			1200	32 30	127 21	29.84	74.0
			1600				
			2000			29.95	70.0
			2400				
		24	400				
			800			30.07	68.0
			1200	32 14	128 23	30.16	70.0
			1600				
			2000			30.15	68.0
			2400				
		25	400				
			800			30.07	66.0
			1200	32 11	128 29	29.95	68.0
			1600				
			2000			29.84	70.0
			2400				
		26	400				
			800			29.73	69.0
			1200	31 48	129 11	29.76	76.0
			1600				
			2000			29.85	71.0
			2400				
		27	400				
			800			29.84	67.0
			1200	31 48	130 55	29.94	68.0
			1600				
			2000			29.95	70.0
			2400				
		28	400				
			800			29.93	68.0
			1200	32 1	131 28	29.95	69.5
			1600				
			2000			29.95	71.0
			2400				
		29	400				
			800			29.99	69.5
			1200	32 2	131 57	30.02	71.0
			1600				
			2000			30.02	70.0
			2400				
		30	400				
			800			30.01	69.0
			1200	32 15	132 44	29.96	72.0
			1600				
			2000			29.96	72.0
			2400				
		31	400				
			800			29.98	72.0
			1200	32 17	133 9	29.96	72.0
			1600				
			2000			29.93	71.0
			2400				
	2	1	400				
			800			29.98	70.0
			1200	32 23	133 24	29.97	72.0
			1600				
			2000			29.93	72.0
			2400				
		2	400				
			800			29.87	70.0
			1200	32 33	133 42	29.83	72.0
			1600				
			2000			29.80	73.0
			2400				
		3	400				
			800			29.75	72.0
			1200	32 35	134 6	29.74	75.0
			1600			29.74	78.0
			2000			29.76	76.0
			2400				
		4	400				
			800			29.74	78.0
			1200				
			1600				
			2000			29.67	82.0
			2400				
		5	400				
			800			29.70	76.0
			1200	32 34	134 33	29.65	80.0
			1600				
			2000			29.62	82.0
			2400				
		6	400				
			800			29.64	76.5
			1200	32 27	134 20	29.60	82.0
			1600				
			2000			29.62	83.0
			2400				
		7	400				
			800			29.65	81.0
			1200	32 28	134 20	29.70	83.5
			1600				
			2000			29.73	82.0
			2400				
		8	400				
			800			29.69	80.0
			1200	32 30	134 6	29.70	82.0
			1600				
			2000			29.73	83.5
			2400				
		9	400				
			800			29.70	80.0
			1200	32 50	134 25	29.77	77.5
			1600				
			2000			29.74	73.0
			2400				
		10	400				
			800			29.78	73.0
			1200	33 14	135 13	29.87	73.0
			1600				
			2000			29.86	70.0
			2400				
		11	400				
			800				
			1200	33 35	135 24	29.94	68.5
			1600				
			2000			29.95	68.5
			2400				
		12	400				
			800			29.95	66.0
			1200	33 36	135 13	30.00	67.5
			1600				
			2000			30.04	67.0
			2400				
		13	400				
			800			30.05	67.5
			1200	33 43	135 14	30.08	68.0
			1600				
			2000			30.09	68.0
			2400				
		14	400				
			800			30.09	65.0
			1200	33 40	135 18	30.12	65.0
			1600				
			2000			30.14	66.0
			2400				
		15	400				
			800			30.16	65.0
			1200	33 54	135 36	30.13	66.5
			1600				
			2000			30.00	68.0
			2400				
		16	400				
			800			29.96	67.0
			1200	34 33	136 10	30.00	69.0
			1600				
			2000			30.04	71.0
			2400				
		17	400				
			800			30.04	68.0
			1200	34 49	136 9	30.10	66.5
			1600				
			2000			30.08	68.0
			2400				
		18	400				
			800			30.10	66.0
			1200	35 4	136 27	30.05	68.0
			1600				
			2000			30.00	69.0
			2400				
		19	400				
			800			29.90	67.5
			1200	35 12	136 36	29.92	69.0
			1600				
			2000			29.88	69.0
			2400				
		20	400				
			800			29.86	68.0
			1200	35 6	137 00		
			1600				
			2000			29.86	67.5
			2400				
		21	400				
			800			29.93	65.0
			1200	34 56	137 18		
			1600				
			2000			29.94	67.0
			2400				
		22	400				
			800			29.94	66.5
			1200	34 56	137 18	29.86	66.0
			1600				
			2000			29.90	69.0
			2400				
		23	400				
			800			29.91	67.0
			1200	Memory Cove		29.91	67.0
			1600				
			2000			30.05	69.5
			2400				
		24	400				
			800			30.23	66.5
			1200			30.23	66.5
			1600				
			2000			30.36	67.0
			2400				
		25	400				
			800			30.27	66.0
			1200				
			1600				
			2000			30.20	66.0
			2400				
		26	400				
			800			30.17	67.0
			1200				
			1600				
			2000			30.15	69.0
			2400				
		27	400				
			800			30.16	67.5
			1200	34 50	136 14	30.11	72.0
			1600				
			2000				
			2400				
		28	400				
			800			30.03	70.0
			1200			30.00	74.0
			1600				
			2000			29.97	75.0
			2400				
	3	1	400				
			800			29.95	75.0
			1200			29.95	78.0
			1600				
			2000			29.94	75.0
			2400				
		2	400				
			800			29.96	70.0
			1200			29.98	76.0
			1600				
			2000			30.07	71.5
			2400				
		3	400				
			800			30.08	73.5
			1200			29.98	76.5
			1600				
			2000			29.94	69.0
			2400				
		4	400				
			800			30.07	71.0
			1200			30.07	72.0
			1600				
			2000				
			2400				
		5	400				
			800			30.03	70.0
			1200			30.07	70.0
			1600				
			2000				
			2400				
		6	400				
			800				
			1200				
			1600				
			2000			29.97	70.0
			2400				
		7	400				
			800			29.94	70.0
			1200	34 37	136 30	30.02	70.0
			1600				
			2000			30.08	71.0
			2400				
		8	400				
			800			30.10	69.0
			1200	34 8	137 10	30.13	70.0
			1600				
			2000			30.13	71.0
			2400				
		9	400				
			800			30.16	68.0
			1200	33 15	137 48	30.18	67.5
			1600				
			2000			30.18	69.0
			2400				
		10	400				
			800			30.22	65.0
			1200	32 46	138 00	30.14	66.5
			1600				
			2000			30.04	69.0
			2400				
		11	400				
			800			30.04	66.0
			1200			29.94	69.5
			1600				
			2000			29.84	71.0
			2400				
		12	400				
			800			29.75	70.0
			1200			29.72	72.0
			1600				
			2000			29.56	75.0
			2400				
		13	400				
			800			29.77	70.0
			1200	32 57	138 18	29.78	69.5
			1600				
			2000			29.83	69.0
			2400				
		14	400				
			800			29.86	69.0
			1200	33 14	138 8	29.94	69.0
			1600				
			2000			30.05	70.0
			2400				
		15	400				
			800			30.15	69.0
			1200	33 41	137 53	30.22	68.5
			1600				
			2000			30.28	70.0
			2400				
		16	400				
			800			30.26	69.0
			1200	34 3	137 43	30.24	69.0
			1600				
			2000			30.25	69.0
			2400				
		17	400				
			800			30.22	67.5
			1200	34 25	137 53	30.19	69.0
			1600				
			2000			30.00	67.0
			2400				
		18	400				
			800			30.27	66.0
			1200	34 41	137 44	30.29	68.0
			1600				
			2000			30.15	69.0
			2400				
		19	400				
			800			30.10	67.0
			1200	34 53	137 12	30.13	68.0
			1600				
			2000			30.13	67.0
			2400				
		20	400				
			800			30.04	67.0
			1200	35 15	137 30	29.94	69.0
			1600				
			2000			29.90	69.0
			2400				
		21	400				
			800			29.94	66.0
			1200	35 34	137 47	30.10	65.0
			1600				
			2000			30.22	62.5
			2400				
		22	400				
			800				
			1200	35 39	138 16	30.25	67.0
			1600				
			2000			30.25	68.0
			2400				
		23	400				
			800			30.25	63.0
			1200			30.25	68.0
			1600				
			2000			30.24	64.0
			2400				
		24	400				
			800			30.23	61.0
			1200	35 36	138 13	30.24	64.0
			1600				
			2000			30.33	65.0
			2400				
		25	400				
			800			30.38	62.0
			1200	35 14	137 40	30.45	64.0
			1600				
			2000			30.45	63.0
			2400				
		26	400				
			800			30.46	61.5
			1200	35 24	137 57	30.46	63.0
			1600				
			2000			30.43	63.0
			2400				
		27	400				
			800			30.38	63.5
			1200	35 34	138 16	30.38	67.0
			1600				
			2000			30.33	62.0
			2400				
		28	400				
			800			30.32	66.0
			1200	35 9	138 57	30.29	68.0
			1600				
			2000			30.31	71.0
			2400				
		29	400				
			800			30.27	69.0
			1200	34 38	138 47	30.34	71.0
			1600				
			2000			30.35	71.0
			2400				
		30	400				
			800			30.35	69.0
			1200	34 23	138 40	30.34	71.5
			1600				
			2000			30.41	72.0
			2400				
		31	400				
			800			30.41	67.0
			1200	34 24	138 36	30.36	69.0
			1600				
			2000			30.33	70.0
			2400				
	4	1	400				
			800			30.33	68.5
			1200	35 12	138 38	30.31	70.5
			1600				
			2000			30.28	70.0
			2400				
		2	400				
			800				70.5
			1200	35 40	138 45	30.35	70.5
			1600				
			2000			30.27	70.0
			2400				
		3	400				
			800			30.26	69.0
			1200	Kangaroo Island		30.22	72.0
			1600				
			2000			30.17	73.5
			2400				
		4	400				
			800			30.16	69.5
			1200			30.16	72.0
			1600				
			2000			30.15	71.0
			2400				
		5	400				
			800			30.15	69.0
			1200			30.15	72.0
			1600				
			2000			30.12	71.0
			2400				
		6	400				
			800			30.12	71.5
			1200			30.11	72.0
			1600				
			2000			30.09	70.0
			2400				
		7	400				
			800			30.10	67.0
			1200	35 42	138 36	30.10	67.0
			1600				
			2000			30.03	67.0
			2400				
		8	400				
			800			30.05	65.5
			1200	35 45	139 14	30.11	66.0
			1600				
			2000			30.08	66.0
			2400				
		9	400				
			800			30.08	66.0
			1200	35 40	139 26	30.02	66.5
			1600				
			2000			30.00	66.5
			2400				
		10	400				
			800			29.99	66.5
			1200	35 55	139 50	29.97	67.0
			1600				
			2000			29.92	66.5
			2400				
		11	400				
			800			29.85	65.5
			1200	36 12	140 05	29.77	66.0
			1600				
			2000			29.74	69.0
			2400				
		12	400				
			800			29.70	65.0
			1200	36 25	140 20	29.70	66.5
			1600				
			2000			29.80	66.5
			2400				
		13	400				
			800			30.00	63.5
			1200	37 1	140 11	30.09	62.5
			1600				
			2000			30.26	63.0
			2400				
		14	400				
			800			30.34	61.0
			1200	37 22	140 08	30.42	61.0
			1600				
			2000			30.34	60.5
			2400				
		15	400				
			800			30.48	59.5
			1200	37 29	140 19	30.42	60.0
			1600				
			2000			30.37	61.5
			2400				
		16	400				
			800			30.37	63.0
			1200	38 1	140 23	30.25	64.0
			1600				
			2000			30.23	65.0
			2400				
		17	400				
			800			30.14	62.0
			1200	37 53	140 51	30.18	64.5
			1600				
			2000			30.22	63.5
			2400				
		18	400				
			800			30.29	60.0
			1200	38 04	140 54	30.13	61.0
			1600				
			2000			30.05	62.5
			2400				
		19	400				
			800			29.85	62.5
			1200	38 10	141 17	29.76	62.0
			1600				
			2000			29.72	59.0
			2400				
		20	400				
			800			29.64	55.5
			1200	38 35	142 13	29.69	57.5
			1600				
			2000				
			2400				
		21	400				
			800				
			1200				
			1600				
			2000			29.64	59.5
			2400				
		22	400				
			800			29.64	55.0
			1200	39 36	143 45	29.67	56.0
			1600				
			2000			29.68	57.0
			2400				
		23	400				
			800			29.64	57.0
			1200	39 43	143 23	29.86	59.0
			1600				
			2000			30.05	60.0
			2400				
		24	400				
			800			30.28	58.5
			1200	39 31	143 13	30.30	59.0
			1600				
			2000			30.42	60.0
			2400				
		25	400				
			800			30.42	59.0
			1200	38 59	143 38	30.49	61.0
			1600				
			2000			30.46	61.0
			2400				
		26	400				
			800			30.46	60.0
			1200	38 29	143 13	30.47	61.0
			1600				
			2000			30.42	61.0
			2400				
		27	400				
			800			30.37	60.0
			1200	38 16	143 57	30.43	61.0
			1600				
			2000			30.42	61.0
			2400				
		28	400				
			800			30.37	60.0
			1200	Westernport		30.23	61.0
			1600				
			2000			29.87	61.5
			2400				
		29	400				
			800			29.83	61.0
			1200			29.84	63.0
			1600				
			2000			29.87	62.5
			2400				
		30	400				
			800				
			1200			29.84	67.0
			1600				
			2000			29.89	62.5
			2400				
	5	1	400				
			800			29.88	59.0
			1200			29.89	61.0
			1600				
			2000			29.87	61.5
			2400				
		2	400				
			800			29.83	61.0
			1200			29.84	63.0
			1600				
			2000			29.84	66.0
			2400				
		3	400				
			800			29.84	61.0
			1200	38 29	145 39	29.89	61.0
			1600				
			2000			29.90	62.0
			2400				
		4	400				
			800			29.89	65.0
			1200	39 29	146 26	29.82	63.0
			1600				
			2000			29.89	61.0
			2400				
		5	400				
			800			29.88	59.5
			1200	38 52	149 32	29.86	61.0
			1600				
			2000			29.86	63.0
			2400				
		6	400				
			800			29.75	63.0
			1200	37 48	150 10	29.52	65.0
			1600				
			2000			29.59	64.5
			2400				
		7	400				
			800			29.55	61.5
			1200	36 6	151 17	29.63	63.5
			1600				
			2000			29.61	65.0
			2400				
		8	400				
			800			29.80	65.0
			1200	34 7	151 43	29.87	65.0
			1600				
			2000			30.05	65.0
			2400				
		9	400				
			800			30.08	64.0
			1200	33 59	151 03	30.13	62.5
			1600				
			2000			30.16	62.0
			2400				
		10	400				
			800				
			1200	Port Jackson			
			1600				
			2000			30.10	62.0
			2400				
		11	400				
			800			30.12	61.0
			1200			30.14	63.0
			1600				
			2000			30.15	63.0
			2400				
		12	400				
			800			30.18	64.0
			1200			30.19	67.0
			1600				
			2000			30.18	65.0
			2400				
		13	400				
			800			30.20	65.0
			1200			30.24	66.0
			1600				
			2000			30.24	66.0
			2400				
		14	400				
			800			30.24	68.0
			1200			30.24	69.0
			1600				
			2000			30.19	69.0
			2400				
		15	400				
			800			30.16	68.0
			1200			30.14	69.0
			1600				
			2000			30.12	69.0
			2400				
		16	400				
			800			30.12	67.0
			1200			30.04	69.0
			1600				
			2000			29.89	68.0
			2400				
		17	400				
			800			29.84	65.0
			1200			29.84	67.0
			1600				
			2000			29.85	66.0
			2400				
		18	400				
			800			29.87	64.0
			1200			29.86	65.0
			1600				
			2000			29.85	67.0
			2400				
		19	400				
			800			29.85	65.0
			1200			29.90	65.0
			1600				
			2000			30.10	65.0
			2400				
		20	400				
			800			30.10	64.0
			1200			30.10	66.0
			1600				
			2000			30.17	66.0
			2400				
		21	400				
			800			30.10	67.0
			1200			30.10	67.0
			1600				
			2000			30.10	65.0
			2400				
		22	400				
			800			30.09	67.0
			1200			30.09	66.0
			1600				
			2000				
			2400				
		27	400				
			800				
			1200				
			1600				
			2000			30.04	67.0
			2400				
		28	400				
			800			30.11	62.0
			1200			30.10	64.0
			1600				
			2000			30.10	63.0
			2400				
		29	400				
			800			30.14	61.0
			1200			30.07	64.0
			1600				
			2000			30.06	64.0
			2400				
		30	400				
			800			30.17	60.0
			1200			30.14	61.0
			1600				
			2000			30.14	61.0
			2400				
		31	400				
			800			30.21	59.0
			1200			30.26	60.0
			1600				
			2000			30.26	61.0
			2400				
	6	1	400				
			800			30.30	60.0
			1200			30.28	60.0
			1600				
			2000			30.28	61.0
			2400				
		2	400				
			800			30.27	60.0
			1200			30.37	63.0
			1600				
			2000			29.86	62.0
			2400				
		3	400				
			800			29.63	68.0
			1200			29.60	55.0
			1600				
			2000			29.60	54.0
			2400				
		4	400				
			800				59.0
			1200				
			1600				
			2000			29.65	59.0
			2400				
		5	400				
			800			30.06	61.0
			1200			30.16	61.0
			1600				
			2000			30.16	55.0
			2400				
		6	400				
			800			30.30	54.0
			1200			30.30	60.0
			1600				
			2000			30.29	55.0
			2400				
		7	400				
			800			30.26	54.0
			1200			30.24	60.0
			1600				
			2000			30.29	61.0
			2400				
		8	400				
			800			30.30	61.0
			1200			30.27	63.0
			1600				
			2000			30.27	60.0
			2400				
		9	400				
			800			30.25	62.0
			1200			30.20	63.0
			1600				
			2000			30.15	63.0
			2400				
		10	400				
			800			30.10	65.0
			1200			30.10	62.0
			1600				
			2000				
			2400				
		11	400				
			800			29.97	62.0
			1200			29.97	60.0
			1600				
			2000			29.97	57.0
			2400				
		12	400				
			800			29.96	59.0
			1200			30.27	59.0
			1600				
			2000			29.97	55.0
			2400				
		13	400				
			800				
			1200				
			1600				
			2000			29.95	55.0
			2400				
		14	400				
			800			29.96	57.0
			1200			29.98	58.0
			1600				
			2000			29.95	57.0
			2400				
		15	400				
			800				
			1200			29.96	58.0
			1600				
			2000			29.98	57.0
			2400				
		16	400				
			800			30.00	58.0
			1200			30.03	57.0
			1600				
			2000			30.00	57.0
			2400				
		17	400				
			800			30.01	55.0
			1200			29.92	56.0
			1600				
			2000			29.91	56.0
			2400				
		18	400				
			800			29.91	53.0
			1200			29.90	55.0
			1600				
			2000			29.88	56.0
			2400				
		19	400				
			800			29.94	55.0
			1200			30.00	55.0
			1600				
			2000			30.00	55.0
			2400				
		20	400				
			800			30.10	53.0
			1200			30.10	54.0
			1600				
			2000			30.08	56.0
			2400				
		21	400				
			800			30.08	54.0
			1200			30.08	54.0
			1600				
			2000			30.08	55.0
			2400				
		22	400				
			800			30.07	53.0
			1200			30.13	54.0
			1600				
			2000			30.18	54.0
			2400				
		23	400				
			800			30.23	52.0
			1200			30.24	53.0
			1600				
			2000			30.24	53.0
			2400				
		24	400				
			800			30.22	51.0
			1200			30.18	53.0
			1600				
			2000				
			2400				
		25	400				
			800				
			1200			29.90	59.0
			1600				
			2000			29.85	61.0
			2400				
		26	400				
			800			30.00	60.0
			1200			30.05	60.0
			1600				
			2000			30.07	58.0
			2400				
		27	400				
			800			30.50	56.0
			1200			30.36	57.0
			1600				
			2000			30.35	57.0
			2400				
		28	400				
			800			30.35	58.0
			1200			30.23	58.0
			1600				
			2000			30.22	58.0
			2400				
		29	400				
			800			30.19	58.0
			1200			30.19	59.0
			1600				
			2000			30.13	58.0
			2400				
		30	400				
			800			30.13	56.0
			1200			30.12	59.0
			1600				
			2000			30.12	58.0
			2400				
	7	1	400				
			800			30.11	57.0
			1200			30.13	56.0
			1600				
			2000			30.13	58.0
			2400				
		2	400				
			800			30.14	57.0
			1200			30.21	60.0
			1600				
			2000			30.17	60.0
			2400				
		3	400				
			800			30.18	60.0
			1200			30.17	62.0
			1600				
			2000			30.17	62.0
			2400				
		4	400				
			800			30.04	61.0
			1200			29.90	61.0
			1600				
			2000			30.01	60.0
			2400				
		5	400				
			800			30.01	58.0
			1200			30.01	58.0
			1600				
			2000			30.12	60.0
			2400				
		6	400				
			800			30.07	59.0
			1200			30.07	60.0
			1600				
			2000			30.01	60.0
			2400				
		7	400				
			800			29.99	59.0
			1200			30.01	60.0
			1600				
			2000			29.97	59.0
			2400				
		8	400				
			800			29.87	58.0
			1200			29.87	59.0
			1600				
			2000			29.87	59.0
			2400				
		9	400				
			800			29.83	54.0
			1200			29.80	54.0
			1600				
			2000			29.80	53.0
			2400				
		10	400				
			800			29.92	55.0
			1200			29.92	58.0
			1600				
			2000			29.93	55.0
			2400				
		11	400				
			800			29.94	54.0
			1200			29.94	54.0
			1600				
			2000			29.96	54.0
			2400				
		12	400				
			800			29.90	53.0
			1200			30.00	55.0
			1600				
			2000			30.09	55.0
			2400				
		13	400				
			800			30.08	53.0
			1200			30.10	57.0
			1600				
			2000			30.11	56.0
			2400				
		14	400				
			800			30.12	53.0
			1200			30.12	56.0
			1600				
			2000			30.10	56.0
			2400				
		15	400				
			800			30.10	55.0
			1200			30.09	56.0
			1600				
			2000			30.10	55.0
			2400				
		16	400				
			800			30.13	54.0
			1200			30.20	56.0
			1600				
			2000			30.20	56.0
			2400				
		17	400				
			800			30.15	59.0
			1200			30.15	59.0
			1600				
			2000			30.15	58.0
			2400				
		18	400				
			800			30.10	55.0
			1200			30.08	56.0
			1600				
			2000			30.07	56.0
			2400				
		19	400				
			800			30.09	54.0
			1200			30.05	55.0
			1600				
			2000			30.05	55.0
			2400				
		20	400				
			800				55.0
			1200			30.07	56.0
			1600				
			2000				
			2400				
		21	400				
			800				
			1200	Departure from Port Jackson			
			1600				
			2000				
			2400				
		22	400				
			800				
			1200	33 33	151 41		
			1600				
			2000			30.03	58.0
			2400				
		23	400				
			800			30.03	55.5
			1200	32 16	153 5	30.02	59.0
			1600				
			2000			30.05	58.0
			2400				
		24	400				
			800			30.06	56.0
			1200	31 12	152 53	30.14	59.0
			1600				
			2000			30.09	61.0
			2400				
		25	400				
			800			30.09	59.0
			1200	29 9	153 30	30.11	59.0
			1600				
			2000			30.06	62.0
			2400				
		26	400				
			800			30.03	61.0
			1200	27 21	153 29	30.02	63.0
			1600				
			2000			30.00	63.0
			2400				
		27	400				
			800			29.98	60.0
			1200	26 1	153 22	29.99	61.0
			1600				
			2000			30.00	62.0
			2400				
		28	400				
			800			30.05	60.0
			1200	24 33	153 24	30.06	61.0
			1600				
			2000			30.04	63.5
			2400				
		29	400				
			800				
			1200	24 20	153 13	30.09	62.5
			1600				
			2000			30.10	63.0
			2400				
		30	400				
			800			30.10	61.0
			1200	24 38	153 5	30.02	61.0
			1600				
			2000			30.02	61.0
			2400				
		31	400				
			800				
			1200	24 40	153 10	30.21	59.5
			1600				
			2000				
			2400				
	8	1	400				
			800			30.30	60.0
			1200	24 38	152 47	30.27	61.0
			1600				
			2000			30.33	63.0
			2400				
		2	400				
			800			30.29	63.0
			1200	24 30	152 4	30.24	64.0
			1600				
			2000			30.18	66.0
			2400				
		3	400				
			800			30.08	64.0
			1200	24 5	152 52	30.03	68.0
			1600				
			2000			29.97	69.0
			2400				
		4	400				
			800			30.03	69.0
			1200	23 47	151 41	30.07	66.5
			1600				
			2000			30.07	67.0
			2400				
		5	400				
			800			30.10	65.0
			1200	23 44	151 21	30.13	66.5
			1600				
			2000			30.13	69.0
			2400				
		6	400				
			800			30.06	69.0
			1200	"Entrance of No. 1 port,"			
			1600	East coast			
			2000			30.24	67.0
			2400				
		7	400				
			800			30.24	66.0
			1200				
			1600				
			2000			30.26	69.0
			2400				
		8	400				
			800			30.24	66.0
			1200			30.22	65.0
			1600				
			2000			30.19	66.5
			2400				
		9	400				
			800			30.14	64.5
			1200	23 25	151 5	30.12	64.0
			1600				
			2000			30.11	67.0
			2400				
		10	400				
			800			30.13	65.0
			1200	23 29	151 2	30.12	65.0
			1600				
			2000			30.19	66.0
			2400				
		11	400				
			800			30.22	66.0
			1200	Keppel Bay		30.20	66.0
			1600				
			2000			30.27	67.0
			2400				
		12	400				
			800			30.29	65.0
			1200			30.30	67.0
			1600				
			2000			30.19	68.0
			2400				
		13	400				
			800			30.26	66.0
			1200			30.26	67.0
			1600				
			2000			30.22	67.0
			2400				
		14	400				
			800			30.20	65.0
			1200			30.14	69.0
			1600				
			2000			30.14	69.0
			2400				
		15	400				
			800				
			1200			30.18	68.0
			1600				
			2000			30.12	69.0
			2400				
		16	400				
			800			30.19	67.0
			1200			30.09	70.0
			1600				
			2000			30.03	71.0
			2400				
		17	400				
			800			30.02	71.0
			1200		150 59		
			1600				
			2000			30.03	73.0
			2400				
		18	400				
			800			30.03	67.0
			1200	23 8	150 56	30.00	70.0
			1600				
			2000			30.00	70.0
			2400				
		19	400				
			800			30.02	71.0
			1200	23 53	150 52	30.01	71.0
			1600				
			2000			29.94	71.0
			2400				
		20	400				
			800			29.93	71.0
			1200	23 37	150 50	29.95	73.0
			1600				
			2000			29.96	74.0
			2400				
		21	400				
			800			29.98	72.0
			1200	23 31	150 37	29.88	71.0
			1600				
			2000			30.01	73.0
			2400				
		22	400				
			800			30.02	71.5
			1200	No. 2 port discovered		30.01	69.5
			1600	on the east coast			
			2000			30.05	72.0
			2400				
		23	400				
			800			30.10	69.0
			1200			30.08	70.0
			1600				
			2000			30.04	70.5
			2400				
		24	400				
			800			30.03	67.0
			1200	22 27	150 37	30.04	70.5
			1600				
			2000			29.99	70.0
			2400				
		25	400				
			800			29.99	69.0
			1200	22 21	150 39	30.00	71.0
			1600				
			2000			30.01	73.0
			2400				
		26	400				
			800			30.02	72.0
			1200	22 1	150 33	30.06	71.0
			1600				
			2000			30.00	73.0
			2400				
		27	400				
			800			30.04	72.0
			1200	22 4	150 30	30.10	71.0
			1600				
			2000			30.09	74.0
			2400				
		28	400				
			800			30.10	71.0
			1200	22 5	150 20	30.16	72.0
			1600				
			2000			30.15	73.0
			2400				
		29	400				
			800			30.16	71.0
			1200	22 23	150 23	30.13	72.0
			1600				
			2000			30.13	73.0
			2400				
		30	400				
			800			30.15	72.0
			1200	22 24	150 22	30.15	72.0
			1600				
			2000			30.08	73.0
			2400				
		31	400				
			800			30.05	78.0
			1200				74.0
			1600				
			2000			29.94	
			2400				
	9	1	400				
			800				
			1200				
			1600				
			2000				75.0
			2400				
		2	400				
			800				72.0
			1200	22 24	150 12		67.0
			1600				
			2000			30.09	71.0
			2400				
		3	400				
			800			30.15	68.0
			1200	Shoal-water Bay		30.20	68.0
			1600				
			2000			30.11	
			2400				
		4	400				
			800			30.18	
			1200			30.23	
			1600				
			2000			30.16	70.0
			2400				
		5	400				
			800			30.11	70.0
			1200		149 56	30.13	72.0
			1600				
			2000			30.01	73.0
			2400				
		6	400				
			800			30.00	72.0
			1200	Thirsty Sound		30.05	75.0
			1600				
			2000			30.06	74.0
			2400				
		7	400				
			800			30.20	73.0
			1200			30.21	72.0
			1600				
			2000			30.22	73.0
			2400				
		8	400				
			800			30.24	70.0
			1200	22 00	149 31	30.19	71.0
			1600				
			2000			30.19	71.0
			2400				
		9	400				
			800			30.15	71.0
			1200	21 47	149 20	30.15	72.0
			1600				
			2000			30.10	72.0
			2400				
		10	400				
			800			30.12	72.0
			1200	21 59	149 13	30.13	71.0
			1600				
			2000			30.16	72.0
			2400				
		11	400				
			800			30.18	72.0
			1200	22 13	149 19	30.19	72.0
			1600				
			2000			30.18	72.0
			2400				
		12	400				
			800			30.11	69.0
			1200	22 21	149 26	30.13	69.0
			1600				
			2000			30.12	71.0
			2400				
		13	400				
			800			30.12	70.0
			1200	22 26	149 29	30.07	72.0
			1600				
			2000			30.01	73.0
			2400				
		14	400				
			800			29.97	71.0
			1200	22 24	149 28	30.00	75.0
			1600				
			2000			30.00	75.0
			2400				
		15	400				
			800			29.97	74.0
			1200	Broad Sound		29.97	76.0
			1600				
			2000			29.96	75.0
			2400				
		16	400				
			800			29.95	76.0
			1200			30.00	76.0
			1600				
			2000			30.08	75.0
			2400				
		17	400				
			800			30.10	75.0
			1200			30.14	76.0
			1600				
			2000			30.08	75.0
			2400				
		18	400				
			800			30.08	75.0
			1200			30.08	76.0
			1600				
			2000				
			2400				
		19	400				
			800				
			1200	22 20	149 27	30.07	75.5
			1600				
			2000			30.01	76.0
			2400				
		20	400				
			800			30.01	74.0
			1200	22 16	149 28	30.04	75.0
			1600				
			2000			30.02	77.0
			2400				
		21	400				
			800			30.07	72.0
			1200	Broad Sound		30.13	72.0
			1600				
			2000			30.10	74.0
			2400				
		22	400				
			800			30.07	72.0
			1200			30.15	74.0
			1600				
			2000			30.10	76.0
			2400				
		23	400				
			800			30.13	73.0
			1200			30.13	75.0
			1600				
			2000			30.07	76.0
			2400				
		24	400				
			800			30.03	75.0
			1200	22 16	149 25	29.97	76.0
			1600				
			2000			30.09	76.0
			2400				
		25	400				
			800			30.05	69.0
			1200	22 23	149 20	30.07	72.0
			1600				
			2000			30.06	74.0
			2400				
		26	400				
			800			30.01	71.0
			1200			30.01	74.5
			1600				
			2000			29.96	76.0
			2400				
		27	400				
			800			29.97	74.0
			1200	22 17	149 55	29.96	76.0
			1600				
			2000			29.98	75.0
			2400				
		28	400				
			800			30.00	76.0
			1200	21 56	150 13	30.07	75.0
			1600				
			2000			30.10	76.0
			2400				
		29	400				
			800			30.11	74.0
			1200	21 45	150 25	30.10	75.0
			1600				
			2000			30.11	76.0
			2400				
		30	400				
			800			30.02	76.0
			1200	Northern Northumberland Isles		30.18	74.0
			1600				
			2000			30.16	74.0
			2400				
	10	1	400				
			800			30.13	73.0
			1200			30.10	74.0
			1600				
			2000			30.10	74.0
			2400				
		2	400				
			800			30.10	73.0
			1200			30.02	74.0
			1600				
			2000			30.02	75.0
			2400				
		3	400				
			800			30.06	75.0
			1200			30.08	75.0
			1600				
			2000			30.10	75.0
			2400				
		4	400				
			800			30.08	74.0
			1200	21 32	150 27	30.16	76.0
			1600				
			2000			30.15	71.0
			2400				
		5	400				
			800			30.14	75.0
			1200	21 11	150 45	30.16	76.0
			1600				
			2000			30.15	76.0
			2400				
		6	400				
			800			30.13	75.0
			1200	20 49	150 44	30.13	77.0
			1600				
			2000			30.09	76.0
			2400				
		7	400				
			800			30.10	75.0
			1200	20 54	151 3	30.15	78.0
			1600				
			2000			30.10	77.0
			2400				
		8	400				
			800			30.10	76.0
			1200	20 52	151 9	30.15	77.0
			1600				
			2000			30.10	78.0
			2400				
		9	400				
			800			30.12	77.5
			1200	20 55	151 19	30.13	79.0
			1600				
			2000			30.13	78.0
			2400				
		10	400				
			800			30.20	77.0
			1200	20 55	151 8	30.19	76.0
			1600				
			2000			30.16	76.0
			2400				
		11	400				
			800			30.13	75.0
			1200	20 46	151 01	30.19	76.0
			1600				
			2000			30.13	75.0
			2400				
		12	400				
			800			30.14	76.0
			1200	20 50	151 01	30.13	78.0
			1600				
			2000			30.18	77.0
			2400				
		13	400				
			800			30.03	75.0
			1200	20 41	150 48	30.05	78.0
			1600				
			2000			30.05	78.0
			2400				
		14	400				
			800			30.00	75.0
			1200	20 58	150 28	29.98	77.0
			1600				
			2000			29.96	77.5
			2400				
		15	400				
			800			29.97	77.0
			1200	20 43	150 19	30.04	76.0
			1600				
			2000			30.01	75.0
			2400				
		16	400				
			800			30.04	76.0
			1200	20 51	149 53	30.07	77.0
			1600				
			2000			30.11	78.0
			2400				
		17	400				
			800			30.07	76.0
			1200	20 24	149 54	30.11	77.0
			1600				
			2000			30.17	78.0
			2400				
		18	400				
			800			30.12	77.0
			1200	20 00	150 1	30.13	77.0
			1600				
			2000			30.14	77.0
			2400				
		19	400				
			800			30.14	76.0
			1200	19 37	149 17	30.15	77.0
			1600				
			2000			30.15	77.0
			2400				
		20	400				
			800			30.19	76.0
			1200	19 9	148 52	30.14	78.0
			1600				
			2000			30.14	77.0
			2400				
		21	400				
			800			30.06	77.0
			1200	17 47	149 20	30.07	79.0
			1600				
			2000			30.07	76.0
			2400				
		22	400				
			800			30.06	75.0
			1200	16 51	149 49	30.02	79.0
			1600				
			2000			30.01	79.0
			2400				
		23	400				
			800			30.02	78.0
			1200	15 34	150 7	30.04	81.0
			1600				
			2000			30.04	80.0
			2400				
		24	400				
			800			29.97	81.0
			1200	13 45	150 00	30.00	81.0
			1600				
			2000			30.00	81.0
			2400				
		25	400				
			800			29.94	81.0
			1200	12 47	149 14	29.92	82.0
			1600				
			2000			29.90	81.0
			2400				
		26	400				
			800			29.85	82.0
			1200	11 44	149 00	29.86	82.0
			1600				
			2000			29.86	82.0
			2400				
		27	400				
			800			29.85	79.0
			1200	10 39	148 28	29.83	80.0
			1600				
			2000			29.86	80.0
			2400				
		28	400				
			800			29.84	79.0
			1200	10 00	148 00	29.88	81.0
			1600				
			2000			29.88	82.0
			2400				
		29	400				
			800			29.85	81.0
			1200	9 59	146 40	29.92	83.0
			1600				
			2000			29.86	82.0
			2400				
		30	400				
			800			29.85	82.0
			1200	9 51	146 12	29.84	83.0
			1600				
			2000			29.89	82.0
			2400				
		31	400				
			800			29.90	82.0
			1200	10 31	145 16	29.92	83.0
			1600				
			2000			29.90	82.0
			2400				
	11	1	400				
			800			29.92	81.0
			1200	10 3	144 57	29.91	82.0
			1600				
			2000			29.92	82.0
			2400				
		2	400				
			800			29.93	81.0
			1200	10 35	144 50	29.97	82.0
			1600				
			2000			29.95	82.5
			2400				
		3	400				
			800				
			1200	10 52	144 42	29.98	85.0
			1600				
			2000			30.01	83.0
			2400				
		4	400				
			800			29.98	81.0
			1200	11 25	144 28	29.97	83.0
			1600				
			2000			29.99	83.0
			2400				
		5	400				
			800			29.99	81.0
			1200	11 41	144 37	30.00	82.0
			1600				
			2000			29.99	81.0
			2400				
		6	400				
			800			29.96	80.0
			1200	11 56	144 25	30.04	80.0
			1600				
			2000			29.97	81.0
			2400				
		7	400				
			800			29.95	80.0
			1200	12 10	144 24	29.92	81.0
			1600				
			2000			29.93	81.0
			2400				
		8	400				
			800			29.93	80.0
			1200	12 30	144 19	29.90	82.0
			1600				
			2000			29.94	82.0
			2400				
		9	400				
			800			29.94	80.0
			1200	12 56	144 21	29.95	82.0
			1600				
			2000			29.91	83.0
			2400				
		10	400				
			800			29.93	81.0
			1200	13 39	144 10	29.90	82.0
			1600				
			2000			29.97	83.0
			2400				
		11	400				
			800			29.97	81.0
			1200	14 45	144 24	29.96	82.0
			1600				
			2000			29.94	81.0
			2400				
		12	400				
			800			29.95	80.0
			1200	15 20	144 00	29.95	83.0
			1600				
			2000			29.90	82.0
			2400				
		13	400				
			800			29.91	79.0
			1200	16 13	143 40	29.95	82.0
			1600				
			2000				
			2400				
		14	400				
			800				
			1200	16 57	143 45		
			1600				
			2000			29.96	80.0
			2400				
		15	400				
			800			29.94	79.0
			1200	16 13	143 40	29.97	83.0
			1600				
			2000			29.94	83.0
			2400				
		16	400				
			800			29.90	82.0
			1200	17 19	142 22	30.02	83.0
			1600				
			2000			29.97	82.0
			2400				
		17	400				
			800			30.06	81.0
			1200	17 5	142 11	29.93	82.0
			1600				
			2000				
			2400				
		18	400				
			800				
			1200				
			1600				
			2000			29.95	82.0
			2400				
		19	400				
			800			29.96	81.0
			1200	17 12	141 54	29.94	82.0
			1600				
			2000			29.97	82.0
			2400				
		20	400				
			800			29.91	81.0
			1200	17 3	141 51	30.00	84.5
			1600				
			2000			29.94	85.0
			2400				
		21	400				
			800			29.94	83.0
			1200	17 7	142 00	30.00	84.0
			1600				
			2000			29.95	84.0
			2400				
		22	400				
			800				
			1200	17 4	142 07	29.97	86.0
			1600				
			2000			29.95	86.0
			2400				
		23	400				
			800			29.95	85.0
			1200	Head of the Gulf of Carpentaria - between a and b isles		29.94	85.0
			1600				
			2000			29.85	86.0
			2400				
		24	400				
			800			29.85	84.0
			1200			29.90	86.0
			1600				
			2000			29.99	86.0
			2400				
		25	400				
			800			29.99	84.0
			1200			29.97	86.0
			1600				
			2000			29.94	85.0
			2400				
		26	400				
			800			29.84	85.0
			1200			29.85	86.0
			1600				
			2000			29.83	84.0
			2400				
		27	400				
			800			29.83	83.0
			1200			29.91	84.0
			1600				
			2000			29.86	84.0
			2400				
		28	400				
			800			29.86	84.0
			1200			29.84	85.0
			1600				
			2000			29.70	90.0
			2400				
		29	400				
			800			29.90	89.0
			1200	17 6	142 08	29.94	85.0
			1600				
			2000			29.88	87.0
			2400				
		30	400				
			800			29.88	83.0
			1200	17 11	142 20	29.95	84.0
			1600				
			2000			29.94	85.0
			2400				
	12	1	400				
			800			29.95	84.0
			1200	16 51	139 52	29.96	85.0
			1600				
			2000			29.89	87.0
			2400				
		2	400				
			800			29.89	84.0
			1200	16 48	139 42	30.00	86.0
			1600				
			2000			29.95	85.0
			2400				
		3	400				
			800			29.94	85.0
			1200	16 36	139 59	29.97	86.0
			1600				
			2000			29.95	85.0
			2400				
		4	400				
			800			29.91	86.0
			1200	16 39	140 9	30.00	86.0
			1600				
			2000			29.93	85.0
			2400				
		5	400				
			800			30.05	85.0
			1200	16 38	140 1	30.01	84.0
			1600				
			2000			29.96	83.0
			2400				
		6	400				
			800			29.94	82.0
			1200	16 21	140 5	29.99	83.0
			1600				
			2000			29.92	85.0
			2400				
		7	400				
			800			29.96	83.0
			1200	16 26	139 35	29.91	83.0
			1600				
			2000			29.92	84.0
			2400				
		8	400				
			800			29.90	83.0
			1200	16 38	139 4	29.96	83.0
			1600				
			2000			29.96	84.0
			2400				
		9	400				
			800			29.95	83.0
			1200	16 34	138 40	29.96	85.0
			1600				
			2000			29.88	84.0
			2400				
		10	400				
			800			29.88	83.0
			1200	16 20	138 18	29.88	83.0
			1600				
			2000			29.86	85.0
			2400				
		11	400				
			800			29.86	86.0
			1200	16 10	138 8	29.89	85.0
			1600				
			2000			29.92	85.0
			2400				
		12	400				
			800			29.94	84.0
			1200	16 4	138 2	29.93	86.0
			1600				
			2000			29.86	85.0
			2400				
		13	400				
			800			29.96	85.0
			1200	15 48	137 37	29.99	86.0
			1600				
			2000			29.89	85.0
			2400				
		14	400				
			800			29.88	84.0
			1200	15 39	137 33	29.86	85.0
			1600				
			2000			29.85	85.0
			2400				
		15	400				
			800			29.85	85.0
			1200	15 34	137 29	29.86	86.0
			1600				
			2000			29.85	85.0
			2400				
		16	400				
			800			29.83	85.0
			1200	15 32	137 14	29.85	86.0
			1600				
			2000			29.89	85.0
			2400				
		17	400				
			800			29.89	85.0
			1200	C Vanderlin		29.80	86.0
			1600				
			2000			29.90	85.0
			2400				
		18	400				
			800			29.96	84.0
			1200			29.96	84.0
			1600				
			2000			29.87	84.0
			2400				
		19	400				
			800			29.85	82.0
			1200	15 39	137 17	29.96	83.0
			1600				
			2000			29.83	84.0
			2400				
		20	400				
			800			29.84	82.0
			1200	15 42	137 9	29.86	84.0
			1600				
			2000			29.86	83.0
			2400				
		21	400				
			800			29.80	80.0
			1200	15 40	137 16	29.89	81.0
			1600				
			2000			29.85	82.0
			2400				
		22	400				
			800			29.84	82.0
			1200	15 35	137 19	29.85	83.0
			1600				
			2000			29.90	85.0
			2400				
		23	400				
			800			29.88	82.0
			1200	C Vanderlin		29.78	84.0
			1600				
			2000			29.76	86.0
			2400				
		24	400				
			800			29.76	87.0
			1200			29.81	85.0
			1600				
			2000			29.78	87.0
			2400				
		25	400				
			800			29.62	85.0
			1200			29.82	86.0
			1600				
			2000			29.74	85.0
			2400				
		26	400				
			800			29.79	84.0
			1200			29.83	87.0
			1600				
			2000			29.80	89.0
			2400				
		27	400				
			800			29.83	86.0
			1200	15 23	137 24		86.0
			1600				
			2000			29.78	88.0
			2400				
		28	400				
			800			29.78	88.0
			1200	15 23	137 10	29.81	87.0
			1600				
			2000			29.82	89.0
			2400				
		29	400				
			800			29.81	87.0
			1200	15 11	137 2	29.84	87.0
			1600				
			2000			29.83	90.0
			2400				
		30	400				
			800			29.83	85.0
			1200	15 14	136 37	29.72	85.0
			1600				
			2000			29.69	88.0
			2400				
		31	400				
			800			29.69	86.0
			1200	14 46	136 25	29.79	86.0
			1600				
			2000			29.81	87.0
			2400				
1803	1	1	400				
			800			29.81	84.0
			1200	15 1	136 08	29.74	88.0
			1600				
			2000			29.63	82.0
			2400				
		2	400				
			800			29.63	83.0
			1200	14 26	136 12	29.72	85.0
			1600				
			2000			29.69	89.0
			2400				
		3	400				
			800			29.80	85.0
			1200	14 3	136 28	29.77	85.0
			1600				
			2000			29.73	82.0
			2400				
		4	400				
			800			29.74	82.0
			1200	13 51	136 26	29.80	83.0
			1600				
			2000			29.76	85.0
			2400				
		5	400				
			800			29.76	82.0
			1200	13 52	136 35	29.75	85.0
			1600				
			2000			29.73	86.0
			2400				
		6	400				
			800			29.73	85.0
			1200	14 11	136 42	29.77	86.0
			1600				
			2000			29.75	85.0
			2400				
		7	400				
			800			29.77	84.0
			1200	14 23	136 56	29.73	86.0
			1600				
			2000			29.73	85.0
			2400				
		8	400				
			800			29.74	84.0
			1200	14 22	137 10	29.81	86.0
			1600				
			2000			29.78	86.0
			2400				
		9	400				
			800			29.69	85.0
			1200	14 19	137 26	29.83	86.0
			1600				
			2000			29.86	85.0
			2400				
		10	400				
			800			29.85	83.0
			1200	13 58	137 31	29.86	85.0
			1600				
			2000			29.85	86.0
			2400				
		11	400				
			800			29.85	85.0
			1200	13 41	137 39	29.92	86.0
			1600				
			2000			29.91	86.0
			2400				
		12	400				
			800			29.91	86.0
			1200	13 35	137 32	29.97	85.0
			1600				
			2000			29.92	86.0
			2400				
		13	400				
			800			29.94	84.0
			1200	13 31	137 24	29.99	86.0
			1600				
			2000			29.88	82.0
			2400				
		14	400				
			800			29.88	83.0
			1200	13 35	137 2	29.91	86.0
			1600				
			2000			29.89	87.0
			2400				
		15	400				
			800			29.96	82.0
			1200	13 44	137 1	30.00	85.0
			1600				
			2000			29.96	88.0
			2400				
		16	400				
			800			29.97	85.0
			1200	Groote Eyland		29.96	87.0
			1600				
			2000			29.96	88.0
			2400				
		17	400				
			800			29.96	85.0
			1200	13 29	137 10	29.94	86.0
			1600				
			2000			29.86	88.0
			2400				
		18	400				
			800			29.92	85.0
			1200	13 35	136 55	29.99	87.0
			1600				
			2000			29.88	88.0
			2400				
		19	400				
			800			29.84	85.0
			1200	13 43	136 54	29.97	86.0
			1600				
			2000			29.92	86.0
			2400				
		20	400				
			800			29.92	85.0
			1200	13 33	136 47	29.98	88.0
			1600				
			2000			29.91	87.0
			2400				
		21	400				
			800			29.95	85.0
			1200	13 30	136 43	30.00	86.0
			1600				
			2000			29.91	87.0
			2400				
		22	400				
			800				29.94	84.0
			1200			29.95	85.0
			1600				
			2000			29.95	86.0
			2400				
		23	400				
			800			29.95	84.0
			1200	13 33	136 41	29.94	85.0
			1600				
			2000			29.95	83.0
			2400				
		24	400				
			800			29.90	84.0
			1200	13 34	136 48	29.92	84.0
			1600				
			2000			29.92	82.0
			2400				
		25	400				
			800			29.89	83.0
			1200	13 29	136 51	29.89	85.0
			1600				
			2000			29.89	85.0
			2400				
		26	400				
			800			29.89	85.0
			1200	13 17	136 58	29.95	86.0
			1600				
			2000			29.95	84.0
			2400				
		27	400				
			800			29.91	85.0
			1200	13 16	136 44	29.89	86.0
			1600				
			2000			29.92	85.0
			2400				
		28	400				
			800			29.91	85.0
			1200	13 14	136 47	29.93	85.0
			1600				
			2000			29.92	85.0
			2400				
		29	400				
			800			29.92	83.0
			1200	13 17	136 45	29.93	83.0
			1600				
			2000			29.97	83.0
			2400				
		30	400				
			800			29.88	84.0
			1200	13 16	136 47	29.89	85.0
			1600				
			2000			29.90	85.0
			2400				
		31	400				
			800			29.83	82.0
			1200	13 24	136 59	29.84	84.0
			1600				
			2000			29.86	83.0
			2400				
	2	1	400				
			800			29.80	82.0
			1200	13 22	137 5	29.84	82.0
			1600				
			2000			29.83	84.0
			2400				
		2	400				
			800			29.88	84.0
			1200	13 12	137 23	29.88	85.0
			1600				
			2000			29.87	85.0
			2400				
		3	400				
			800			29.85	85.0
			1200	12 50	137 16	29.89	86.0
			1600				
			2000			29.94	86.0
			2400				
		4	400				
			800			29.95	86.0
			1200	12 47	137 15	29.88	85.0
			1600				
			2000			29.79	85.0
			2400				
		5	400				
			800			29.81	84.0
			1200	"Arnhem, South Bay"		29.85	86.0
			1600				
			2000				
			2400				
		6	400				
			800			29.88	85.0
			1200			29.88	83.0
			1600				
			2000			29.86	84.0
			2400				
		7	400				
			800			29.84	84.0
			1200			29.84	85.0
			1600				
			2000			29.85	84.0
			2400				
		8	400				
			800			29.82	83.0
			1200			29.84	85.0
			1600				
			2000			29.81	87.0
			2400				
		9	400				
			800			29.79	83.0
			1200			29.80	85.0
			1600				
			2000			29.79	84.0
			2400				
		10	400				
			800			29.79	83.0
			1200	12 51	136 56	29.87	85.0
			1600				
			2000			29.85	82.0
			2400				
		11	400				
			800			29.80	84.0
			1200	12 21	137 9	29.85	82.5
			1600				
			2000			29.86	82.0
			2400				
		12	400				
			800			29.86	82.0
			1200	12 15	136 59	29.86	83.0
			1600				
			2000			29.86	83.0
			2400				
		13	400				
			800			29.85	83.0
			1200	12 8	136 47	29.84	84.0
			1600				
			2000			29.80	84.0
			2400				
		14	400				
			800			29.83	83.0
			1200	12 13	136 50	29.86	84.0
			1600				
			2000			29.82	85.0
			2400				
		15	400				
			800			29.83	84.0
			1200	Arnhem north bay		29.84	85.0
			1600				
			2000			29.83	85.0
			2400				
		16	400				
			800			29.84	84.0
			1200			29.84	84.0
			1600				
			2000			29.85	83.0
			2400				
		17	400				
			800			29.81	83.0
			1200	11 54	136 45	29.82	85.0
			1600				
			2000			29.80	84.0
			2400				
		18	400				
			800			29.79	80.0
			1200	11 53	136 41	29.80	84.0
			1600				
			2000			29.76	84.0
			2400				
		19	400				
			800			29.77	83.0
			1200	Cape Arnhem north side		29.84	82.0
			1600				
			2000			29.78	82.0
			2400				
		20	400				
			800			29.77	83.0
			1200			29.78	82.0
			1600				
			2000			29.74	83.0
			2400				
		21	400				
			800			29.73	82.0
			1200			29.77	83.0
			1600				
			2000			29.78	82.0
			2400				
		22	400				
			800			29.82	83.0
			1200			29.80	84.0
			1600				
			2000			29.80	83.0
			2400				
		23	400				
			800			29.80	80.0
			1200			29.81	81.0
			1600				
			2000			29.83	80.0
			2400				
		24	400				
			800			29.84	81.0
			1200	11 55	136 37	29.80	81.0
			1600				
			2000			29.84	81.0
			2400				
		25	400				
			800			29.84	81.0
			1200	Cape Arnhem north side		29.85	80.0
			1600				
			2000			29.83	80.0
			2400				
		26	400				
			800			29.84	82.0
			1200			29.88	84.0
			1600				
			2000			29.86	82.0
			2400				
		27	400				
			800			29.92	82.0
			1200	11 59	136 37	29.93	82.0
			1600				
			2000			29.94	82.0
			2400				
		28	400				
			800			29.93	82.0
			1200	12 6	136 29	29.95	80.0
			1600				
			2000			29.91	82.0
			2400				
	3	1	400				
			800			29.82	82.0
			1200	12 22	136 29	29.95	83.0
			1600				
			2000			29.88	83.0
			2400				
		2	400				
			800			29.92	82.0
			1200	12 15	136 35	29.92	84.0
			1600				
			2000			29.92	83.0
			2400				
		3	400				
			800			29.92	82.0
			1200	12 15	136 37	29.93	84.0
			1600				
			2000			29.86	83.0
			2400				
		4	400				
			800			29.85	83.0
			1200	12 19	136 28	29.86	84.0
			1600				
			2000			29.87	85.0
			2400				
		5	400				
			800			29.86	82.0
			1200	12 18	136 28	29.85	84.0
			1600				
			2000			29.87	85.0
			2400				
		6	400				
			800			29.86	84.0
			1200	11 50	136 30	29.88	85.0
			1600				
			2000			29.85	84.0
			2400				
		7	400				
			800			29.83	83.0
			1200	11 14	135 47	29.89	84.0
			1600				
			2000			29.84	84.0
			2400				
		8	400				
			800			29.87	84.0
			1200	10 58	135 24	29.85	85.0
			1600				
			2000			29.80	85.0
			2400				
		9	400				
			800			29.80	83.0
			1200	10 59	134 56	29.89	84.0
			1600				
			2000			29.89	84.0
			2400				
		10	400				
			800			29.90	83.0
			1200	11 2	134 49	29.92	82.0
			1600				
			2000			29.94	84.0
			2400				
		11	400				
			800			29.95	83.0
			1200	10 52	134 27	29.93	85.0
			1600				
			2000			29.92	84.0
			2400				
		12	400				
			800			29.93	83.0
			1200	10 50	134 1	29.94	85.0
			1600				
			2000			29.95	83.0
			2400				
		13	400				
			800			29.92	84.0
			1200	10 39	133 39	29.94	85.0
			1600				
			2000			29.92	85.5
			2400				
		14	400				
			800			29.94	84.0
			1200	10 32	133 28	29.98	85.0
			1600				
			2000			29.92	85.0
			2400				
		15	400				
			800			29.92	84.0
			1200	10 12	132 57	29.98	85.0
			1600				
			2000			29.95	85.0
			2400				
		16	400				
			800			29.95	84.0
			1200	10 8	132 12	29.97	86.0
			1600				
			2000				
			2400				
		17	400				
			800			29.97	86.5
			1200	9 58	131 56	29.97	86.0
			1600				
			2000			29.85	86.0
			2400				
		18	400				
			800			29.85	84.0
			1200	9 54	131 28	29.96	86.0
			1600				
			2000			29.95	85.0
			2400				
		19	400				
			800			29.89	84.0
			1200	10 7	130 31	29.90	85.0
			1600				
			2000			29.89	85.0
			2400				
		20	400				
			800			29.86	84.0
			1200	10 15	129 42	29.88	85.0
			1600				
			2000			29.87	84.0
			2400				
		21	400				
			800			29.87	84.0
			1200	10 12	129 20	29.85	86.0
			1600				
			2000			29.92	83.0
			2400				
		22	400				
			800			29.92	84.0
			1200	10 33	128 58	29.95	85.0
			1600				
			2000			29.94	84.0
			2400				
		23	400				
			800			29.95	85.0
			1200	10 24	128 26	29.94	86.0
			1600				
			2000			29.89	83.0
			2400				
		24	400				
			800			29.89	83.0
			1200	10 25	128 16	29.94	84.0
			1600				
			2000			29.95	85.0
			2400				
		25	400				
			800			29.92	84.0
			1200	10 28	127 59	29.94	86.0
			1600				
			2000			29.94	85.0
			2400				
		26	400				
			800			29.95	84.0
			1200	10 36	127 44	29.97	86.0
			1600				
			2000			29.89	86.0
			2400				
		27	400				
			800			29.89	85.0
			1200	10 42	127 22	29.94	85.0
			1600				
			2000			29.96	85.0
			2400				
		28	400				
			800			29.96	84.0
			1200	10 39	126 55	29.94	84.0
			1600				
			2000			29.97	85.0
			2400				
		29	400				
			800			30.00	84.0
			1200	10 38	126 24	29.94	85.0
			1600				
			2000			29.90	85.0
			2400				
		30	400				
			800			29.90	84.0
			1200	10 36	125 41	29.95	85.0
			1600				
			2000			29.96	86.0
			2400				
		31	400				
			800			29.95	84.0
			1200	10 19	125 6	29.96	85.0
			1600				
			2000			29.92	84.0
			2400				
	4	1	400				
			800			29.94	81.0
			1200	10 12	125 14	29.98	84.0
			1600				
			2000			29.87	81.0
			2400				
		2	400				
			800				
			1200	"Coupang Bay, Timor"		29.95	84.0
			1600				
			2000			29.92	84.0
			2400				
		3	400				
			800			29.90	84.0
			1200			29.97	82.0
			1600				
			2000			29.95	83.0
			2400				
		4	400				
			800			29.95	80.0
			1200			29.97	83.0
			1600				
			2000			29.92	83.0
			2400				
		5	400				
			800			29.91	83.0
			1200			29.92	83.0
			1600				
			2000			29.91	82.0
			2400				
		6	400				
			800			29.94	80.0
			1200			29.94	84.0
			1600				
			2000			29.91	85.0
			2400				
		7	400				
			800			29.94	82.0
			1200			29.92	85.0
			1600				
			2000			29.92	84.0
			2400				
		8	400				
			800			29.91	83.0
			1200			29.92	84.0
			1600				
			2000			29.92	85.0
			2400				
		9	400				
			800			29.93	83.0
			1200	10 16	123 42	29.92	85.0
			1600				
			2000			29.90	84.0
			2400				
		10	400				
			800			29.90	84.0
			1200	10 23	123 25	29.84	85.0
			1600				
			2000			29.79	85.0
			2400				
		11	400				
			800			29.87	84.0
			1200	10 36	122 55	29.86	84.0
			1600				
			2000			29.88	84.0
			2400				
		12	400				
			800			29.83	83.0
			1200	11 13	122 22	29.87	82.0
			1600				
			2000			29.92	84.0
			2400				
		13	400				
			800			29.94	84.0
			1200	12 7	121 40	29.89	83.0
			1600				
			2000			29.91	83.0
			2400				
		14	400				
			800			29.90	83.5
			1200	13 38	120 23	29.88	88.0
			1600				
			2000			29.88	81.0
			2400				
		15	400				
			800			29.84	81.0
			1200	15 11	118 54	29.85	84.0
			1600				
			2000			29.86	81.0
			2400				
		16	400				
			800			29.90	81.0
			1200	16 15	117 47	29.91	81.0
			1600				
			2000			29.90	81.0
			2400				
		17	400				
			800			29.95	81.0
			1200	16 50	115 33	29.93	83.0
			1600				
			2000			29.96	82.0
			2400				
		18	400				
			800			29.94	81.0
			1200	17 1	114 35	29.86	82.0
			1600				
			2000			29.84	82.0
			2400				
		19	400				
			800			29.84	82.0
			1200	17 5	113 18	29.96	83.0
			1600				
			2000			29.95	82.0
			2400				
		20	400				
			800			29.94	80.0
			1200	17 33	111 00	29.86	81.0
			1600				
			2000			29.97	84.0
			2400				
		21	400				
			800			29.90	78.0
			1200	18 16	108 26	30.00	78.5
			1600				
			2000			30.01	76.0
			2400				
		22	400				
			800			30.05	76.0
			1200	19 20	107 20	30.07	77.0
			1600				
			2000			30.11	76.0
			2400				
		23	400				
			800			30.10	74.0
			1200	20 39	106 23	30.20	75.0
			1600				
			2000			30.22	75.0
			2400				
		24	400				
			800			30.20	74.0
			1200	20 41	105 14	30.12	75.0
			1600				
			2000			30.03	74.5
			2400				
		25	400				
			800			30.03	73.3
			1200	20 27	105 29	30.02	73.0
			1600				
			2000			30.00	73.0
			2400				
		26	400				
			800			30.01	73.0
			1200	20 34	106 22	30.06	75.0
			1600				
			2000			30.12	74.0
			2400				
		27	400				
			800			30.12	74.0
			1200	20 10	107 45	30.13	75.0
			1600				
			2000			30.13	75.0
			2400				
		28	400				
			800			30.12	74.0
			1200	20 42	107 42	30.14	75.0
			1600				
			2000			30.12	75.0
			2400				
		29	400				
			800			30.11	74.0
			1200	21 20	107 37	30.10	75.0
			1600				
			2000			30.14	75.0
			2400				
		30	400				
			800			30.12	74.0
			1200	21 59	108 23	30.20	72.0
			1600				
			2000			30.24	72.0
			2400				
	5	1	400				
			800			30.27	70.0
			1200	22 32	107 32	30.28	71.0
			1600				
			2000			30.27	71.0
			2400				
		2	400				
			800			30.30	70.0
			1200	23 46	106 37	30.20	70.0
			1600				
			2000			30.29	70.0
			2400				
		3	400				
			800			30.27	69.0
			1200	24 58	105 54	30.26	71.0
			1600				
			2000			30.25	70.0
			2400				
		4	400				
			800			30.23	69.0
			1200	25 44	105 17	30.20	69.0
			1600				
			2000			30.16	69.0
			2400				
		5	400				
			800			30.08	67.0
			1200	26 12	105 17	30.03	69.0
			1600				
			2000			29.97	70.0
			2400				
		6	400				
			800			29.90	70.0
			1200	28 29	106 30	29.83	70.0
			1600				
			2000			29.91	68.0
			2400				
		7	400				
			800			30.09	66.0
			1200	30 24	107 56	30.11	65.0
			1600				
			2000			30.22	65.0
			2400				
		8	400				
			800			30.17	65.0
			1200	31 4	109 3	30.28	65.0
			1600				
			2000			30.32	65.0
			2400				
		9	400				
			800			30.34	65.0
			1200	31 27	109 36	30.33	66.0
			1600				
			2000			30.35	67.0
			2400				
		10	400				
			800			30.35	66.0
			1200		109 51	30.31	66.0
			1600				
			2000			30.30	67.0
			2400				
		11	400				
			800			30.30	66.0
			1200	32 31	110 31	30.27	67.0
			1600				
			2000			30.26	66.0
			2400				
		12	400				
			800			30.25	64.0
			1200	33 10	111 45	30.32	64.0
			1600				
			2000			30.26	66.0
			2400				
		13	400				
			800			30.30	66.0
			1200	34 31	113 43	30.33	65.0
			1600				
			2000			30.36	64.0
			2400				
		14	400				
			800			30.35	64.0
			1200	34 43	114 33	30.32	66.0
			1600				
			2000			30.32	60.5
			2400				
		15	400				
			800			30.30	62.0
			1200	35 18	117 00	30.12	63.0
			1600				
			2000			30.29	63.0
			2400				
		16	400				
			800			30.27	61.0
			1200	35 1	119 13	30.30	63.0
			1600				
			2000			30.32	64.0
			2400				
		17	400				
			800			30.30	64.0
			1200	34 20	121 14	30.31	64.0
			1600				
			2000			30.40	64.0
			2400				
		18	400				
			800			30.39	64.0
			1200	34 6	121 32	30.46	65.0
			1600				
			2000			30.50	65.0
			2400				
		19	400				
			800			30.49	64.0
			1200	Goose Bay		30.51	64.0
			1600				
			2000			30.42	63.0
			2400				
		20	400				
			800			30.43	63.0
			1200			30.32	65.0
			1600				
			2000			30.28	66.0
			2400				
		21	400				
			800			30.19	63.0
			1200			30.25	64.0
			1600				
			2000			30.23	63.0
			2400				
		22	400				
			800			30.25	62.0
			1200	34 49	125 33	30.22	61.0
			1600				
			2000			30.03	60.0
			2400				
		23	400				
			800			29.96	59.0
			1200	35 38	128 9	30.02	59.0
			1600				
			2000			30.23	60.0
			2400				
		24	400				
			800			30.32	58.0
			1200	35 24	129 57	30.28	59.0
			1600				
			2000			30.24	59.0
			2400				
		25	400				
			800			30.23	58.0
			1200	36 24	131 34	30.14	61.0
			1600				
			2000			30.14	62.0
			2400				
		26	400				
			800			30.00	59.0
			1200	38 4	134 33	30.06	59.0
			1600				
			2000			30.14	59.0
			2400				
		27	400				
			800			30.26	57.0
			1200	38 23	137 2	30.36	60.0
			1600				
			2000			30.35	59.0
			2400				
		28	400				
			800			30.37	58.0
			1200	39 47	138 58	30.39	60.0
			1600				
			2000			30.42	60.0
			2400				
		29	400				
			800			30.42	59.0
			1200	39 58	139 58	30.44	60.0
			1600				
			2000			30.38	61.0
			2400				
		30	400				
			800			30.30	59.0
			1200	40 21	141 48	30.25	60.0
			1600				
			2000			30.28	61.0
			2400				
		31	400				
			800			30.24	59.0
			1200	39 59	144 42	30.22	61.0
			1600				
			2000			30.24	62.0
			2400				
	6	1	400				
			800			30.24	60.0
			1200	39 3	147 21	30.27	63.0
			1600				
			2000			30.23	62.0
			2400				
		2	400				
			800			30.14	62.0
			1200	38 37	147 56	30.08	63.0
			1600				
			2000			30.13	64.0
			2400				
		3	400				
			800			30.15	65.0
			1200	38 26	148 24	30.16	66.0
			1600				
			2000			30.18	62.0
			2400				
		4	400				
			800			30.14	64.0
			1200	38 11	148 44	30.12	65.0
			1600				
			2000			30.11	67.0
			2400				
		5	400				
			800			30.15	62.0
			1200	36 52	148 58	30.17	63.0
			1600				
			2000			30.22	61.0
			2400				
		6	400				
			800			30.23	62.0
			1200	35 13	148 58	30.25	63.0
			1600				
			2000			30.25	63.0
			2400				
		7	400				
			800			30.21	62.0
			1200	34 41	149 23	30.13	64.0
			1600				
			2000			30.12	63.0
			2400				
		8	400				
			800			29.91	62.0
			1200	34 22	149 27	29.88	64.0
			1600				
			2000			29.78	66.0
			2400				
		9	400				
			800			29.75	62.0
			1200	33 49	149 28	29.77	61.0
			1600				
			2000			29.78	64.0
			2400				
		10	400				
			800			29.81	63.0
			1200	Port Jackson		29.73	65.0
