																			
		SY AURORA																	
																			
YEAR	MONTH	DAY	HOUR	LAT	N/S	LONG	E/W	BAROMETER	THERMOMETER	THERMOMETER	THERMOMETER	WIND	FORCE	MIN	REMARKS				
									ATTACHED	SUN	SHADE			TEMP					
1915	9	13	400					29.274	25.0		0.0	ESE	4						
1915	9	13	800					29.525	23.0		-2.0	SSE	3						
1915	9	13	1200	69.15	S			29.599	25.0		4.0	S	2	-2.0	In pack				
1915	9	13	1600					29.649	43.0		9.0	S	1						
1915	9	13	2000					29.628	38.0		-8.0	NW	2						
1915	9	13	2400					29.575	28.0		-10.0	NW	2						
1915	9	14	400					29.511	16.0		-12.0	WNW	2						
1915	9	14	800					29.588	12.0		-8.0	SE	2						
1915	9	14	1200					29.699	21.0	4.0	-7.0	Var	1	-12.0	In pack				
1915	9	14	1600					29.644	21.0	2.0	-7.0	W	3						
1915	9	14	2000					29.546	16.0		0.0	WNW	4						
1915	9	14	2400					29.464	27.0		6.0	W	5						
1915	9	15	400					29.378	16.0		8.0	WSW	5						
1915	9	15	800					29.377	28.0		2.0	S	3						
1915	9	15	1200					29.382	31.0	11.0	-1.0	E	2	-7.0	In pack				
1915	9	15	1600					29.382	31.0	20.0	-4.0	E	1						
1915	9	15	2000					29.431	24.0		-6.0	SE	3						
1915	9	15	2400					29.466	20.0		-10.0	W	2						
1915	9	16	400					29.315	15.0		-18.0	NNE	2						
1915	9	16	800					29.200	10.0		-11.0	ESE	2						
1915	9	16	1200	69.11	S			29.234	26.0	1.0	-8.0	ESE	4	-18.0	In pack				
1915	9	16	1600					29.415	36.0	4.0	-8.0	ESE	4						
1915	9	16	2000					29.482	24.0		-12.0	SSE	3						
1915	9	16	2400					29.434	19.0		-15.0	SSW	3						
1915	9	17	400					29.295	13.0		-20.0	NNW	3						
1915	9	17	800					29.268	25.0		-11.0	W	4						
1915	9	17	1200					29.205	17.0		-5.0	W	4	-20.0	In pack				
1915	9	17	1600					29.153	20.0	7.0	-3.0	W	3						
1915	9	17	2000					29.144	19.0		-10.0	NE	3						
1915	9	17	2400					29.179	37.0		-16.0	ESE	3						
1915	9	18	400					29.148	20.0		-17.0	E	3						
1915	9	18	800					29.234	33.0		-11.0	ESE	3						
1915	9	18	1200					29.215	35.0	1.0	-3.0	Var	1	-17.0	In pack				
1915	9	18	1600					29.181	42.0	8.0	-5.0	W	1						
1915	9	18	2000					29.069	17.0		-18.0	NNW	4						
1915	9	18	2400					28.994	14.0		-10.0	NW	4						
1915	9	19	400					28.887	12.0		-16.0	NW	4						
1915	9	19	800					28.906	9.0		-12.0	E	5						
1915	9	19	1200						21.0		-8.0	ESE	5	-18.0	In pack				
1915	9	19	1600					28.978	22.0		-7.0	SE	4						
1915	9	19	2000					29.025	21.0		-17.0	SSE	3						
1915	9	19	2400					29.099	15.0		-19.0	SSE	3						
1915	9	20	400					29.104	10.0		-24.0	WNW	3						
1915	9	20	800					29.249	21.0		-15.0	NNW	4						
1915	9	20	1200					29.235	14.0	-1.0	-8.0	NW	1	-24.0	In pack				
1915	9	20	1600					29.295	33.0	-2.0	-10.0	WNW	3						
1915	9	20	2000					29.254	15.0		-26.0	NNE	2						
1915	9	20	2400					29.211	14.0		-28.0	NE	3						
1915	9	21	400					29.124	8.0		-28.0	NNE	2						
1915	9	21	800					29.121	14.0		-21.0	WNW	3						
1915	9	21	1200					29.185	20.0		-8.0	WNW	2	-28.0	In pack				
1915	9	21	1600					29.193	24.0	-7.0	-10.0	NW	3						
1915	9	21	2000					29.147	32.0		-18.0	NNW	3						
1915	9	21	2400					29.142	16.0		-20.0	NNW	2						
1915	9	22	400					28.922	8.0		-24.0	NNW	2						
1915	9	22	800					28.889	3.0		-16.0	NW	2						
1915	9	22	1200	69.12	S	164.32	E	28.939	29.0	-4.0	-9.0	WNW	2	-24.0	In pack				
1915	9	22	1600					28.910	20.0	11.0	-5.0	WNW	2						
1915	9	22	2000					28.915	28.0		-15.0	SE	3						
1915	9	22	2400						20.0		-14.0	ESE	3						
1915	9	23	400					28.998	13.0		-14.0	ESE	3						
1915	9	23	800					29.057	8.0		-5.0	S	2						
1915	9	23	1200					29.178	20.0		-1.0	SW	3	-15.0	In pack				
1915	9	23	1600					29.215	25.0	5.0	-1.0	Var	2						
1915	9	23	2000					29.241	17.0		-12.0	SSE	3						
1915	9	23	2400					29.257	16.0		-10.0	ESE	6						
1915	9	24	400					29.196	15.0		-6.0	ESE	6						
1915	9	24	800					29.188	13.0		0.0	ESE	6						
1915	9	24	1200					29.188	18.0		2.0	ESE	4	-12.0	In pack. 90' S of Sturge Island				
1915	9	24	1600					29.212	20.0	10.0	0.0	ESE	3						
1915	9	24	2000					29.250	21.0		-6.0	ESE	3						
1915	9	24	2400					29.284	18.0		-4.0	SE	3						
1915	9	25	400					29.332	14.0		-11.0	SSW	3						
1915	9	25	800						11.0		-6.0	ESE	3						
1915	9	25	1200					29.400	23.0	10.0	-1.0	ESE	4	-11.0	In pack. 90' S of Sturge Island				
1915	9	25	1600					29.388	37.0	5.0	-1.0	ESE	4						
1915	9	25	2000					29.237	17.0		-2.0	ESE	7						
1915	9	25	2400					29.127	33.0		0.0	ESE	7						
1915	9	26	400					28.919	28.0		1.0	ESE	8						
1915	9	26	800					28.861	18.0		2.0	ESE	8						
1915	9	26	1200					28.847	13.0		4.0	ESE	9	-2.0	In pack. 90' S of Sturge Island				
1915	9	26	1600					28.919	11.0		3.0	ESE	8						
1915	9	26	2000					28.995	8.0		0.0	ESE	8						
1915	9	26	2400									ESE	8						
1915	9	27	400					29.038	8.0		1.0	ESE	7						
1915	9	27	800						3.0		2.0	ESE	9						
1915	9	27	1200					29.025	3.0		2.0	ESE	9	0.0	In pack. 90' S of Sturge Island				
1915	9	27	1600					29.025	3.0		2.0	ESE	8						
1915	9	27	2000						0.0		2.0	ESE	7						
1915	9	27	2400								0.0	ESE	8						
1915	9	28	400					29.101	0.0		0.0	ESE	7						
1915	9	28	800					29.149			3.0	SE	6						
1915	9	28	1200					29.175			3.0	ESE	6	0	In pack. 90' S of Sturge Island				
1915	9	28	1600					29.255	5.0	16.0	3.0	ESE	4						
1915	9	28	2000						7.0		-5.0	SSW	3						
1915	9	28	2400					29.406	11.0		-10.0	W	1						
1915	9	29	400					29.450	12.0		-14.0	NW	2						
1915	9	29	800						17.0		-4.0	NW	3						
1915	9	29	1200					29.467	26.0		6.0	NW	2	-14.0	In pack. 90' S of Sturge Island				
1915	9	29	1600					29.422	20.0	7.0	5.0	NE	3						
1915	9	29	2000					29.372	18.0		-9.0	SE	4						
1915	9	29	2400					29.300	17.0		-4.0	SE	5						
1915	9	30	400					29.237	21.0		-4.0	SE	6						
1915	9	30	800					29.211	28.0		-2.0	ESE	6						
1915	9	30	1200					29.186	27.0		1.0	ESE	7	-9.0	In pack. 90' S of Sturge Island				
1915	9	30	1600					29.186	31.0		0.0	ESE	7						
1915	9	30	2000					29.195	28.0		-6.0	ESE	7						
1915	9	30	2400								-6.0	ESE	7						
1915	10	1	400					29.256	9.0		-6.0	SE	7						
1915	10	1	800					29.256	9.0		-2.0	ESE	6						
1915	10	1	1200					29.276	10.0		-1.0	ESE	6	-6.0	In pack				
1915	10	1	1600					29.271	7.0		-3.0	ESE	5						
1915	10	1	2000					29.304	8.0		-8.0	ESE	5						
1915	10	1	2400					29.336	16.0		-10.0	ESE	5						
1915	10	2	400					29.337	18.0		-9.0	SE	5						
1915	10	2	800					29.344	30.0		-4.0	SE	5						
1915	10	2	1200	68.48	S			29.300	28.0		0.0	E	4	-10.0	In pack				
1915	10	2	1600					29.287	38.0	2.0	-4.0	E	4						
1915	10	2	2000					29.210	20.0		-10.0	ESE	4						
1915	10	2	2400					29.164	21.0		-10.0	ESE	4						
1915	10	3	400					29.116	18.0		-12.0	ESE	4						
1915	10	3	800					29.069	24.0		-8.0	ESE	4						
1915	10	3	1200	68.47	S	161.5	E	29.031	20.0		-6.0	ESE	5	-12.0	In pack				
1915	10	3	1600					28.922	19.0	6.0	-8.0	ESE	5						
1915	10	3	2000					28.851	20.0		-14.0	ESE	5						
1915	10	3	2400								-14.0	ESE	5						
1915	10	4	400					28.711	12.0		-20.0	SW	5						
1915	10	4	800						7.0		-16.0	WSW	4						
1915	10	4	1200	68.46	S			28.747	5.0		-10.0	WNW	4	-20.0	In pack				
1915	10	4	1600					28.960	12.0		-20.0	NW	3						
1915	10	4	2000					28.960	12.0		-20.0	NW	3						
1915	10	4	2400						5.0		-26.0	NNW	3						
1915	10	5	400								-29.0	ESE	3						
1915	10	5	800									W	2						
1915	10	5	1200					29.038	-10.0		-11.0	WNW	3	-29.0	In pack				
1915	10	5	1600					29.025	-10.0		-15.0	NW	3						
1915	10	5	2000					28.985	-20.0		-22.0	NW	4						
1915	10	5	2400					28.954	-20.0		-22.0	NW	4						
1915	10	6	400					28.982	-19.0		-19.0	NW	4						
1915	10	6	800					28.990	-20.0		-9.0	W	2						
1915	10	6	1200					28.944	-12.0		-2.0	ESE	3	-22.0	In pack				
1915	10	6	1600					28.672	-8.0		-2.0	ESE	5						
1915	10	6	2000					28.385	8.0		2.0	ESE	6						
1915	10	6	2400					28.351	12.0		-4.0	SW	4						
1915	10	7	400					28.448	5.0		-1.0	WNW	7						
1915	10	7	800					28.492	5.0		1.0	NW	7						
1915	10	7	1200					28.644	5.0		0.0	NW	6	-4.0	In pack				
1915	10	7	1600					28.751	7.0	6.0	-1.0	NW	6						
1915	10	7	2000					28.861	30.0		-8.0	W	3						
1915	10	7	2400					28.799	28.0		-8.0	W	2						
1915	10	8	400					28.766	28.0		-8.0	NW	3						
1915	10	8	800					28.813	26.0		-5.0	W	5						
1915	10	8	1200					28.848	22.0	1.0	-1.0	W	4	-8.0	In pack				
1915	10	8	1600					28.911	26.0	2.0	-1.0	W	4						
1915	10	8	2000					28.857	18.0		-4.0	WSW	4						
1915	10	8	2400					28.887	20.0		-2.0	W	1						
1915	10	9	400					28.777	17.0		-2.0	W	2						
1915	10	9	800					28.870	34.0		1.0	NW	2						
1915	10	9	1200					28.864	24.0		1.0	W	4	-4.0	In pack				
1915	10	9	1600					28.870	23.0		-1.0	WNW	4						
1915	10	9	2000					28.827	22.0		-10.0	NW	5						
1915	10	9	2400					28.778	11.0		-12.0	NW	4						
1915	10	10	400					28.652	12.0		-12.0	NW	3						
1915	10	10	800					28.584	9.0		-10.0	SE	4						
1915	10	10	1200					28.535	15.0		-2.0	SE	6	-12.0	In pack				
1915	10	10	1600					28.584	24.0		-4.0	SE	6						
1915	10	10	2000					28.675	20.0		-8.0	SE	4						
1915	10	10	2400					28.709	18.0		-16.0	SE	4						
1915	10	11	400					28.709	16.0		-16.0	SE	4						
1915	10	11	800					28.875	41.0		-3.0	SE	4						
1915	10	11	1200	68.39	S	162.10.15	E	28.896	35.0		0.0	S	3	-16.0	In pack				
1915	10	11	1600					28.930	38.0	16.0	0.0	W	4						
1915	10	11	2000						30.0		-10.0	W	4						
1915	10	11	2400					28.896	18.0		-10.0	NW	3						
1915	10	12	400					28.846	28.0		-10.0	NW	4						
1915	10	12	800					28.890	30.0		-8.0	WNW	3						
1915	10	12	1200	68.36	S			28.935	33.0		-5.0	WNW	3	-10.0	In pack				
1915	10	12	1600					29.004	27.0	27.0	4.0	E	2						
1915	10	12	2000					29.031	21.0		-12.0	E	4						
1915	10	12	2400								-12.0	ESE	5						
1915	10	13	400					29.000	18.0		-8.0	ESE	6						
1915	10	13	800					28.949	12.0		-2.0	ESE	6						
1915	10	13	1200					28.933	27.0		2.0	ESE	7	-12.0	In pack				
1915	10	13	1600					28.933	30.0		3.0	ESE	7						
1915	10	13	2000						24.0		2.0	ESE	7						
1915	10	13	2400					28.986	29.0		2.0	ESE	7						
1915	10	14	400					29.032	29.0		0.0	ESE	7						
1915	10	14	800					29.129	33.0		4.0	ESE	6						
1915	10	14	1200					29.220	39.0		5.0	SE	6	0.0	In pack				
1915	10	14	1600					29.328	50.0	20.0	5.0	SE	4						
1915	10	14	2000					29.369	34.0		-4.0	SE	4						
1915	10	14	2400					29.401	35.0		-10.0	SE	3						
1915	10	15	400					29.400	21.0		-12.0	E	2						
1915	10	15	800					29.394	20.0		0.0	NNW	2						
1915	10	15	1200					29.400	32.0		14.0	NW	1	-12.0	In pack				
1915	10	15	1600					29.316	32.0	30.0	14.0	NE	2						
1915	10	15	2000					29.232	32.0		7.0	ESE	3						
1915	10	15	2400					29.167	44.0		4.0	ESE	5						
1915	10	16	400					29.016	42.0		3.0	ESE	7						
1915	10	16	800					28.990	30.0		8.0	ESE	7		Blizzard				
1915	10	16	1200					28.800	44.0		9.0	ESE	7	3.0	In pack				
1915	10	16	1600					28.645	44.0		12.0	ESE	8						
1915	10	16	2000					28.550	44.0		12.0	ESE	9						
1915	10	16	2400					28.499	41.0		12.0	ESE	9						
1915	10	17	400					28.517	38.0		14.0	ESE	8		Blizzard				
1915	10	17	800					28.602	40.0		16.0	ESE	8		Blizzard				
1915	10	17	1200					28.612	47.0		18.0	ESE	8	9.0	In pack				
1915	10	17	1600					28.649	43.0		16.0	ESE	8						
1915	10	17	2000					28.712	42.0		14.0	ESE	7						
1915	10	17	2400					28.799	36.0		15.0	ESE	7						
1915	10	18	400					28.864	40.0		15.0	ESE	7						
1915	10	18	800					28.921	44.0		17.0	ESE	7						
1915	10	18	1200					28.975	48.0		19.0	ESE	7	14.0	In pack				
1915	10	18	1600					29.020	46.0		18.0	ESE	6						
1915	10	18	2000					29.071	43.0		10.0	SE	5						
1915	10	18	2400					29.055	35.0		10.0	SE	5						
1915	10	19	400					29.077	43.0		6.0	SE	3						
1915	10	19	800					29.114	32.0		16.0	SE	3						
1915	10	19	1200	68.12	S			29.084	35.0		16.0	ESE	2	6.0	In pack				
1915	10	19	1600								14.0	E	2						
1915	10	19	2000					29.136	64.0		10.0	SE	2						
1915	10	19	2400					29.071	56.0		3.0	SE	3						
1915	10	20	400					28.884	43.0		7.0	SE	4						
1915	10	20	800					28.742	50.0		14.0	SE	6						
1915	10	20	1200					28.584	49.0		14.0	SE	7	3.0	In pack				
1915	10	20	1600					28.492	53.0		14.0	SE	8						
1915	10	20	2000					28.373	43.0		10.0	SE	7						
1915	10	20	2400					28.332	39.0		16.0	SE	4						
1915	10	21	400					28.354	39.0		18.0	ESE	5						
1915	10	21	800					28.379	46.0		22.0	SE	5						
1915	10	21	1200					28.390	40.0		21.0	SE	7	10.0	In pack				
1915	10	21	1600					28.439	40.0		16.0	SE	8						
1915	10	21	2000					28.526	47.0		13.0	SE	8						
1915	10	21	2400					28.555	37.0		12.0	SE	8						
1915	10	22	400					28.557	33.0		10.0	SE	7						
1915	10	22	800					28.649	50.0		19.0	SE	6						
1915	10	22	1200					28.671	52.0		21.0	SE	5	10.0	In pack				
1915	10	22	1600					28.696	52.0		19.0	SE	6						
1915	10	22	2000					28.699	45.0		16.0	SE	7						
1915	10	22	2400					28.757	54.0		16.0	SE	7						
1915	10	23	400					28.820	53.0		16.0	SE	7						
1915	10	23	800					28.898	51.0		22.0	ESE	5						
1915	10	23	1200					28.921	48.0		24.0	ESE	5	16.0	In pack				
1915	10	23	1600					28.964	54.0		22.0	ESE	5						
1915	10	23	2000					29.011	42.0		16.0	ESE	5						
1915	10	23	2400					29.048	37.0		16.0	SE	5						
1915	10	24	400					29.089	31.0		14.0	SE	5						
1915	10	24	800					29.156	28.0		21.0	ESE	5						
1915	10	24	1200					29.208	40.0		22.0	SE	5	14.0	In pack				
1915	10	24	1600					29.269	59.0		19.0	SE	5						
1915	10	24	2000					29.286	55.0		16.0	SE	4						
1915	10	24	2400					29.263	44.0		12.0	SE	4						
1915	10	25	400					29.198	38.0		7.0	SSE	4						
1915	10	25	800					29.184	47.0		8.0	E	3						
1915	10	25	1200	67.47	S	158.06	E	29.120	46.0	28.0	11.0	E	3	7.0	In pack				
1915	10	25	1600					29.039	47.0	35.0	15.0	E	4						
1915	10	25	2000					28.979	41.0		5.0	SE	3						
1915	10	25	2400					28.968	48.0		4.0	E	4						
1915	10	26	400					28.901	37.0		6.0	E	4						
1915	10	26	800					28.917	49.0		15.0	E	2						
1915	10	26	1200					28.886	48.0		18.0	E	6	4.0	In pack				
1915	10	26	1600					28.856	43.0		12.0	E	7						
1915	10	26	2000					28.854	48.0		10.0	E	7						
1915	10	26	2400					28.828	58.0		8.0	E	7						
1915	10	27	400					28.704	49.0		6.0	ESE	6						
1915	10	27	800					28.626	43.0		14.0	ESE	6						
1915	10	27	1200					28.569	44.0		18.0	E	3	6.0	In pack				
1915	10	27	1600					28.552	43.0		18.0	ESE	3						
1915	10	27	2000					28.540	32.0		8.0	SE	4						
1915	10	27	2400						31.0		6.0	SSE	4						
1915	10	28	400					28.648	51.0		6.0	SSE	4						
1915	10	28	800					28.797	54.0		16.0	SSW	3						
1915	10	28	1200	67.39	S			28.813	24.0		15.0	W	3	6.0	In pack				
1915	10	28	1600					28.941	42.0		23.0	NW	3						
1915	10	28	2000					28.990	38.0		8.0	NNW	3						
1915	10	28	2400					29.046	36.0		9.0	NNW	3						
1915	10	29	400					29.164	58.0		6.0	NNW	2						
1915	10	29	800					29.289	52.0		24.0	N	1						
1915	10	29	1200					29.378	49.0		24.0	ENE	3	6.0	In pack				
1915	10	29	1600					29.448	45.0		19.0	ENE	3						
1915	10	29	2000					29.509	35.0		9.0	E	4						
1915	10	29	2400					29.588	52.0		6.0	E	4						
1915	10	30	400					29.641	50.0		7.0	E	5						
1915	10	30	800					29.702	56.0		15.0	E	4						
1915	10	30	1200						46.0		19.0	ESE	4	6.0	In pack				
1915	10	30	1600					29.671	39.0		17.0	ESE	5						
1915	10	30	2000					29.656	42.0		11.0	E	5						
1915	10	30	2400					29.606	33.0		10.0	E	5						
1915	10	31	400					29.613	53.0		8.0	E	5						
1915	10	31	800					29.523	43.0		13.0	E	7						
1915	10	31	1200					29.474	40.0		16.0	E	6	8.0	In pack				
1915	10	31	1600					29.468	43.0		17.0	E	6						
1915	10	31	2000					29.434	38.0			E	6						
1915	10	31	2400					29.350				E	6						
1915	11	1	400					29.351	58.0		13.0	E	6						
1915	11	1	800					29.339	53.0		17.0	ESE	6						
1915	11	1	1200					29.286	43.0		17.0	ESE	5	13.0	In pack				
1915	11	1	1600					29.317	57.0	42.0	16.0	ESE	5						
1915	11	1	2000					29.293	43.0		4.0	WNW	3						
1915	11	1	2400					29.237	30.0		-4.0	W	3						
1915	11	2	400					29.223	38.0		-8.0	W	3						
1915	11	2	800						47.0		12.0	W	4						
1915	11	2	1200					29.199	43.0		17.0	SW	4	-8.0	In pack				
1915	11	2	1600					29.171	48.0		22.0	NW	4						
1915	11	2	2000					29.114	33.0		14.0	W	4						
1915	11	2	2400					29.101	28.0		12.0	WNW	4						
1915	11	3	400					29.084	29.0		11.0	NW	3						
1915	11	3	800					29.197	54.0		27.0	SW	2						
1915	11	3	1200					29.215	57.0		30.0	NE	2	11.0	In pack				
1915	11	3	1600					29.255	60.0		20.0	E	4						
1915	11	3	2000					29.272	62.0		10.0	ESE	6						
1915	11	3	2400					29.254	45.0		6.0	ESE	7						
1915	11	4	400					29.141	37.0		8.0	E	8		"Whole gale, heavy drift"				
1915	11	4	800					29.099	33.0		13.0	ESE	9		"Whole gale, heavy drift"				
1915	11	4	1200					29.114	50.0		15.0	ESE	9	6.0	In pack				
1915	11	4	1600					29.128	39.0		14.0	ESE	9						
1915	11	4	2000					29.169	38.0		14.0	ESE	9						
1915	11	4	2400					29.178	35.0		14.0	ESE	9						
1915	11	5	400					29.146	28.0		15.0	SE	9						
1915	11	5	800					29.186	38.0		22.0	SE	9						
1915	11	5	1200					29.204	41.0		23.0	SE	8	14.0	In pack				
1915	11	5	1600					29.252	41.0		23.0	SE	7						
1915	11	5	2000					29.290	46.0		18.0	ESE	6						
1915	11	5	2400					29.265	39.0		18.0	ESE	6						
1915	11	6	400					29.163	32.0		14.0	ESE	7						
1915	11	6	800					29.092	27.0		19.0	ESE	7						
1915	11	6	1200					28.994	27.0		20.0	SE	8	14.0	In pack				
1915	11	6	1600					28.923	39.0		19.0	SE	9		"Whole gale, heavy drift"				
1915	11	6	2000					28.849	43.0		18.0	E	9						
1915	11	6	2400					28.779	43.0		17.0	ESE	9						
1915	11	7	400					28.754	52.0		18.0	ESE	10						
1915	11	7	800					28.799	40.0		24.0	ESE	9		"Whole gale, heavy drift"				
1915	11	7	1200					28.849	42.0		26.0	ESE	8	17.0	In pack				
1915	11	7	1600					28.924	44.0		26.0	ESE	8						
1915	11	7	2000					28.998	50.0		22.0	ESE	8						
1915	11	7	2400					28.995	48.0		20.0	ESE	8						
1915	11	8	400					28.977	43.0		22.0	ESE	8						
1915	11	8	800					29.058	40.0		24.0	ESE	8						
1915	11	8	1200					29.132	37.0		26.0	ESE	8	20.0	In pack				
1915	11	8	1600					29.210	50.0		24.0	ESE	8						
1915	11	8	2000					29.272	45.0		20.0	ESE	7						
1915	11	8	2400					29.313	46.0		20.0	SE	7						
1915	11	9	400					29.277	46.0		21.0	SE	7						
1915	11	9	800					29.273	45.0		25.0	ESE	7						
1915	11	9	1200					29.269	51.0		31.0	ESE	7	20.0	In pack				
1915	11	9	1600					29.252	41.0		26.0	ESE	7						
1915	11	9	2000						35.0		22.0	ESE	7						
1915	11	9	2400					29.223	30.0		22.0	ESE	7						
1915	11	10	400					29.207	30.0		22.0	ESE	7						
1915	11	10	800					29.193	28.0		27.0	ESE	7						
1915	11	10	1200	67.11	S			29.184	30.0		29.0	SE	6	22.0	In pack				
1915	11	10	1600					29.148	33.0		30.0	SE	5						
1915	11	10	2000					29.162	30.0		20.0	ESE	6						
1915	11	10	2400					29.173	26.0		18.0	ESE	7						
1915	11	11	400					29.167	24.0		18.0	ESE	7						
1915	11	11	800					29.197	24.0		21.0	SE	7						
1915	11	11	1200	67.02	S			29.200	25.0		22.0	SE	6	18.0	In pack				
1915	11	11	1600					29.200	26.0		24.0	SE	6						
1915	11	11	2000					29.208	24.0		16.0	SE	6						
1915	11	11	2400					29.212	20.0		14.0	SE	6						
1915	11	12	400					29.166	19.0		14.0	SE	4						
1915	11	12	800					29.161	20.0		16.0	SE	4						
1915	11	12	1200	66.49	S	155.18	E	29.132	25.0	28.0	18.0	SE	4	14.0	In pack				
1915	11	12	1600					29.102	28.0		23.0	SE	4						
1915	11	12	2000					29.108	25.0		12.0	SE	5						
1915	11	12	2400					29.087	20.0		12.0	SE	5						
1915	11	13	400					29.046	19.0		12.0	SE	5						
1915	11	13	800					29.059	19.0		20.0	SE	5						
1915	11	13	1200					29.050	24.0		23.0	SE	5	12.0	In pack				
1915	11	13	1600					29.050	37.0		19.0	SE	5						
1915	11	13	2000					29.068	36.0		15.0	SE	4						
1915	11	13	2400					29.066	35.0		14.0	SE	5						
1915	11	14	400					29.028	29.0		14.0	SE	6						
1915	11	14	800					29.055	34.0		19.0	ESE	4						
1915	11	14	1200					29.081	39.0		21.0	SE	4	14.0	In pack				
1915	11	14	1600					29.098	41.0		18.0	SE	5						
1915	11	14	2000						40.0		18.0	SE	5						
1915	11	14	2400					29.086	34.0		12.0	SSW	3						
1915	11	15	400					29.006	26.0		2.0	SW	3						
1915	11	15	800					29.057	22.0		13.0	SW	4						
1915	11	15	1200	66.37.30	S			29.081	33.0		17.0	WSW	4	2.0	In pack				
1915	11	15	1600					29.101	37.0		15.0	SW	4						
1915	11	15	2000						36.0		8.0	W	3						
1915	11	15	2400					29.078	28.0		-1.0	NW	3						
1915	11	16	400					29.039	19.0		2.0	NW	4						
1915	11	16	800					29.073	23.0		15.0	NW	5						
1915	11	16	1200	66.40.30	S			29.102	25.0		22.0	NW	6	-1.0	In pack				
1915	11	16	1600					29.126	30.0		22.0	NW	5						
1915	11	16	2000					29.164	27.0		18.0	NNW	4						
1915	11	16	2400					29.170	27.0		17.0	NNW	4						
1915	11	17	400					29.123	25.0		20.0	NE	3						
1915	11	17	800					29.154	30.0		32.0	NNE	3						
1915	11	17	1200					29.128	33.0		36.0	ENE	3	17.0	In pack				
1915	11	17	1600					29.094	31.0		30.0	NE	4						
1915	11	17	2000					29.066	38.0		22.0	E	5						
1915	11	17	2400					28.968	36.0		20.0	E	5						
1915	11	18	400					28.838	32.0		24.0	ESE	5						
1915	11	18	800					28.786	38.0		31.0	ESE	5						
1915	11	18	1200					28.670	38.0		32.0	ESE	5	20.0	In pack				
1915	11	18	1600					28.640	43.0		33.0	ESE	5						
1915	11	18	2000					28.595	40.0		28.0	SE	4						
1915	11	18	2400					28.574	39.0		26.0	SE	3						
1915	11	19	400					28.521	36.0		26.0	SE	3						
1915	11	19	800					28.569	38.0		26.0	SW	4						
1915	11	19	1200	67.37	S			28.602	34.0		24.0	WSW	5	26.0	In pack				
1915	11	19	1600					28.690	36.0		22.0	W	5						
1915	11	19	2000					28.756	34.0		20.0	WNW	4						
1915	11	19	2400					28.750	30.0		16.0	W	4						
1915	11	20	400					28.684	26.0		20.0	N	2						
1915	11	20	800					28.668	32.0		24.0	ENE	4						
1915	11	20	1200					28.624	35.0		26.0	ESE	4	16.0	In pack				
1915	11	20	1600					28.624	39.0		22.0	ESE	7						
1915	11	20	2000					28.628	39.0		22.0	ESE	7						
1915	11	20	2400					28.641	37.0		22.0	ESE	7						
1915	11	21	400					28.675	32.0		21.0	ESE	7						
1915	11	21	800									ESE	7						
1915	11	21	1200					28.778	38.0		30.0	ESE	7	21.0	In pack				
1915	11	21	1600					28.786	41.0		30.0	ESE	6						
1915	11	21	2000					28.794	40.0		28.0	ESE	6						
1915	11	21	2400					28.862	40.0		28.0	ESE	5						
1915	11	22	400					28.940	37.0		28.0	ESE	5						
1915	11	22	800					29.106	43.0		38.0	N	2						
1915	11	22	1200	66.26	S			29.184	44.0		44.0	N	2	28.0	In pack				
1915	11	22	1600					29.273	50.0		31.0	N	3						
1915	11	22	2000					29.362	53.0		28.0	N	3						
1915	11	22	2400					29.412	54.0		24.0	ESE	3						
1915	11	23	400					29.392	43.0		24.0	ESE	3						
1915	11	23	800					29.422	47.0		28.0	ESE	3						
1915	11	23	1200	66.26	S	154.17	E	29.425	48.0		29.5	ESE	3	24.0	In pack				
1915	11	23	1600					29.409	43.0		29.0	ESE	3						
1915	11	23	2000					29.364	40.0		26.0	SE	3						
1915	11	23	2400					29.322	38.0		22.0	S	3						
1915	11	24	400					29.281	34.0		20.0	S	4						
1915	11	24	800					29.267	34.0		23.0	WSW	4						
1915	11	24	1200					29.237	33.0		25.0	WSW	5	20.0	In pack				
1915	11	24	1600					29.235	38.0		20.0	WNW	5						
1915	11	24	2000					29.278	44.0		16.0	WNW	4						
1915	11	24	2400					29.299	36.0		10.0	NW	3						
1915	11	25	400					29.327	27.0		8.0	NW	3						
1915	11	25	800					29.444	27.0		18.0	NW	3						
1915	11	25	1200	66.24	S			29.554	33.0		24.0	NW	4	8.0	In pack				
1915	11	25	1600					29.646	43.0		28.0	NW	4						
1915	11	25	2000					29.676	41.0		26.0	ESE	2						
1915	11	25	2400					29.699	40.0		25.0	ESE	2						
1915	11	26	400					29.677	37.0		26.0	NNE	3						
1915	11	26	800					29.692	41.0		29.0	NE	4						
1915	11	26	1200					29.713	44.0		29.0	NNE	4	25.0	In pack				
1915	11	26	1600					29.678	46.0		28.0	E	4						
1915	11	26	2000					29.659	44.0		28.0	ESE	4						
1915	11	26	2400					29.632	42.0		28.0	ESE	5						
1915	11	27	400					29.573	38.0		26.0	E	5						
1915	11	27	800					29.573	41.0		28.0	ESE	5						
1915	11	27	1200					29.552	43.0		28.0	ESE	6	26.0	In pack				
1915	11	27	1600					29.562	50.0		26.0	ESE	6						
1915	11	27	2000					29.563	47.0		25.0	ESE	5						
1915	11	27	2400					29.549	44.0		25.0	ESE	6						
1915	11	28	400					29.500	39.0		25.0	ESE	5						
1915	11	28	800					29.546	40.0		28.0	ESE	5						
1915	11	28	1200	66.26	S	154.12	E	29.554	47.0	30.0	28.5	ESE	5	25.0	In pack				
1915	11	28	1600					29.533	49.0		28.0	ESE	4						
1915	11	28	2000					29.514	45.0		26.0	ESE	5						
1915	11	28	2400					29.484	41.0		24.0	ESE	5						
1915	11	29	400					29.404	36.0		21.0	ESE	5						
1915	11	29	800					29.426	37.0		25.0	ESE	5						
1915	11	29	1200					29.420	41.0		26.5	ESE	5	21.0	In pack				
1915	11	29	1600					29.399	47.0		25.0	ESE	4						
1915	11	29	2000					29.393	44.0		22.0	ESE	5						
1915	11	29	2400					29.335	41.0		22.0	ESE	5						
1915	11	30	400					29.285	35.0		22.0	ESE	6						
1915	11	30	800					29.327	43.0		21.0	ESE	5						
1915	11	30	1200					29.349	45.0		23.0	ESE	5	21.0	In pack				
1915	11	30	1600					29.357	44.0		22.0	ESE	4						
1915	11	30	2000					29.381	40.0		22.0	ESE	3						
1915	11	30	2400					29.407	38.0		22.0	ESE	3						
1915	12	1	400					29.410	34.0		22.0	SE	3						
1915	12	1	800					29.477	42.0		23.0	SE	4						
1915	12	1	1200	66.17.30	S			29.552	52.0		26.0	SE	4	21.0	In pack				
1915	12	1	1600					29.527	50.0		27.0	SE	3						
1915	12	1	2000					29.602	50.0		26.0	ESE	3						
1915	12	1	2400					29.600	45.0		24.0	ESE	4						
1915	12	2	400					29.571	38.0		22.0	SE	5						
1915	12	2	800					29.586	40.0		24.0	ESE	4						
1915	12	2	1200	66.15.30	S			29.550	46.0		26.0	SE	4	22.0	In pack				
1915	12	2	1600					29.485	47.0		25.5	SE	4						
1915	12	2	2000					29.421	52.0		24.0	SSE	3						
1915	12	2	2400					29.368	42.0		16.0	SSE	3						
1915	12	3	400					29.268	34.0		16.0	SE	3						
1915	12	3	800					29.309	36.0		24.0	SE	4						
1915	12	3	1200					29.314	42.0		26.0	ESE	4	16.0	In pack				
1915	12	3	1600					29.357	46.0		26.5	SE	4						
1915	12	3	2000					29.384	43.0		25.0	ESE	5						
1915	12	3	2400					29.422	47.0		26.0	ESE	5						
1915	12	4	400					29.397	40.0		24.0	SE	5						
1915	12	4	800					29.479	43.0		26.0	S	4						
1915	12	4	1200					29.488	47.0		29.0	S	3	24.0	In pack				
1915	12	4	1600					29.490	48.0		31.0	S	2						
1915	12	4	2000					29.477	40.0		30.0	SW	3						
1915	12	4	2400					29.467	41.0		27.0	WSW	3						
1915	12	5	400					29.419	37.0		26.0	W	3						
1915	12	5	800					29.419	44.0		29.0	SW	3						
1915	12	5	1200					29.440	47.0		31.0	SW	3	26.0					
1915	12	5	1600					29.442	48.0		30.0	SW	3						
1915	12	5	2000					29.434	44.0		28.0	WSW	3						
1915	12	5	2400					29.440	40.0		26.0	SW	4						
1915	12	6	400					29.402	36.0		28.0	SW	4						
1915	12	6	800					29.478	38.0		31.0	SW	4						
1915	12	6	1200	66.03	S			29.504	43.0		32.0	SSW	4	26.0	In pack				
1915	12	6	1600					29.558	54.0		31.0	WSW	4						
1915	12	6	2000					29.571	51.0		30.0	SW	4						
1915	12	6	2400					29.576	44.0		20.0	W	3						
1915	12	7	400					29.558	35.0		22.0	W	3						
1915	12	7	800					29.598	38.0		28.0	WSW	3						
1915	12	7	1200	66	S			29.634	48.0		31.0	SW	4	20.0	In pack				
1915	12	7	1600					29.634	50.0		32.5	WSW	3						
1915	12	7	2000					29.640	53.0		32.0	WSW	3						
1915	12	7	2400					29.616	48.0		31.0	SW	2						
1915	12	8	400					29.567	43.0		30.0	ESE	2						
1915	12	8	800					29.599	56.0		33.0	SSE	2						
1915	12	8	1200					29.598	58.0		34.0	E	2	30.0	In pack				
1915	12	8	1600					29.553	58.0		33.0	NE	2						
1915	12	8	2000					29.506	56.0		30.0	E	3						
1915	12	8	2400					29.449	51.0		30.0	E	3						
1915	12	9	400					29.352	44.0		28.0	E	4						
1915	12	9	800					29.323	47.0		29.0	ENE	4						
1915	12	9	1200					29.292	53.0		29.0	ENE	5	28.0	In pack				
1915	12	9	1600					29.223	50.0		30.0	ENE	5						
1915	12	9	2000					29.187	47.0		30.0	E	4						
1915	12	9	2400					29.151	44.0		30.0	E	4						
1915	12	10	400					29.071	40.0		30.0	E	3						
1915	12	10	800					29.052	46.0		21.0	E	4						
1915	12	10	1200	65.58	S			29.008	48.0		31.5	E	5	29.0	In pack				
1915	12	10	1600					28.944	50.0		32.0	E	5						
1915	12	10	2000					28.930	49.0		32.0	ESE	5						
1915	12	10	2400					28.913	46.0		30.0	ESE	5						
1915	12	11	400					28.858	41.0		30.0	E	4						
1915	12	11	800					28.926	45.0		32.5	ESE	4						
1915	12	11	1200	65.56.30	S			28.966	50.0		33.0	ESE	4	30.0	In pack				
1915	12	11	1600					28.975	53.0		32.0	E	3						
1915	12	11	2000					28.984	51.0		32.0	E	4						
1915	12	11	2400					28.967	43.0		30.0	E	4						
1915	12	12	400					28.948	42.0		30.0	E	3						
1915	12	12	800					28.970	45.0		32.0	E	3						
1915	12	12	1200					28.998	53.0		32.5	E	3	30.0	In pack				
1915	12	12	1600					29.028	56.0		34.0	ESE	2						
1915	12	12	2000					29.066	59.0		32.0	E	3						
1915	12	12	2400					29.060	51.0		32.0	E	3						
1915	12	13	400					29.028	46.0		32.0	E	3						
1915	12	13	800					29.101	50.0		33.0	E	3						
1915	12	13	1200	65.58	S			29.128	52.0		34.0	E	3	32.0	In pack				
1915	12	13	1600					29.169	54.0		31.5	ESE	4						
1915	12	13	2000					29.249	62.0		30.0	ESE	3						
1915	12	13	2400					29.268	49.0		29.0	S	3						
1915	12	14	400					29.238	43.0		29.0	S	3						
1915	12	14	800					29.316	47.0		29.0	SSE	3						
1915	12	14	1200	65.57	S			29.336	54.0		36.0	S	2	29.0	In pack				
1915	12	14	1600					29.336	54.0		36.0	E	2						
1915	12	14	2000					29.330	59.0		30.0	E	2						
1915	12	14	2400					29.294	48.0		29.0	NE	3						
1915	12	15	400					29.209	43.0		30.0	N	3						
1915	12	15	800					29.219	45.0		32.0	WNW	4						
1915	12	15	1200					29.211	47.0		32.0	WNW	3	29.0	In pack				
1915	12	15	1600					29.211	47.0		33.0	WNW	3						
1915	12	15	2000					29.222	58.0		31.0	NW	3						
1915	12	15	2400					29.189	47.0		28.0	NW	3						
1915	12	16	400					29.126	42.0		28.0	N	3						
1915	12	16	800					29.138	45.0		30.5	WNW	2						
1915	12	16	1200					29.132	48.0		32.0	WNW	2	28.0	In pack				
1915	12	16	1600					29.136	53.0		35.0	Var	2						
1915	12	16	2000					29.144	51.0		30.0	E	2						
1915	12	16	2400					29.151	48.0		28.0	E	2						
1915	12	17	400					29.109	42.0		27.0	E	2						
1915	12	17	800					29.208	44.0		30.5	E	1						
1915	12	17	1200					29.251	49.0		34.0	S	1	27.0	In pack				
1915	12	17	1600					29.312	53.0		30.5	E	2						
1915	12	17	2000					29.361	51.0		28.0	N	2						
1915	12	17	2400					29.398	46.0		26.0	NW	2						
1915	12	18	400					29.433	39.0		25.0	NW	4						
1915	12	18	800					29.598	60.0		29.0	WNW	3						
1915	12	18	1200	65.55.30	S	152.4	E	29.600	54.0		30.0	N	2	25.0	In pack				
1915	12	18	1600					29.612	55.0		30.0	NE	3						
1915	12	18	2000					29.526	52.0		28.0	E	3						
1915	12	18	2400					29.449	43.0		28.0	E	5						
1915	12	19	400					29.271	41.0		26.0	E	7						
1915	12	19	800					29.073	42.0		28.0	E	8						
1915	12	19	1200					28.969	42.0		28.0	E	7	26.0	In pack				
1915	12	19	1600					29.039	44.0		31.5	E	6						
1915	12	19	2000					29.019	43.0		32.0	NW	2						
1915	12	19	2400					29.067	42.0		32.0	NW	3						
1915	12	20	400					29.068	39.0		31.0	NE	3						
1915	12	20	800					29.174	44.0		36.0	Var	1						
1915	12	20	1200					29.226	51.0		35.0	E	1	28.0	In pack				
1915	12	20	1600					29.261	57.0		33.5	ESE	2						
1915	12	20	2000					29.276	51.0		30.0	ESE	2						
1915	12	20	2400					29.276	46.0		30.0	ESE	3						
1915	12	21	400					29.251	42.0		26.0	ESE	4						
1915	12	21	800					29.244	44.0		28.0	E	4						
1915	12	21	1200					29.211	48.0		28.0	E	5	26.0	In pack				
1915	12	21	1600					29.131	49.0		28.5	E	5						
1915	12	21	2000					29.033	45.0		28.0	ESE	5						
1915	12	21	2400					28.929	40.0		26.0	ESE	5						
1915	12	22	400					28.867	36.0		26.0	SE	5						
1915	12	22	800					28.875	35.0		26.5	ESE	4						
1915	12	22	1200					28.883	38.0		27.5	S	5	26.0	In pack				
1915	12	22	1600					28.927	49.0		28.0	SSW	4						
1915	12	22	2000					28.940	41.0		26.0	SSW	4						
1915	12	22	2400					28.935	36.0		24.0	SSW	4						
1915	12	23	400					28.935	33.0		24.0	SW	4						
1915	12	23	800					28.936	36.0		26.0	SW	4						
1915	12	23	1200					28.933	38.0		29.0	WSW	3	24.0	In pack				
1915	12	23	1600					28.999	37.0		27.0	ESE	4						
1915	12	23	2000					29.007	48.0		26.0	E	4						
1915	12	23	2400					29.021	41.0		24.0	ESE	4						
1915	12	24	400					29.036	36.0		23.0	S	3						
1915	12	24	800					29.076	38.0		26.0	SSW	3						
1915	12	24	1200	65.49	S			29.010	48.0		28.0	S	2	23.0	In pack				
1915	12	24	1600					29.068	53.0		27.0	ESE	4						
1915	12	24	2000					29.032	50.0		25.0	ESE	4						
1915	12	24	2400					28.967	44.0		24.0	ESE	4						
1915	12	25	400					28.908	38.0		24.0	SE	3						
1915	12	25	800					28.903	38.0		28.5	SE	5						
1915	12	25	1200					28.900	42.0		29.0	ESE	4	24.0	In pack				
1915	12	25	1600					28.959	49.0		30.0	ESE	5						
1915	12	25	2000					29.020	42.0		30.0	SE	4						
1915	12	25	2400					29.079	40.0			SSW	3						
1915	12	26	400					29.188	57.0		26.0	WSW	3						
1915	12	26	800					29.234	43.0		30.0	W	4						
1915	12	26	1200					29.292	43.0		30.5	W	4	26.0	In pack				
1915	12	26	1600					29.410	44.0		30.0	W	4						
1915	12	26	2000					29.457	42.0		28.0	WSW	4						
1915	12	26	2400					29.514	42.0		28.0	WSW	5						
1915	12	27	400					29.534	36.0		22.0	W	6						
1915	12	27	800					29.611	52.0		28.0	W	6						
1915	12	27	1200	65.43	S	151.59	E	29.607	49.0		30.0	W	6	22.0	In pack				
1915	12	27	1600					29.598	46.0		32.0	W	5						
1915	12	27	2000					29.575	51.0		30.0	WNW	3						
1915	12	27	2400					29.558	63.0		30.0	WSW	2						
1915	12	28	400					29.489	46.0		30.0	WSW	2						
1915	12	28	800					29.507	62.0		33.0	E	2						
1915	12	28	1200					29.437	56.0		33.0	E	2	30.0	In pack				
1915	12	28	1600					29.341	55.0		32.0	ESE	4						
1915	12	28	2000					29.211	56.0		32.0	E	4						
1915	12	28	2400					29.013	53.0		32.0	E	5						
1915	12	29	400					28.828	42.0		32.0	ENE	6						
1915	12	29	800					28.728	50.0		33.0	ENE	4						
1915	12	29	1200					28.706	50.5		33.0	E	5	32.0	In pack				
1915	12	29	1600					28.690	50.0		33.0	NE	4						
1915	12	29	2000					28.738	55.0		32.0	NNE	4						
1915	12	29	2400					28.788	50.0		32.0	ENE	3						
1915	12	30	400					28.777	43.0		32.0	ENE	3						
1915	12	30	800					28.803	46.0		33.0	E	3						
1915	12	30	1200					28.840	59.0		33.0	E	3	32.0	In pack				
1915	12	30	1600					28.784	55.0		33.5	E	3						
1915	12	30	2000					28.772	53.0		32.0	ENE	3						
1915	12	30	2400					28.743	53.0		32.0	ENE	3						
1915	12	31	400					28.700	45.0		32.0	E	3						
1915	12	31	800					28.709	45.0		33.0	ENE	4						
1915	12	31	1200					28.717	49.0		33.0	E	4	32.0	In pack				
1915	12	31	1600					28.750	51.0		33.0	E	4						
1915	12	31	2000					28.774	51.0		30.0	E	3						
1915	12	31	2400					28.796	50.0		30.0	SSE	3						
1916	1	1	400					28.819	43.0		30.0	SSE	5						
1916	1	1	800					28.879	48.0		31.0	SE	5						
1916	1	1	1200					28.936	50.0		32.0	SE	5	30.0	In pack				
1916	1	1	1600					28.988	50.0		30.5	SE	5						
1916	1	1	2000					29.036	45.0		30.0	S	5						
1916	1	1	2400					29.079	49.0		30.0	SSE	5						
1916	1	2	400					29.087	43.0		30.0	SSE	5						
1916	1	2	800					29.150	43.0		30.5	S	4						
1916	1	2	1200					29.197	46.0		31.0	S	4	30.0	In pack				
1916	1	2	1600					29.239	51.0		31.0	SE	3						
1916	1	2	2000					29.243	49.0		30.0	SSE	3						
1916	1	2	2400					29.234	52.0		28.0	E	2						
1916	1	3	300					29.193	43.0		28.0	ENE	2						
1916	1	3	800					29.189	47.0		30.0	E	2						
1916	1	3	1200	65.42.30	S			29.199	46.0		30.5	E	3	28.0	In pack				
1916	1	3	1600					29.256	53.0		31.5	NW	2						
1916	1	3	2000					29.297	53.0		30.0	NE	2						
1916	1	3	2400					29.301	51.0		30.0	WNW	2						
1916	1	4	400					29.296	45.0		30.0	WNW	3						
1916	1	4	800					29.285	44.0		31.0	NNW	3						
1916	1	4	1200					29.282	48.0		31.5	NNW	3	30.0	In pack				
1916	1	4	1600					29.268	48.0		29.5	NE	3						
1916	1	4	2000					29.255	48.0		30.0	NE	2						
1916	1	4	2400					29.227	52.0		28.0	ENE	3						
1916	1	5	400					29.207	44.0		29.0	ENE	3						
1916	1	5	800					29.222	45.0		31.0	NE	3						
1916	1	5	1200	65.45	S			29.256	50.0		37.0	E	1	0.3	In pack				
1916	1	5	1600					29.285	51.0		38.5	E	1						
1916	1	5	2000					29.342	49.0		30.0	W	2						
1916	1	5	2400					29.357	45.0		26.0	W	4						
1916	1	6	400					29.359	29.0		24.0	WNW	4						
1916	1	6	800					29.388	42.0		30.5	W	5						
1916	1	6	1200	65.43	S			29.402	48.0		31.0	W	5	24.0	In pack				
1916	1	6	1600					29.415	46.0		34.0	W	4						
1916	1	6	2000					29.400	47.0		32.0	NNE	3						
1916	1	6	2400					29.355	45.0		31.0	ENE	3						
1916	1	7	400					29.254	42.0		30.0	ENE	4						
1916	1	7	800					29.179	48.0		32.0	ENE	5						
1916	1	7	1200					29.077	48.0		33.0	ENE	5	30.0	In pack				
1916	1	7	1600					28.994	48.0		33.0	E	5						
1916	1	7	2000					28.922	46.0		32.0	ENE	3						
1916	1	7	2400					28.919	43.0		32.0	NE	3						
1916	1	8	400					29.009	39.0		30.0	WNW	6						
1916	1	8	800					29.150	39.0		30.0	W	6						
1916	1	8	1200					29.214	51.0		32.5	WNW	4	30.0	In pack				
1916	1	8	1600					29.147	49.0		32.0	E	5						
1916	1	8	2000					29.028	53.0		32.0	NE	6						
1916	1	8	2400					28.902	50.0		32.0	NE	6						
1916	1	9	400					28.817	44.0		32.0	ENE	6						
1916	1	9	800					28.807	48.0		33.0	E	3						
1916	1	9	1200					28.888	51.0		34.5	SW	4	30.0	In pack				
1916	1	9	1600					28.982	47.0		33.5	WSW	5						
1916	1	9	2000					29.044	51.0			WSW	5						
1916	1	9	2400					29.119	42.0			WSW	6						
1916	1	10	400					29.180	36.0		28.0	WSW	6						
1916	1	10	800					29.247	42.0		30.5	W	5						
1916	1	10	1200	65.45.30	S			29.255	41.0		31.5	W	5	28.0	In pack				
1916	1	10	1600					29.288	47.0		33.0	NW	4						
1916	1	10	2000					29.287	50.0		32.0	NW	3						
1916	1	10	2400					29.228	60.0		32.0	NW	4						
1916	1	11	400					29.286	45.0		32.0	NNW	4						
1916	1	11	800					29.314	63.0		33.5	ENE	4						
1916	1	11	1200					29.286	64.0		33.5	NE	5	31.5	In pack				
1916	1	11	1600					29.208	58.0		33.0	NE	4						
1916	1	11	2000					29.122	57.0		32.0	E	6						
1916	1	11	2400					29.014	51.0		31.0	E	6						
1916	1	12	400					28.933	44.0		31.0	ENE	7						
1916	1	12	800					28.834	45.0		32.5	E	7						
1916	1	12	1200					28.780	45.0		32.5	ESE	7	31.0	In pack				
1916	1	12	1600					28.574	43.0		33.0	E	7						
1916	1	12	2000					28.570	49.0		32.0	ENE	6						
1916	1	12	2400					28.576	53.0			ENE	5						
1916	1	13	400					28.560	45.0		32.0	NE	5						
1916	1	13	800					28.536	47.0		33.0	SE	3						
1916	1	13	1200					28.477	49.0		32.5	SE	3	32.0	In pack				
1916	1	13	1600					28.337	48.0		32.0	SE	3						
1916	1	13	2000					28.266	46.0		32.0	E	3						
1916	1	13	2400					28.279	46.0		30.0	NNW	3						
1916	1	14	400					28.404	44.0		32.0	NNW	4						
1916	1	14	800					28.554	44.0		32.0	NE	5						
1916	1	14	1200	65.46.30	S			28.682	47.0		33.0	NE	5	30.0	In pack				
1916	1	14	1600					28.720	47.0		32.5	E	6						
1916	1	14	2000					28.745	45.0		32.0	ENE	6						
1916	1	14	2400					28.761	48.0		32.0	ENE	7						
1916	1	15	400					28.771	43.0		32.0	E	5						
1916	1	15	800					28.762	42.0		32.5	SSE	3						
1916	1	15	1200					28.746	48.0		32.5	SSE	3	32.0	In pack				
1916	1	15	1600					28.753	57.0		33.5	ESE	3						
1916	1	15	2000					28.763	47.0		32.0	ESE	3						
1916	1	15	2400					28.772	46.0		32.0	ESE	3						
1916	1	16	400					28.806	43.0		32.0	ESE	4						
1916	1	16	800					28.867	44.0		32.0	E	4						
1916	1	16	1200	65.45.30	S			28.929	48.0		32.7	S	3	32.0	In pack				
1916	1	16	1600					29.011	53.0		33.5	S	3						
1916	1	16	2000					29.058	52.0		32.0	SSE	3						
1916	1	16	2400					29.134	60.0		32.0	SSE	3						
1916	1	17	400					29.150	49.0		32.0	SE	3						
1916	1	17	800					29.231	49.0		32.5	E	4						
1916	1	17	1200	65.43.30	S			29.241	49.0		33.0	NE	3	32.0	In pack				
1916	1	17	1600					29.257	50.0		32.5	NE	3						
1916	1	17	2000					29.257	48.0		32.0	NE	3						
1916	1	17	2400					29.241	50.0		30.0	ENE	3						
1916	1	18	400					29.222	47.0		30.0	E	4						
1916	1	18	800					29.190	46.0		31.5	ESE	5						
1916	1	18	1200					29.158	47.0		32.0	ESE	5	30.0	In pack				
1916	1	18	1600					29.150	47.0		32.0	ESE	5						
1916	1	18	2000					29.179	47.0		30.0	SE	3						
1916	1	18	2400					29.190	49.0		30.0	SSE	3						
1916	1	19	400					29.197	40.0		30.0	SSE	5						
1916	1	19	800					29.235	40.0		30.5	SE	4						
1916	1	19	1200					29.263	42.0		31.5	S	3	30.0	In pack				
1916	1	19	1600					29.300	44.0		32.0	SE	3						
1916	1	19	2000					29.351	45.0		31.0	ENE	3						
1916	1	19	2400					29.393	46.0		30.0	E	3						
1916	1	20	400					29.367	42.0		30.0	E	3						
1916	1	20	800					29.345	47.0		31.7	E	4						
1916	1	20	1200	65.40.30	S	151.27	E	29.300	46.0		31.8	ESE	5	30.0	In pack				
1916	1	20	1600					29.218	47.0		31.0	ESE	5						
1916	1	20	2000					29.149	42.0		30.0	ESE	7						
1916	1	20	2400					29.049	48.0		29.0	ESE	7						
1916	1	21	400					29.000	40.0		30.0	ESE	7						
1916	1	21	800					29.015	51.0		30.7	ESE	6						
1916	1	21	1200	65.38.30	S			29.041	46.0		31.0	SE	4	29.0	In pack				
1916	1	21	1600					29.064	44.0		31.0	SSE	4						
1916	1	21	2000					29.151	47.0		30.0	S	3						
1916	1	21	2400					29.206	47.0		28.0	SSE	3						
1916	1	22	400					29.256	35.0		22.0	SSW	3						
1916	1	22	800					29.312	36.0		27.0	E	3						
1916	1	22	1200					29.296	38.0		29.0	E	3	22.0	In pack				
1916	1	22	1600					29.199	46.0		29.0	E	6						
1916	1	22	2000					29.041	46.0		29.0	ENE	7						
1916	1	22	2400					28.866	46.0		27.0	ENE	8		Fresh gale				
1916	1	23	400					28.696	40.0		28.0	E	9						
1916	1	23	800					28.669	37.0		28.0	E	9						
1916	1	23	1200					28.704	37.0		28.5	ESE	8	27.0	in pack				
1916	1	23	1600					28.775	38.0		29.2	ESE	8						
1916	1	23	2000					28.877	46.0		29.0	ESE	7						
1916	1	23	2400					28.872	45.0		29.0	ESE	7						
1916	1	24	400					28.784	39.0		29.0	ESE	6						
1916	1	24	800					28.699	41.0		29.2	ESE	6						
1916	1	24	1200	65.39.30	S			28.651	43.0		30.8	ESE	6	29.0	In pack				
1916	1	24	1600					28.623	44.0		30.0	ESE	5						
1916	1	24	2000					28.615	46.0		30.0	E	5						
1916	1	24	2400					28.584	44.0		29.0	E	5						
1916	1	25	400					28.586	38.0		27.0	ESE	4						
1916	1	25	800					28.628	40.0		27.0	SSE	4						
1916	1	25	1200					28.660	49.0		32.0	SE	4	27.0	In pack				
1916	1	25	1600					28.678	46.0		32.0	ESE	3						
1916	1	25	2000					28.686	50.0		31.0	ESE	3						
1916	1	25	2400					28.657	46.0		31.0	E	3						
1916	1	26	400					28.649	45.0		31.0	ESE	3						
1916	1	26	800					28.657	46.0		30.0	SE	3						
1916	1	26	1200					28.664	45.0		32.0	S	3	30.0	In pack				
1916	1	26	1600					28.700	44.5		31.7	SE	3						
1916	1	26	2000					28.746	43.0		31.0	E	3						
1916	1	26	2400					28.762	42.0		31.0	E	3						
1916	1	27	400					28.783	40.0		28.0	E	3						
1916	1	27	800					28.825	44.0		28.5	ESE	3						
1916	1	27	1200					28.908	50.0		30.0	E	2	28.0	In pack				
1916	1	27	1600					28.923	48.0		30.0	E	3						
1916	1	27	2000					28.943	43.0		31.0	N	2						
1916	1	27	2400					28.943	42.0		26.0	ENE	3						
1916	1	28	400					28.924	38.0		28.0	ESE	3						
1916	1	28	800					28.947	42.0		30.5	S	3						
1916	1	28	1200					28.984	45.0		32.5	W	2	26.0	In pack				
1916	1	28	1600					29.023	47.0		30.5	W	3						
1916	1	28	2000					29.090	40.0		30.0	WSW	5						
1916	1	28	2400					29.133	38.0		22.0	W	5						
1916	1	29	400					29.134	34.0		28.0	W	7						
1916	1	29	800					29.140	35.0		30.7	WNW	7						
1916	1	29	1200	65.31.30	S			29.144	36.0		31.6	NW	7	22.0	In pack				
1916	1	29	1600					29.002	42.0		31.2	W	5						
1916	1	29	2000					28.991	42.0		31.0	WSW	6						
1916	1	29	2400					29.149	48.0		26.0	W	6						
1916	1	30	400					29.176	35.0		31.0	W	7		Ship's head swinging hourly to westward				
1916	1	30	800					29.210	39.0		32.3	W	8						
1916	1	30	1200	65.24	S			29.249	37.0		33.2	W	7	26.0	In pack				
1916	1	30	1600					29.266	37.0		33.0	W	8						
1916	1	30	2000					29.294	41.0		32.0	W	9						
1916	1	30	2400					29.268	38.0		29.0	W	9						
1916	1	31	400					29.253	34.0		24.0	WSW	7						
1916	1	31	800					29.242	32.0		26.0	W	6						
1916	1	31	1200	65.14	S	151.08	E	29.236	32.0		25.0	WSW	6	24.0	in pack				
1916	1	31	1600					29.292	33.0		25.5	WSW	5						
1916	1	31	2000					29.331	33.0		24.0	W	5						
1916	1	31	2400					29.349	32.0		24.0	W	5						
1916	2	1	400					29.322	29.0		21.0	W	5						
1916	2	1	800					29.348	28.5		27.4	WSW	5						
1916	2	1	1200	65.09.30	S	151.21.30	E	29.384	30.0		27.2	WSW	5	21.0	In pack				
1916	2	1	1600					29.468	34.0		25.3	WSW	5						
1916	2	1	2000					29.541	38.0		24.0	W	5						
1916	2	1	2400					29.519	32.0		22.0	W	5						
1916	2	2	400					29.539	28.0		22.0	W	5						
1916	2	2	800					29.544	28.0		25.5	W	5						
1916	2	2	1200	65.06	S				29.5		25.5	W	5	22.0	In pack				
1916	2	2	1600					29.569	26.2		25.0	W	5						
1916	2	2	2000					29.572	35.0		26.0	WSW	5						
1916	2	2	2400					29.474	30.0		23.0	WSW	6						
1916	2	3	400					29.388	27.0		24.0	WSW	7						
1916	2	3	800					29.461	26.0		23.0	SW	7						
1916	2	3	1200					29.539	29.0		23.8	SW	5	23.0	In pack				
1916	2	3	1600					29.549	30.0		24.6	SW	3						
1916	2	3	2000					29.537	32.5		22.0	N	2						
1916	2	3	2400					29.498	33.5		22.0	NNE	3						
1916	2	4	400					29.474	30.0		22.0	NNE	3						
1916	2	4	800					29.462	33.0		25.0	NE	4						
1916	2	4	1200					29.453	32.0		26.2	ENE	6	22.0	In pack				
1916	2	4	1600					29.459	35.0		27.8	E	5						
1916	2	4	2000					29.484	32.5		28.0	ESE	5						
1916	2	4	2400					29.521	36.0		28.0	ESE	4						
1916	2	5	400					29.542	34.0		29.0	ESE	4						
1916	2	5	800					29.560	35.0		31.0	SE	5						
1916	2	5	1200					29.549	36.0		32.8	ESE	5	26.2	In pack				
1916	2	5	1600					29.534	38.0		33.0	ESE	4						
1916	2	5	2000					29.539	39.0		32.0	E	5						
1916	2	5	2400					29.573	41.0		32.0	ENE	5						
1916	2	6	400					29.584	38.0		32.0	NE	3						
1916	2	6	800					29.702	41.0		33.3	NE	3						
1916	2	6	1200					29.736	41.0		33.8	N	2	32.0	In pack				
1916	2	6	1600					29.855	57.0		36.4	NE	4						
1916	2	6	2000					29.919	47.0		32.0	WNW	3						
1916	2	6	2400					29.984	40.0		30.0	WNW	3						
1916	2	7	400					30.051	41.0		29.0	NNW	3						
1916	2	7	800					30.138	44.0		31.0	NW	2						
1916	2	7	1200					30.151	46.0		31.0	W	2	29.0	In pack				
1916	2	7	1600					30.186	51.0		33.0	W	2						
1916	2	7	2000					30.191	48.0		30.0	W	3						
1916	2	7	2400					30.172	46.0		26.0	WSW	3						
1916	2	8	400					30.158	39.0		26.0	WSW	3						
1916	2	8	800					30.126	40.0		29.5	SW	4						
1916	2	8	1200	65.02	S	152.18.30	E	30.099	44.0		30.0	SW	4	26.0	in pack				
1916	2	8	1600					30.039	45.0		30.0	SW	5						
1916	2	8	2000					29.978	46.0		29.0	SW	3						
1916	2	8	2400					29.856	41.0		27.0	SW	3						
1916	2	9	400					29.742	38.0		29.0	SW	5						
1916	2	9	800					29.655	47.0		31.8	W	5						
1916	2	9	1200	64.52	S			29.574	47.0		31.0	WSW	4	27.0	In pack				
1916	2	9	1600					29.480	46.5		31.0	WSW	5						
1916	2	9	2000					29.439	36.5		26.0	SWxW	5						
1916	2	9	2400					29.437	33.0		20.0	W	4						
1916	2	10	400					29.436	31.0		20.0	SSW	3						
1916	2	10	800					29.485	35.0		26.8	Var	1						
1916	2	10	1200	64.49.30	S	152.4	E	29.539	42.0		28.0	S	1	20.0	In pack				
1916	2	10	1600					29.588	45.0		28.0	SE	4						
1916	2	10	2000					29.622	46.0		24.0	ESE	4						
1916	2	10	2400					29.602	41.0		24.0	ESE	5						
1916	2	11	400					29.559	36.0		26.0	E	6						
1916	2	11	800					29.518	36.0		27.0	ESE	6						
1916	2	11	1200					29.487	42.5		28.7	ESE	6	24.0	In pack				
1916	2	11	1600					29.428	49.0		30.0	E	6						
1916	2	11	2000					29.299	44.0		30.0	ESE	6						
1916	2	11	2400					29.154	42.0		30.0	ESE	4						
1916	2	12	400					28.983	42.5		33.0	ESE	6						
1916	2	12	800					28.900	43.0		33.2	ENE	2						
1916	2	12	1200					28.858	44.0		32.7	NE	4	30.0	In pack. Ice broke up.				
1916	2	12	1600					28.799	42.0		32.8								
1916	2	12	2000					28.740	40.0		31.0	E	3		Ice breaking up in all directions under influence of swell. Ship taken starboard list 6°				
1916	2	12	2400					28.780	46.0		30.0	SE	3						
1916	2	13	400					28.788	39.0		32.0	S	3						
1916	2	13	800					28.851	39.0		32.0	SSW	4						
1916	2	13	1200					28.899	38.0		31.8	SSW	5		In loose pack. Ship held up by large floe.				
1916	2	13	1600					28.944	38.0		31.0	S	5						
1916	2	13	2000					29.031	47.0		29.0	SW	5						
1916	2	13	2400								28.0	SSW	5						
1916	2	14	400					29.089	36.0		28.0	SW	4		Ship proceeding very slowly through heavy pack with frequent stops				
1916	2	14	800					29.114	40.0		28.8	SW	4						
1916	2	14	1200					29.129	38.0		30.0	SW	4		Ice broken up into small floes with edges and corners generally abutting.				
1916	2	14	1600					29.144	38.0		30.0	SW	3						
1916	2	14	2000					29.195	38.0		29.0	SSW	4						
1916	2	14	2400					29.210	37.0		28.0	SSW	4						
1916	2	15	400					29.250	34.0		28.0	SSW	3						
1916	2	15	800					29.248	36.0		29.2	S	3						
1916	2	15	1200					29.194	40.0		30.8	NE	4		In pack. Close floes and heavy brash.				
1916	2	15	1600					29.096	42.0		30.0	NE	5						
1916	2	15	2000					29.066	44.0		30.0	ENE	6						
1916	2	15	2400					29.063	43.0		30.0	ENE	6						
1916	2	16	400					29.162	37.0		26.0	SE	3						
1916	2	16	800					29.268	37.0		27.5	ESE	4						
1916	2	16	1200	64.43	S			29.326	39.0		29.8	ESE	4		Ship held up in consolidated pack				
1916	2	16	1600					29.350	34.0		29.5	ESE	4						
1916	2	16	2000					29.388	33.0		28.0	ESE	2						
1916	2	16	2400					29.366	31.5		26.0	ENE	2						
1916	2	17	400					29.350	30.0		26.0	ESE	2						
1916	2	17	800					29.322	33.0		30.0	E	3						
1916	2	17	1200					29.264	36.0		30.6	E	4		"From crow's nest, pack can be seen closely jammed in all directions with several broad lanes which appear to be cul-des-sac. Pacl appears to have rotary movement from N to W"				
1916	2	17	1600					29.171	37.0		31.0	E	4						
1916	2	17	2000					29.112	46.0		30.0	ENE	3						
1916	2	17	2400					29.038	38.0		30.0	E	4						
1916	2	18	400					28.944	35.0		30.0	SE	3						
1916	2	18	800					28.877	35.0		29.8	SE	5						
1916	2	18	1200					28.814	37.0		31.0	SE	5		Ship held up in heavy pack				
1916	2	18	1600					28.755	38.0		31.0	SE	5						
1916	2	18	2000					28.724	37.0		30.0	SE	5						
1916	2	18	2400					28.678	39.0		30.0	SSE	5						
1916	2	19	400					28.645	35.0		30.0	SSE	3						
1916	2	19	800					28.664	38.0		31.0	SSE	3						
1916	2	19	1200					28.700	40.0		32.2	SSE	3		Ship held up in impenetrable pack. Three bergs in sight from crow's nest.				
1916	2	19	1600					28.779	43.0		32.0	SW	3						
1916	2	19	2000					28.900	43.0		30.0	WSW	4						
1916	2	19	2400					29.012	44.0		26.0	WSW	5						
1916	2	20	400					29.092	38.0		26.0	WSW	5						
1916	2	20	800					29.184	37.0		27.2	WSW	5						
1916	2	20	1200					29.211	38.0		28.2	WSW	4		In pack.  Eleven bergs visible to N and E from crow's nest.				
1916	2	20	1600					29.211	40.0		29.0	Var	2						
1916	2	20	2000					29.170	39.0		26.0	E	3						
1916	2	20	2400					29.100	37.0		24.0	E	3						
1916	2	21	400					29.074	32.0		25.0	ESE	3						
1916	2	21	800					29.040	32.0		26.5	ESE	5						
1916	2	21	1200					29.056	33.0			E	4		In pack				
1916	2	21	1600					29.097	38.0		28.5	S	2						
1916	2	21	2000					29.159	39.0		28.0	Var	1						
1916	2	21	2400					29.226	37.0		26.0	W	3						
1916	2	22	400					29.269	35.0		26.0	WNW	3						
1916	2	22	800					29.290	36.0		29.5	WNW	3						
1916	2	22	1200						39.0		31.3	WNW	4		In tight pack				
1916	2	22	1600					29.232	40.0		31.0	NW	3						
1916	2	22	2000					29.149	40.0		32.0	NE	4						
1916	2	22	2400					28.944	37.0		30.0	NE	5						
1916	2	23	400					28.750	35.0		32.0	N	3						
1916	2	23	800					28.800	43.0		33.0	WNW	6						
1916	2	23	1200	64.36.30	S			28.810	42.0		33.5	WNW	6		In tight pack				
1916	2	23	1600					28.808	42.0		33.0	WNW	6						
1916	2	23	2000					28.772	43.0		32.0	WNW	6						
1916	2	23	2400					28.739	42.0		30.0	WNW	5						
1916	2	24	400					28.659	38.0		22.0	NW	3						
1916	2	24	800					28.610	39.0		29.0	W	3						
1916	2	24	1200					28.600	41.5		31.0	Var	1		In tight pack				
1916	2	24	1600					28.674	43.0		29.5	SW	3						
1916	2	24	2000					28.786	40.0		25.0	S	3						
1916	2	24	2400					28.826	39.0		24.0	SW	4						
1916	2	25	400					28.845	36.0		26.0	SW	5						
1916	2	25	800					28.899	36.0		28.0	W	5						
1916	2	25	1200					28.927	37.0		27.8	W	6		In close pack				
1916	2	25	1600					28.976	37.0		28.5	WSW	5						
1916	2	25	2000					29.057	36.0		28.0	WSW	5						
1916	2	25	2400					29.095	38.0		22.0	WSW	3						
1916	2	26	400					29.232	34.0		24.0	NW	2						
1916	2	26	800					29.130	41.0		27.5	WSW	3						
1916	2	26	1200	64.22	S			29.128				W	3		In close pack.  Six bergs in sight from crow's nest.				
1916	2	26	1600					29.142	44.0		27.5	WSW	4						
1916	2	26	2000					29.182	43.0		26.0	WSW	5						
1916	2	26	2400					29.174	40.0		26.0	WSW	5						
1916	2	27	400					29.187	36.0		26.0	SW	6						
1916	2	27	800					29.261	38.0		27.8	WSW	3						
1916	2	27	1200	64.14.30	S			29.285	40.0		31.0	NW	3		In close pack.				
1916	2	27	1600					29.200	40.0		31.7	NW	4						
1916	2	27	2000					29.049	39.0		30.0	NE	5						
1916	2	27	2400					28.900	38.0		30.0	NNW	6						
1916	2	28	400					28.926	38.0		34.0	WNW	6						
1916	2	28	800					28.985	40.0		33.0	W	5						
1916	2	28	1200					29.049	42.0		34.0	W	6		In close pack.				
1916	2	28	1600					29.182	45.0		33.8	W	5						
1916	2	28	2000					29.269	51.0		34.0	WNW	5						
1916	2	28	2400					29.296	47.0		33.0	WNW	5						
1916	2	29	400					29.284	44.0		32.0	NW	3						
1916	2	29	800					29.258	45.0		32.5	NW	4						
1916	2	29	1200					29.223	44.5		32.8	NW	2		In close pack.				
1916	2	29	1600					29.179	45.0		33.0	NW	3						
1916	2	29	2000					29.188	48.0		31.0	SSW	2						
1916	2	29	2400								29.0	SSW	4						
1916	3	1	400					29.238	38.0		25.0	SSW	4						
1916	3	1	800					29.289	41.0		25.0	ESE	3						
1916	3	1	1200					29.267	37.0		26.0	E	2		In close pack.  Distinct appearance of open water to N and S.				
1916	3	1	1600					29.219	38.5		29.0	NE	4						
1916	3	1	2000					29.144	40.0		30.0	NNE	3						
1916	3	1	2400					29.094	42.5		32.0	NNE	3						
1916	3	2	400					29.077	41.0		26.0	NW	3						
1916	3	2	800					29.099	43.0		31.0	NW	3						
1916	3	2	1200					29.109	46.0		31.5	NW	2		In pack				
1916	3	2	1600					29.074	50.0		31.5	NW	3						
1916	3	2	2000					29.040	59.0		28.0	ENE	2						
1916	3	2	2400					29.022	59.0		29.0	ESE	2						
1916	3	3	400					29.011	54.0		26.0	SSW	3						
1916	3	3	800					29.176	50.0		26.2	WSW	4						
1916	3	3	1200					29.280	54.0		28.0	WSW	4		Ship held in heavy ice				
1916	3	3	1600					29.325	53.5		30.5	NNW	2						
1916	3	3	2000					29.349	64.0		31.0	WNW	4						
1916	3	3	2400						59.0		32.0	W	5						
1916	3	4	400					29.470	48.0		26.0	SW	4						
1916	3	4	800					29.589	46.0		29.0	W	3						
1916	3	4	1200	64.16	S	154.17	E	29.624	54.0		29.0	N	2		Ship in close pack				
1916	3	4	1600					29.617	59.0		29.3	E	3						
1916	3	4	2000					29.500	58.0		28.0	E	6						
1916	3	4	2400								28.0	E	6						
1916	3	5	400					29.171	58.0		34.0	ENE	5						
1916	3	5	800					28.970	58.0		34.0	ENE	7						
1916	3	5	1200					28.800	52.0		33.5	NE	5		Ship in close pack				
1916	3	5	1600					28.773	53.0		33.5	N	6						
1916	3	5	2000					28.856	56.0		33.0	N	6						
1916	3	5	2400					28.879	58.0		32.0	N	5						
1916	3	6	400					28.894	54.0		32.0	N	5						
1916	3	6	800					29.026	70.0		32.5	NNW	3						
1916	3	6	1200					29.109	66.0		33.5	NW	3		Ship in close pack				
1916	3	6	1600																
1916	3	6	2000					29.419	57.0		32.0	NNW	3						
1916	3	6	2400					29.511	61.0		32.0	NNW	3						
1916	3	7	400					29.530	53.0		32.0	NNW	5						
1916	3	7	800					29.480	52.5		32.0	NE	4						
1916	3	7	1200					29.314	49.0		34.0	NNE	6		Ship in close pack				
1916	3	7	1600					29.308	44.0		34.0	N	7						
1916	3	7	2000					29.434	46.0		32.0	NNW	6						
1916	3	7	2400					29.447	42.0		30.0	NW	6						
1916	3	8	400					29.462	41.0		32.0	NW	6						
1916	3	8	800					29.434	50.0		32.3	NW	5						
1916	3	8	1200					29.229	49.0		33.5	NNW	5		Ship in close pack				
1916	3	8	1600					29.172	47.0		33.5	NW	5						
1916	3	8	2000					29.190	56.0		32.0	N	5						
1916	3	8	2400					29.139	48.0		32.0	NW	3						
1916	3	9	400					29.135	45.0		32.0	NW	5						
1916	3	9	800					29.096	48.0		31.7	NNE	4						
1916	3	9	1200	65.04	S			28.954	49.0		33.0	N	5		Ship in close pack				
1916	3	9	1600					28.959	55.0		32.5	N	4						
1916	3	9	2000						48.0		32.0	NW	5						
1916	3	9	2400					29.004	49.0		32.0	NW	5						
1916	3	10	400					29.049	44.0		31.0	NW	5						
1916	3	10	800					29.120	43.0		32.0	NW	4						
1916	3	10	1200					29.191	46.0			NNW	5		Ship in close pack				
1916	3	10	1600					29.181	46.0		32.2	NNW	4						
1916	3	10	2000					29.219			30.0	NNW	3						
1916	3	10	2400					29.110	61.0		30.0	NNE	2						
1916	3	11	400					28.943	58.0		30.0	S	2						
1916	3	11	800					28.843	52.0		30.0	SSW	4						
1916	3	11	1200	65.09	S			28.920	53.5		30.0	SW	3		Ship in pack				
1916	3	11	1600					29.004	58.0		30.0	NW	3						
1916	3	11	2000					29.114	59.0		30.0	NNW	3						
1916	3	11	2400					29.094	58.0		30.0	ESE	5						
1916	3	12	400					28.950	51.0		28.0	ESE	6						
1916	3	12	800					28.756	48.0		30.5	E	4						
1916	3	12	1200					28.712	59.5		31.8	NNE	3		In pack				
1916	3	12	1600					28.663	58.5		30.5	NE	3						
1916	3	12	2000					28.679	59.0		30.0	NW	3						
1916	3	12	2400					28.732				NW	3						
1916	3	13	400																
1916	3	13	800																
1916	3	13	1200																
1916	3	13	1600																
1916	3	13	2000																
1916	3	13	2400																
1916	3	14	400																
1916	3	14	800																
1916	3	14	1200	64.29	S	157.32	E								Left pack ice				
1916	3	14	1600																
1916	3	14	2000					29.195	55.0		31.0	Var							
1916	3	14	2400					29.184	58.0		31.0	Var							
1916	3	15	400					29.179	54.0		31.0	NNW	3						
1916	3	15	800					29.213	57.0		32.0	WNW	5						
1916	3	15	1200	63.27	S	157.44.30	E	29.342	45.0		32.5	NW	5						
1916	3	15	1600																
1916	3	15	2000					29.518	67.0		31.5	NNW	4						
1916	3	15	2400					29.417	67.0		33.0	NNW	5						
1916	3	16	400					29.447	59.0		33.5	NW	5						
1916	3	16	800					29.521	56.0		33.5	NWxN	3						
1916	3	16	1200	62.44.30	S	158.25	E	29.556	57.0		34.0	NWxN	3						
1916	3	16	1600					29.530	56.0		34.2	NNW	3						
1916	3	16	2000					29.452	56.0		34.0	N	3						
1916	3	16	2400								35.0	NW	5						
1916	3	17	400					29.360	52.0		34.0	WSW	8						
1916	3	17	800									WxS	8						
1916	3	17	1200	61.43	S	158.04	E	29.721	50.0		37.0	W	6						
1916	3	17	1600					29.732	52.0		37.0	NW	3						
1916	3	17	2000					29.843	55.0		36.5	NW	3						
1916	3	17	2400					29.694	55.0		37.0	NW	4						
1916	3	18	400					29.599	54.0		38.5	NxW	5						
1916	3	18	800					29.626	49.0		38.4	WNW	6						
1916	3	18	1200	61.19	S	158.17	E	29.814	49.5		38.2	WxN	5						
1916	3	18	1600					29.872	52.0		38.0	W	6						
1916	3	18	2000					29.941	51.0		36.0	WNW	5						
1916	3	18	2400						51.0		34.5	WNW	5						
1916	3	19	400					29.960	52.0		34.0	NW	5						
1916	3	19	800					29.964	52.0		35.8	NW	5						
1916	3	19	1200	60.09.30	S	161.06.30	E	29.925	55.0		37.0	NW	6						
1916	3	19	1600					29.884	54.5		37.0	WNW	6						
1916	3	19	2000					29.887	61.5		36.5	WNW	5						
1916	3	19	2400					29.961	59.0		39.0	WSW	6						
1916	3	20	400					29.857	57.0		38.5	WSW	5						
1916	3	20	800					29.824	56.0		38.8	WSW	6						
1916	3	20	1200	58.33	S	161.46.30	E	29.839	55.5		39.0	WxS	4						
1916	3	20	1600					29.813	56.0		39.0	WSW	5						
1916	3	20	2000					29.810	55.0		39.0	WSW	5						
1916	3	20	2400					29.782	54.5		39.0	WSW	5						
1916	3	21	400					29.721	52.0		37.0	WSW	6						
1916	3	21	800					29.737	51.0		38.8	WSW	5						
1916	3	21	1200	57.04	S	161.24	E	29.685	50.0		38.5	WSW	7						
1916	3	21	1600					29.646	48.5		37.0	WxS	7						
1916	3	21	2000					29.630	47.5		39.0	WxS	6						
1916	3	21	2400					29.664	45.5		40.0	W	6						
1916	3	22	400					29.685	48.2		39.8	WxS	6						
1916	3	22	800					29.656	47.5		40.8	W	4						
1916	3	22	1200	56.03	S	161.4	E	29.644	49.0		42.0	W	4						
1916	3	22	1600					29.613	49.0		41.5	NW	2						
1916	3	22	2000					29.489	49.0		42.0	NNW	4						
1916	3	22	2400					29.225	50.0		42.5	NNW	6						
1916	3	23	400					29.117	51.0		43.0	NNE	3						
1916	3	23	800					29.178	48.0		41.0	W	7						
1916	3	23	1200	55.24	S	162.23	E	29.206	49.0		42.5	WNW	5						
1916	3	23	1600					29.183	52.0		42.5	WNW	3						
1916	3	23	2000					29.132	52.0		43.0	Var							
1916	3	23	2400					28.950	52.0		44.0	NW	5						
1916	3	24	400					28.982	51.0		41.5	W	5						
1916	3	24	800					28.999	52.0		41.5	W	5						
1916	3	24	1200	55.30	S	163.44	E	28.993	51.0		42.5	W	4						
1916	3	24	1600					28.994	50.0		41.8	SW	4						
1916	3	24	2000					29.092	51.0		41.5	SSW	5						
1916	3	24	2400					29.188	49.0		40.0	SSW	6						
1916	3	25	400					29.250	48.5		40.0	SSW	7						
1916	3	25	800					29.377	47.5		37.5	SW	5						
1916	3	25	1200	54.04	S	162.44	E	29.399	48.0		37.8	SW	5						
1916	3	25	1600					29.435	48.0		39.0	SW	5						
1916	3	25	2000					29.477	48.0		40.0	SW	5						
1916	3	25	2400					29.484	47.5		40.0	SW	4						
1916	3	26	400					29.510	48.0		39.5	SWxW	3						
1916	3	26	800					29.500	48.0		40.8	SW	2						
1916	3	26	1200	53.51	S	163.53	E	29.483	48.0		40.0	SW	2						
1916	3	26	1600					29.400	56.0			NNE	4						
1916	3	26	2000					29.248	55.5		47.2	NNE	7						
1916	3	26	2400					29.237	55.0		44.0	W	5						
1916	3	27	400					29.211	58.0		43.5	WSW	8						
1916	3	27	800					29.297	57.5		46.5	W	7						
1916	3	27	1200	53.07	S	162.50.30	E	29.270	59.0		47.0	W	7						
1916	3	27	1600					29.284	61.0		46.5	W	9						
1916	3	27	2000					29.477	59.0		46.5	W	8						
1916	3	27	2400					29.631	56.0		44.0	WSW	7						
1916	3	28	400					29.869	56.5		43.5	WSW	6						
1916	3	28	800					30.000	56.0		42.5	WSW	5						
1916	3	28	1200	51.21	S	162.20.30	E	30.162	59.5		45.5	WSW	4						
1916	3	28	1600					30.199	61.0		46.0	WSW	4						
1916	3	28	2000					30.267	62.0		47.5	NW	4						
1916	3	28	2400					30.290	60.5		48.5	NW	4						
1916	3	29	400					30.221	59.0		50.0	W	5						
1916	3	29	800					30.238	58.0		51.0	W	6						
1916	3	29	1200	49.57.30	S	163.46	E	30.233	58.0		50.5	W	6						
1916	3	29	1600					30.235	59.0		52.5	W	6						
1916	3	29	2000					30.240	63.0		52.0	W	7						
1916	3	29	2400					30.194	60.0		53.5	W	8						
1916	3	30	400					30.218	61.0		54.5	W	6						
1916	3	30	800					30.272	61.0		54.0	W	6						
1916	3	30	1200	48.55	S	165.37.30	E				55.0	W	4						
1916	3	30	1600					30.342	62.5		55.0	WSW	5						
1916	3	30	2000					30.350	63.0		54.0	WSW	5						
1916	3	30	2400								54.0	WNW	5						
