			"S Y ENDURANCE, Captain Worsley"								Steam and Sailing vessel					
																
YEAR	MONTH	DAY	HOUR	LATITUDE			LONGITUDE			WIND	FORCE	BAROMETER	ATT. THERM.	DRY BULB	WET BULB	SEA SURFACE
				OBSERVED	DEAD RECKONING	N/S	OBSERVED	DEAD RECKONING	E/W				(F)	(F)	(F)	TEMP (F)
1914	8	8	400													
1914	8	8	800													
1914	8	8	1200							SSW	4	30.180	56.0	56.0		
1914	8	8	1600							SSW	4	30.200	56.0	56.0		
1914	8	8	2000							SSW	2	30.200	56.0	56.0		
1914	8	8	2400													
1914	8	9	400							SW						
1914	8	9	800							SW						
1914	8	9	1200		50.05	N		4.45	W	SSW	5	30.200	60.0	60.0		
1914	8	9	1600							SWxS	6	30.220	60.0	60.0		
1914	8	9	2000							SWxS	2	30.280	62.0	62.0		
1914	8	9	2400							W	3	30.270	60.0	60.0		
1914	8	10	400							Var		30.300	60.0	60.0		
1914	8	10	800							WSW	2	30.400	62.0	62.0		
1914	8	10	1200	48.20	48.20	N	6.58	6.55	W	NW	2	30.450	62.5	62.5	60.4	
1914	8	10	1600							NW	3	30.460	65.3	65.3	62.0	
1914	8	10	2000							NNW	1	30.460	60.5	60.5	58.5	
1914	8	10	2400							NE	1	30.320	60.0	60.0		
1914	8	11	400							NExN	3	30.540	60.0	60.0	55.0	
1914	8	11	800							E-NE	3	30.545	62.0	62.0	59.0	
1914	8	11	1200	47.28	47.27	N	7.33	7.39	W	ExN	5	30.550	62.0	62.0	60.0	
1914	8	11	1600							NE	4	30.510	61.0	61.0	60.0	
1914	8	11	2000							NE	5		61.0			61.5
1914	8	11	2400							ENE	4	30.450	60.5			
1914	8	12	400							ESE	5	30.360	69.0	63.0	62.0	62.0
1914	8	12	800							SSW	2	30.210	69.0	63.5	63.0	63.0
1914	8	12	1200	46.11		N	8.25		W	Var	3	30.200	69.0	66.0	65.0	64.0
1914	8	12	1600							SW	5	30.162	68.0	66.0	64.5	64.0
1914	8	12	2000							WSW	2	30.165	69.0	65.0	64.0	63.5
1914	8	12	2400							SW	2	30.260		65.0		
1914	8	13	400							SW	2	30.115	68.0	65.0	62.0	65.0
1914	8	13	800							S	5	30.100	68.8	65.0	63.2	
1914	8	13	1200	44.25	44.25	N	9.39	9.39	W	SSW	5	30.175	70.4	66.4	65.4	66.0
1914	8	13	1600							SSW	5	30.100	70.5	66.5	65.0	66.0
1914	8	13	2000							SSW	6	30.060	69.0	66.0	65.4	66.0
1914	8	13	2400							SbyW	4	30.140		65.0	64.0	
1914	8	14	400							W	6	30.075	69.0	66.0	65.0	66.5
1914	8	14	800							W	6	30.080	70.0	66.0	65.3	66.0
1914	8	14	1200	44.08	44.07	N	10.48	10.35	W	WSW	7	30.150	67.0	65.5	63.0	65.3
1914	8	14	1600							WSW	6	30.220	68.0	67.0	65.0	65.2
1914	8	14	2000							W	5	30.240	68.0	66.0	65.0	65.0
1914	8	14	2400							NW	3	30.380		66.0	63.5	66.5
1914	8	15	400							WNW	3	30.250	67.0	66.0	65.0	63.0
1914	8	15	800							WSW	4	30.270	67.5	63.0	62.5	63.5
1914	8	15	1200	42.50	43.09	N	11.02	11.06	W	WSW	4	30.260	69.0	68.0	65.0	67.0
1914	8	15	1600							WSW	5	30.230	69.5	68.5	67.0	66.0
1914	8	15	2000							WNW	4	30.240	68.0	67.5	67.0	65.0
1914	8	15	2400							NWxN	4	30.320		67.5	66.5	66.5
1914	8	16	400							WNW	7	30.225	68.0	67.0	65.0	66.6
1914	8	16	800							WNW	8	30.250	71.0	68.0	65.0	68.0
1914	8	16	1200	40.56	40.58	N	12.00	12.08	W	NbyW	4	30.260	70.0	69.5	67.0	65.5
1914	8	16	1600							NNW	4	30.250	71.0	70.0	68.0	69.0
1914	8	16	2000							NNW	5	30.260	72.0	68.0	67.0	69.0
1914	8	16	2400							NxE	3	30.350	68.0	68.3	66.5	68.7
1914	8	17	400							NNE	3	30.260	68.0	68.0	65.0	
1914	8	17	800							NNE	3	30.260	71.0	70.0	68.0	68.0
1914	8	17	1200	39.21	39.38	N	12.49	12.52	W	NNE	3	30.260	72.0	71.0	69.0	69.0
1914	8	17	1600							NNE	3	30.250	72.0	71.0	69.5	69.0
1914	8	17	2000							NxE	2	30.260	72.0	70.0	69.5	69.2
1914	8	17	2400							NxE	2	30.350	71.0	70.0	69.2	69.5
1914	8	18	400							NxE	3	30.260	68.0	67.0	65.0	67.5
1914	8	18	800							NxE	3	30.260	71.0	68.0	65.0	
1914	8	18	1200	37.56	38.04	N	13.40	13.37	W	NNE	3	30.250	72.0	70.0	68.0	70.2
1914	8	18	1600									30.250	74.6	72.0	69.0	70.3
1914	8	18	2000							NxE	2	30.275	71.5	68.5	65.0	
1914	8	18	2400							NxE	4	30.360		68.0	65.0	
1914	8	19	400							NNW	5	30.370		68.0	65.0	
1914	8	19	800							NNW	5	30.285	70.0	68.5	65.8	69.8
1914	8	19	1200	36.13	36.18	N	14.34	14.40	W	NNW	6	30.275	72.0	70.0	69.5	
1914	8	19	1600							NNE	6	30.300	71.5	71.0	69.5	70.2
1914	8	19	2000							NxE	4	30.350	71.5	69.3	67.5	
1914	8	19	2400							NxE	4	30.450		70.0	68.5	70.0
1914	8	20	400							NxE	3	30.450	75.0	69.0	67.5	
1914	8	20	800							E	3	30.440	75.0	69.5	68.0	71.3
1914	8	20	1200	34.31	34.12	N	15.37	15.58	W	ENE	3	30.440	76.0	72.0	70.0	71.1
1914	8	20	1600							ENE	3	30.420	75.3	71.5	69.3	70.0
1914	8	20	2000							ENE	3	30.450	75.0	69.3	67.5	68.0
1914	8	20	2400							ENE	3	30.540		70.0		
1914	8	21	400							ENE	3	30.440	74.0	69.5	68.0	
1914	8	21	800							ENE	3	30.420	76.0	72.0	70.0	
1914	8	21	1200	33.51		N				S	1	30.450	78.0	76.5	75.0	76.0
1914	8	21	1600							S	1	30.440	77.0	75.0	74.0	
1914	8	21	2000									30.450	77.0	72.0	69.5	
1914	8	21	2400													
1914	8	22	400							SSE	1	30.350	76.0	69.5	68.0	
1914	8	22	800							SE	1	30.320	77.5	74.5	72.0	
1914	8	22	1200	33.11		N				SSE	1	30.300	78.0	76.0	75.0	76.0
1914	8	22	1600							E	2	30.280	76.0	75.0	72.5	
1914	8	22	2000							ENE	2	30.310	76.0	71.0	69.5	
1914	8	22	2400									30.300				
1914	8	23	400							N	1	30.320	74.3	70.0	69.0	
1914	8	23	800							NNE	2	30.340	76.0	75.5	72.0	
1914	8	23	1200	32.31		N				N	2	30.340	79.5	77.5	72.5	76.5
1914	8	23	1600							NNW	1	30.320	75.0	75.0	69.5	
1914	8	23	2000										75.0	72.0	68.5	
1914	8	23	2400													
1914	8	24	400									30.285	76.0	79.0	72.0	
1914	8	24	800							NE	3	30.280	76.0	82.0	75.0	
1914	8	24	1200	31.51		N				N	4	30.285	77.0	85.0	76.0	77.0
1914	8	24	1600							NNE	3	30.300	77.0	79.0	74.0	
1914	8	24	2000							N	4	30.320	76.0	76.0	72.0	
1914	8	24	2400													
1914	8	25	400							E	2	30.350	72.0	72.0	70.5	
1914	8	25	800							ESE	2	30.350	72.0	72.0	70.0	
1914	8	25	1200	31.10		N				ExS	4	30.350	76.0	80.0	67.0	77.0
1914	8	25	1600							E	5	30.400	76.0	75.0	69.0	
1914	8	25	2000							ENE	5	30.410	75.0	72.0	65.5	
1914	8	25	2400							NNE	4	30.500		71.0		
1914	8	26	400							NNE	4	30.370	72.0	72.0	70.0	
1914	8	26	800							NNE	4	30.350	77.0	79.0	72.0	
1914	8	26	1200	30.33	30.15	N	16.03	16.04	W	NNE	4	30.340	78.5	81.0	79.0	77.5
1914	8	26	1600							NNE	4	30.360	77.0	79.0	76.5	
1914	8	26	2000							NNE	4	30.350	77.0	77.0	74.0	
1914	8	26	2400							NNE	4	30.330		70.0	69.5	
1914	8	27	400							NNE	3	30.320		70.0	69.0	
1914	8	27	800							NNE	3	30.330		76.0	72.0	
1914	8	27	1200	At Santa Cruz						NNE	3	30.350		79.0	73.0	78.0
1914	8	27	1600							NE	2	30.370		76.0	72.5	
1914	8	27	2000							NE	3	30.320		75.0	72.0	
1914	8	27	2400							NE	3	30.280				
1914	8	28	400							NE	3	30.270	76.0	77.0	72.0	76.0
1914	8	28	800							NE	3	30.260	76.0	79.0	75.0	
1914	8	28	1200	30.33		N				NE	3	30.270	77.0	82.0	77.0	78.0
1914	8	28	1600							NNE	2	30.240	77.0	77.0	72.0	
1914	8	28	2000							NNE	2	30.260	77.0	73.0	70.0	77.0
1914	8	28	2400													
1914	8	29	400							NNE	5	30.250	75.5	73.0	70.0	
1914	8	29	800							NNE	5	30.260	77.0	75.0	72.0	
1914	8	29	1200	29.10		N				NNE	5	30.250	77.0	76.0	72.0	76.0
1914	8	29	1600							NNE	5	30.220	79.0	77.0	73.5	
1914	8	29	2000							NNE	5	30.240	77.0	74.0	71.0	
1914	8	29	2400							NE	5	30.230	77.0	74.0	71.0	
1914	8	30	400							E	3	30.215	75.0	73.0	70.0	
1914	8	30	800							SE	4	30.230	78.0	76.0	72.0	
1914	8	30	1200	27.47		N				SE	2	30.235	78.0	78.0	73.5	77.0
1914	8	30	1600							SE	2	30.225	77.5	77.0	75.0	
1914	8	30	2000							NW	3	30.235	77.0	75.0	72.5	
1914	8	30	2400							Calm		30.350		76.0		
1914	8	31	400							NWxN	2	30.270	76.0	76.0	72.0	
1914	8	31	800							NW	2	30.260	77.0	77.0	73.0	
1914	8	31	1200		26.24	N		17.58	W	WNW	2	30.255	79.0	77.0	72.0	77.0
1914	8	31	1600							WNW	1	30.260	78.5	76.0	72.0	
1914	8	31	2000							WNW	1	30.280	76.5	74.0	72.0	
1914	8	31	2400							NNW	1	30.410		73.0	71.5	
