	VOYAGE DE LA PEROUSE AUTOUR DU MONDE								
								After 14/8	
Pg. 383		"ROUTE DE LA ASTROLOBE, FOR YEARS 1785 TO 1787"						12 A.M.	

YEAR	MONTH	DAY	LAT	LONG	LONG	LONG	THERM	BAR.	BAR.
					PAR LA 	PAR LES 	AT	PARIS 	PARIS 
					MONTRE 	DISTANCES	NOON	LINES	LINES
					NO. 18	OF SUN & MOON		9A.M.	3P.M.
1785	8	7	41 18 N	14 10 W			16.90	28 03 10	
		8	38 55 11	15 41	15 11 39		17.80	28 03 03	
		9	36 43 32	16 34	15 31 27		19.20	28 02 09	
		10	34 45 36	17 04	16 10 16	15 11 15	19.30	28 03 03	
		11	33 06 07	17 45	16 38 55	15 17 30	19.50	28 02 09	
		12	32 08 07	19 20	18 13 30		19.80	28 03 03	
		13	32 42 09		19 11 02		20.60		
		14					21.00	28 04 05	
		15			19 31 41		21.50	28 03 10	28 03 03
		16					21.30	28 03 03	28 03 10
		17	31 25 09	19 07	18 44 21		20.80	28 04 11	28 04 11
		18	30 16 37	18 09			20.20	28 05 06	28 05 06
		19	28 30 28	18 29			21.00	28 04 05	28 03 10
		20					19.80	28 03 10	28 03 03
		21					21.80	28 03 03	
		22					22.20	28 03 10	28 03 10
		23					22.00	28 04 05	
		24					22.80		
		25					21.60	28 03 10	28 03 03
		26					22.20		
		27				18 18 30	22.00	28 04 05	28 04 05
		28					22.50	28 04 11	
		29					22.30	28 04 05	28 03 10
		30					23.50	28 03 10	28 02 09
		31	27 06 09	18 52	18 45 46		22.50	28 03 03	
	9	1	25 08 36	19 21	19 43 33		23.00	28 02 09	
		2	23 54 25	19 48			22.30	28 03 03	28 02 02
		3	22 10 31	20 38	20 42 23		22.20	28 02 09	
		4	21 19 54	21 09	21 17 10		23.00		
		5	19 32 46	21 56	22 13 55		22.80	28 02 09	28 02 02
		6	17 37 20	22 26	22 23 38		23.50		28 01 07
		7	16 18 47	22 20	22 19 28		23.40	28 02 02	
		8	15 43 47	22 13			25.00		
		9	14 56 34	22 18	22 18 34		25.30		28 02 09
		10	14 11 10	22 14	22 10 47	22 09 59	25.50	28 02 09	28 02 02
		11	13 57 16	22 27			27.70	28 03 03	
		12	13 11 16	22 20	22 02 39		24.80		28 02 09
		13	12 12 17	22 24	21 56 40	22 05 24	22.30		28 02 02
		14	11 04 15	22 24			25.30	28 02 09	28 01 07
		15	10 07 32	22 24	21 31 09		25.60		28 02 09
		16	9 09 52	21 36	19 37 27		25.00		28 01 07
		17	8 31 27	20 46	18 49		24.80		28 02 02
		18	7 38 38	20 11	18 41 56		24.00		
		19	7 12 38	20 06			25.50	28 03 03	28 02 02
		20	6 09 50	19 58	18 24 01		24.20	28 02 09	
		21	5 12 50	19 29	17 42 45		23.70		28 02 09
		22	4 36 50	18 34	16 41 32		23.90	28 03 03	
		23	3 43	18 02	16 11 15	16 11 15	23.60	28 03 03	28 02 02
		24	2 46 08	17 23	15 00 12		24.00	28 03 10	28 02 09
		25	2 20 23	16 33	14 04 05		24.70	28 03 03	28 02 02
		26	1 40 45	17 30	15 15 17	15 07	23.00		
		27	1 23 45	18 11			23.20	28 02 09	
		28	0 54 31	19 08	17 01 17	17 43 08	23.00		28 02 07
		29	0 11 	20 01	18 02 12		22.90	28 03 03	28 02 02
		30	1 40 39 S	20 39	18 29 11		22.20		
	10	1	1 40 03	21 16	19 00 18		22.00		
		2	2 51 47	21 49	19 40 36		22.20		
		3	4 21 42	22 18	20 25 14		22.00		
		4	5 42 20	22 48	20 50 10		22.00		28 02 09
		5	6 51 30	23 10	21 21 46		21.80		28 02 02
		6	8 10 35	23 37	22 07 10		22.30		28 02 09
		7	9 34 10	24 06	22 41 44	23 21	22.50		
		8	11 04 21	24 29	23 18 49	24 04 25	22.00	28 03 10	
		9	12 18 58	25 00	23 51 59	24 28 24	21.40	28 03 03	
		10	13 37	25 26	24 02 37		21.50		
		11	14 37 59	25 44		26 09	20.90	28 03 10	28 03 03
		12	15 52 01	26 14	25 20 41	26 59 40	20.00		28 03 10
		13	17 06 54	26 58	26 00 26		19.40	28 04 05	28 03 03
		14	18 42 26	27 43	26 49 08		19.90	28 04 05	28 03 10
		15	20 27 49	28 28	26 48 47		21.00	28 03 10	28 03 03
		16	20 43 23	30 19	28 53 27		21.00	28 03 03	28 02 02
		17	20 42 27	31 11	29 50 42		22.00	28 01 07	28 01 07
		18	20 41 36	31 11	29 54 16		22.00	28 02 09	28 02 02
		19	21 06 36	32 29			20.30	28 03 03	28 02 09
		20	20 43 36	33 44			20.90	28 02 09	28 02 02
		21	20 48 36	34 40	34 00 13		19.60	28 02 02	
		22	20 30 11	36 10	34 26 17			28 03 10	28 03 03
		23	20 29 45	37 13	35 43 01	37 36 20	19.10	28 04 05	28 03 10
		24	21 25 45	38 00			19.00	28 03 03	28 02 09
		25	23 27 45	39 51			19.80	27 11 11	27 09 09
		26	24 13 56	40 50	39 02 54	41 03 01	20.00	27 09 02	27 11 05
		27	25 05 08	41 43	39 35 42	41 43 32	20.00	28 00 06	28 00 06
		28	24 47 19	42 00	39 33 58	41 40 36	20.50	28 02 02	28 02 02
		29	24 47 19	42 56			20.00	28 02 09	
		30	25 25 19	44 29			21.50	28 01 01	27 11 11
		31	25 42 19	45 10			21.50		28 00 06
	11	1	26 50 21	46 35			20.60	28 01 07	28 01 01
		2	27 39	47 38	45 32 33		20.00	28 00 06	27 11 11
		3	27 30	49 05			19.50	28 02 09	28 02 09
		4	27 09	49 05			19.00	28 01 01	28 01 01
		5	27 00	49 39			19.00	28 02 02	28 02 02
		6	27 18				19.00	28 02 09	
		7			47 15 47		20.00		
		8					19.00	28 02 09	28 02 09
		9					19.00		
		10					19.50		
		11					20.30	28 01 01	
		12					20.00		28 00 06
		13					20.00		
		14					20.00		28 00 06
		15					21.00		28 01 07
		16							
		17					20.50	28 02 02	28 02 09
		18					21.00		28 01 01
		19					21.50	28 00 06	
		20	27 39 24	49 19			20.50	28 02 02	28 01 07
		21	28 03 09	48 37 08	48 22 08	47 51 31	19.00		
		22	28 52 	48 10 08			19.50	28 01 01	28 00 06
		23	30 59 15	46 38 38	46 34 30	46 37 11	20.00		
		24	31 36 44	46 10 38	46 04 32	46 05 47	20.00	28 02 02	28 02 02
		25	32 37 03	45 39 08	45 34 42	45 43 25	18.50		
		26	33 39 06	44 45 08			18.00		28 01 07
		27	35 00 06	44 10 38			18.00	27 11 05	27 08 07
		28	35 23 24	44 40 23	44 19 45		17.50	27 11 11	28 00 06
		29	35 43 13	43 57 23			17.50	28 02 09	28 03 03
		30	36 26 48	43 08 28	42 00 47		18.00	28 03 10	
	12	1	37 41 29	41 30 46	39 56 54		17.50	28 03 03	28 02 02
		2	38 38 42	40 37 16	38 28 46		18.00	28 01 07	28 01 01
		3	39 55 31	39 03 46	37 00 27		16.00	27 09 09	27 11 11
		4	40 49 11	38 01 16	36 01 31		13.50	28 01 07	28 01 07
		5	42 34 01	37 35 46	35 16 34		14.00	28 00 06	27 11 05
		6	43 49 44	37 11 46	34 31 31		13.00	27 10 03	27 10 03
		7	44 41 44	36 16 46	33 43 27	34 36 19	12.00	28 00 06	28 00 06
		8	45 08 35	36 15 42	33 24 30	35 11 39	11.50	27 10 10	27 09 09
		9	44 16 36	36 19 42	33 10 42	34 17 40	11.50	27 11 11	27 11 11
		10	44 59 39	37 10 42			13.00	27 08 07	27 06 05
		11	44 49 34	37 38 36	34 37 56		11.50	27 07 06	27 10 03
		12	44 32 40	38 38 06			11.50	27 09 09	27 08 07
		13	45 20 01	39 28 06			12.00	27 09 02	27 09 09
		14	44 00 42	39 53	36 03 43		11.00	28 01 07	28 02 02
		15	43 27 39	40 57 30	36 57 05		11.50	28 03 03	28 01 07
		16	44 17 39	42 20 30			13.00	27 10 10	27 11 05
		17	44 43 33	42 34 54			12.00	28 01 07	28 00 06
		18	44 54 38	43 55 54	40 08 51		12.50	28 00 06	28 01 01
		19	44 34 56	45 39 39	41 54 07		11.50	27 11 05	27 11 11
		20	44 42 35	46 48 09			12.00	27 10 10	27 10 10
		21	44 53 30	47 50 09	44 46 12		13.00	27 09 09	27 09 09
		22	44 50 16	48 23 09	44 54 46	43 59 59	13.00	27 10 03	27 10 10
		23	43 25 29	48 20 39	45 13 04	44 31 41	13.00	27 11 11	27 11 05
		24	43 25 55	48 44 24			13.50	27 08 07	27 09 09
		25	42 26 41	49 29 24	47 09 12	46 43 07	12.50	28 00 06	28 01 01
		26	42 31 44	49 46 54			13.00	27 10 10	27 10 03
		27	42 20 23	50 36 24	48 22 42		13.00	27 09 09	27 09 09
		28	42 01 29	51 36 24	49 02 59		13.00	27 10 03	27 08 07
		29	41 46 17	52 40 39			13.00	27 11 11	28 00 06
		30	42 11 10	53 38 24	50 32 57		14.50	27 10 03	27 09 09
		31	42 22 28	54 41 24			15.00	27 08 07	27 10 03
1786	1	1	41 33	55 15 39	52 32 54		14.50	27 09 09	27 11 11
		2	41 31 13	56 24 39	53 17 07		15.50	28 02 02	28 01 01
		3	42 37 01	57 57 39	54 28 12	54 31 12	16.00	27 10 10	27 11 05
		4	42 44 48	59 15 39	55 47 04	56 00 12	16.00	28 00 06	
		5	43 38 53	60 35 09	56 49 19	57 31 12	16.50	27 10 03	27 09 09
		6	44 53 19	61 18 39	57 23 32		15.50	27 07 06	27 09 02
		7	44 55 20	61 58 24	58 25 55		14.00	27 09 09	27 08 07
		8	45 31 37	62 50 54	59 26 03	60 12 57	13.00	27 08 07	27 09 09
		9	46 45 46	64 01 09			12.50	27 05 10	27 04 02
		10	47 47 15	64 26 39	61 00 32		11.50		27 06 11
		11	48 14 30	64 40 27	61 38 30		11.50	27 07 06	27 08 01
		12	47 58 04	65 24 27	62 30 28		11.50	27 08 07	27 09 09
		13	46 49 51	66 33 27	63 36 34		12.50	28 02 02	28 02 02
		14	47 52 02	67 57 57	64 46 46		11.50	27 09 09	27 10 03
		15	48 56 39	68 58 27	65 50 55		12.00	27 08 01	27 08 07
		16	49 44 41	69 07 12	66 09 53		11.50	27 11 11	28 00 06
		17	50 03 49	69 55 12	67 06 37		10.50	28 02 09	28 03 03
		18	49 57 51	70 45 12	68 01 10		10.00	28 03 10	28 04 05
		19	50 15 50	71 39 12	68 56 17		11.00	28 04 05	28 03 10
		20	50 57 58	72 57 42	70 29 13	68 34 12	12.00	28 02 02	28 01 01
		21	51 33 45	73 17 27		69 17 08	12.50		28 02 09
		22	52 22 06	72 54 36	70 49 02	69 31 31	13.00		28 01 07
		23	53 41 22	68 31 31	69 42 52	68 39 46	11.00	28 03 03	
		24	54 32 58	67 09 31	67 58 10	66 49 43	11.00	27 11 11	27 10 10
		25	56 16 33	68 07 45	67 46 44		11.00	27 08 01	27 08 01
		26	57 08 20	68 35 15	67 51 07		10.00	27 07 06	27 05 10
		27	57 57 26	69 32 15	67 44 39		9.00	27 04 02	27 03 01
		28	57 52 13	71 43 30	70 19 10		9.00	27 06 11	27 09 02
		29	58 18 21	73 12 45	70 59 46		9.00	27 05 03	27 04 09
		30	57 53 10	73 47 15	71 36 44		9.00	27 07 06	27 07 06
		31	58 37 43	74 13 30			9.00	27 08 01	27 06 05
	2	1	57 58 47	75 09 45	73 03 31		9.50	27 08 07	27 08 07
		2	58 22 19	76 41 15	74 21 37		9.00	27 08 01	27 07 06
		3	58 52 25	78 53 15	76 33 19		9.00	27 11 09	26 07 10
		4	58 48 13	79 20 15	76 27 02		9.50	27 01 05	27 02 06
		5	59 38 10	80 27 45	77 20 23		8.50	27 03 01	27 01 11
		6	60 36 56	82 00 45	79 01 29		8.50	27 00 03	27 01 05
		7	59 19 45	83 42 45	80 53 27		8.00	27 03 01	27 01 11
		8	58 39 54	85 01 45	81 32 13		7.50	27 01 11	27 03 01
		9	57 15 04	88 12 15	84 32 24		7.00	27 04 02	27 04 09
		10	56 00 05	89 09 15	85 25 42		7.50	27 04 09	27 06 11
		11	53 47 17	89 43 45	86 19 45		8.50	27 09 02	27 09 09
		12	53 08 26	89 45 45	86 20 42		9.50	27 06 11	27 06 11
		13	51 17 23	89 22 27	86 07 01		9.50	27 08 01	27 07 06
		14	49 58 05	88 58 42	86 00 55		9.50	27 10 10	27 09 09
		15	48 03 09	88 20 36	85 15 30		10.00	27 08 01	27 07 06
		16	45 23 38	87 39 18	84 38 40		10.50	27 11 05	28 01 01
		17	43 26 47	86 40 48	83 27 32		11.50	28 01 07	28 02 02
		18	42 19 02	86 02 54	82 41 02		13.00	28 01 01	28 00 06
		19	41 03 45	85 01 42	81 29 24		14.00	8 01 07	28 02 02
		20	40 01 19	83 39 12	80 03 20	79 38 39	15.50	28 03 03	28 03 10
		21	39 04 54	81 49 12	78 17 27	77 09 10	15.00		28 02 02
		22	37 50 47	80 40 42	77 27 33	76 27 43	15.50	28 02 02	28 02 02
		23	36 42 12	79 45 42	76 30 36	75 44 51	15.00	28 01 07	28 01 01
		24					14.00	28 02 02	28 02 02
		25					15.00		
		26					15.50	28 01 07	
		27					16.50		
		28					16.00	28 01 01	28 01 01
	3	1					16.00	28 02 02	28 02 02
		2					16.50	28 03 03	28 03 03
		3					16.00		
		4					15.00		28 02 02
		5					15.00	28 02 02	28 01 07
		6					15.50		
		7					16.00	28 01 07	
		8					17.00		
		9					16.00		
		10					15.00		
		11					15.00		
		12					15.00		
		13					15.50		
		14					15.00	28 01 07	28 01 07
		15					14.50		
		16					14.50		
		17					14.50		
		18	36 37 45	75 57 45			15.00	28 02 09	28 02 02
		19	35 19 12	77 08 45			15.00	28 01 07	28 03 10
		20	33 40 02	79 19	79 06 22		15.00	28 03 10	28 04 05
		21	32 32 44	81 39	81 42 11		16.00	28 05 06	28 05 06
		22	31 28 53	83 52 30			17.00		28 04 05
		23	30 31 05	86 08 30	85 44 57	85 31 52	17.00	28 04 05	28 03 10
		24	29 47 55	87 56 24	87 28	87 07 35	18.00	28 03 03	28 02 09
		25	29 12 14	89 49 54	89 00 54	88 53 52	18.00	28 03 03	28 03 03
		26	28 34 37	91 33 24	90 36 57	90 24 30	18.00	28 04 05	28 04 05
		27	27 52 45	94 04 54	92 51 54		18.50	28 05 06	28 05 06
		28	27 33 25	96 41 24	95 13 01		19.00		28 04 11
		29	27 17 10	98 47 24	97 05 04		19.00	28 04 11	28 04 05
		30	27 08 33	100 36 54	99 01 27		19.50	28 04 05	28 03 10
		31	26 59 26	102 43 54	101 01 28		19.50		28 04 05
	4	1	27 06 14	104 49 09	103 03 02		20.00	28 04 11	
		2	27 07 06	107 15 09	105 13 56		20.00	28 05 06	28 04 11
		3	27 07	109 23 24	107 18 58	107 07 52	21.00		28 04 05
		4	27 10 36	111 14 24	109 00 04		21.50	28 03 03	28 02 09
		5	27 04 21	111 45 24	109 19 42		21.50	28 02 09	28 02 02
		6	27 02 44	111 53 54	109 12 05		22.50	28 01 01	28 01 01
		7	26 57 17	112 35 54			21.00	28 02 09	28 02 02
		8	27 08 29	113 39 54	111 00 34		21.00	28 01 01	27 11 05
		9	27 09 42	114 25 24	111 55 07		21.00		28 01 01
		10	27 08 42				21.00		
		11	26 26 02	111 58 25			20.00	28 04 05	28 03 10
		12	25 04 49	111 56 07	111 54 10		20.00		28 04 05
		13	23 19 11	111 48 22	111 54 21		20.00	28 04 05	28 03 03
		14	21 50 30	111 37 28	111 56 57		21.00	28 04 10	
		15	20 39 02 	111 31 01	112 02 25		21.00		
		16	19 05 20	111 39 43	112 14 34		21.50	28 04 05	
		17	17 32 49	112 04 19	112 54 05		22.00		
		18	16 03 05	112 22 19	113 09 10		21.50	28 03 10	28 02 09
		19	14 12 07	112 26 49	113 18 54		22.00		28 01 07
		20	12 13 40	112 33 40	113 30 38	113 08 56	22.50	28 02 09	28 02 02
		21	10 10 52	112 38 37	113 50 33	113 35 57	23.00	28 03 03	
		22	8 22 42	112 57 49	114 16 47	113 42 02	23.50	28 02 09	28 01 07
		23	6 40 34	113 16 19	114 59 13	114 31 03	24.00		
		24	5 28 41	113 41 10	115 45 28		23.50	28 02 02	28 02 02
		25	4 20 16	114 24 55	116 53 43		24.50	28 03 03	
		26	3 20 06	115 10 13	118 07 44		24.50		28 01 07
		27	2 14 44	115 44 52	118 39 57		24.50	28 02 09	28 02 02
		28	1 00 21	116 21 55	119 05 33		24.00		
		29	0 11 40 N	116 47 01	119 09 49		23.50		28 01 07
		30	1 36 59	117 18 28	119 28 58		23.50	28 02 02	28 01 01
	5	1	2 54 46	118 01 52	120 18 04	119 38 50	23.50	28 01 07	
		2	4 03 22	118 43 10	121 03 44	121 12 42	24.00		
		3	5 09 59	119 10 25	121 33 27	121 46 09	24.50	28 02 02	
		4	5 45 52	119 22 49	121 24 31		24.50		
		5	6 09 52	119 37 16			25.00		28 01 07
		6	7 04 28	120 20 52	122 11 31	122 32 26	25.00		28 01 01
		7	8 16 54	121 08 52	123 20 45		25.00	28 02 09	28 01 07
		8	9 24 58	121 42 37	124 11 20		25.00	28 02 02	
		9	10 43 33	122 53 07	125 57 15		23.50	28 02 09	
		10	11 50 55	124 07 52	127 23 33		22.50		28 02 02
		11	13 32 01	125 15 22	128 45 57		22.50		
		12	14 45 56	126 18 22	130 08 04		21.50	28 03 03	28 02 09
		13	16 28 11	127 33 22	131 36 32		20.50	28 03 10	
		14	18 09 29	128 51 22	133 00 53		20.00		
		15	19 14 16	130 23 22	134 45 37		19.50		28 03 03
		16	19 49 15	131 57 07	136 10 18		19.00		
		17	20 01 07	133 22 46	137 33 30		19.00		
		18	20 00 19	135 08 31	139 21 05		19.50	28 04 05	
		19	20 00 40	137 02 31	141 18 47		20.00	28 03 10	
		20	19 59 05	138 50 01	142 58 01	141 50 08	20.00	28 03 03	28 02 09
		21	19 55 13	140 28 46	144 49 18	143 56	20.00	28 03 10	28 03 03
		22	20 05 02	142 28 46	146 43 29	146 18 32	20.50		28 03 10
		23	20 04 29	144 15 46	148 32 51	148 24 50	20.50	28 04 11	28 04 05
		24	20 44 50	146 16 16	150 39 59		20.50		
		25	20 57 28	148 20 01	152 52 12		20.00	28 04 05	28 03 03
		26	20 59 11	150 14 01	154 48 55		20.50		
		27	20 59 54	152 05 01	156 36 50		20.50	28 03 10	
		28	20 48 51	153 18 30	157 43 53		21.00		
		29	20 32 57	154 27 30	158 42 42		21.50		
		30					21.50		28 02 09
		31	21 14 36	159 24 30	160 06 57		22.00	28 04 05	28 03 10
	6	1	22 54 48	159 59	160 37 44	160 16 25	22.00	28 05 06	28 04 11
		2	24 48 28	160 00 45	160 48 11	160 34 24	22.00	28 06 07	28 05 06
		3	26 29 17	160 17 30	161 23 19	161 21 34	24.50	28 04 11	28 06 01
		4	28 02 55	160 30 30	161 27 31	161 20 28	21.00	28 03 10	28 05 06
		5	29 10 41	160 29 21	161 32 46		20.50		28 03 03
		6	30 47 01	160 04 51	160 56 37		20.50	28 03 03	28 02 09
		7	32 16 31	159 43 21	160 16 05		20.50	28 03 10	28 03 03
		8	33 54 48	159 12 51	160 06 03		20.00		28 03 10
		9	34 57 45	158 52 12	159 13 07		19.50	28 05 06	28 05 06
		10	35 46 51	158 32 12			19.00		28 04 11
		11	36 58 33	158 12 57			16.50	28 04 05	28 04 05
		12	38 01	157 52 03	158 01 09		16.50	28 04 11	
		13	39 13	157 19 03			16.50		28 04 11
		14	41 06 09	156 17 33	155 57 49		15.50	28 03 10	28 02 02
		15	43 12 07	155 13 03	155 16 56		13.50	28 01 07	28 01 01
		16	45 01 01	153 25 03	153 23 27		12.00		28 01 07
		17	46 45 34	151 43 03	151 36 11		11.00		28 00 06
		18	48 21 49	150 38 33	150 04 09		11.50	27 10 10	27 10 10
		19	50 05 38	149 34 03	149 01 02		10.00		27 10 03
		20	51 53 05	148 31 03	147 50 05	147 50 06	9.50	27 09 09	27 10 03
		21	53 20 26	147 41 15	147 05 02		10.00	27 11 05	27 11 11
		22	55 43 27	145 37 36	145 45		9.50	28 02 02	28 02 02
		23	57 45 55	143 54 48	144 10 51		10.00		
		24	59 22 43	141 56 54	143 35 45		10.50	27 11 11	27 11 05
		25	59 28 49	141 22 12	142 38 54		11.00	28 01 07	28 02 02
		26	59 41 33	141 07 57	142 42 37		11.00	27 10 10	27 10 03
		27	59 18 48	142 19	142 44 29		11.50	27 08 01	27 08
		28	59 19 32	142 36 15	142 46 15		10.50	27 10 03	27 10 10
		29	59 20 05	141 58 45			11.00	27 11 05	27 11 11
		30	58 54	141 37 18	141 45 52	140 56 59	10.00	28 01 07	28 02 09
	7	1	59 07 12	140 55 48	141 26 26		10.50	28 03 10	28 04 05
		2	58 38 10	140 15 58	140 15 42		11.00	28 02 02	
		3	58 42 52	139 59 03	139 58 01	139 55	10.50	27 10 03	
		4					10.00		
		5					11.00		
		6					11.00		
		7					11.50		
		8					11.50		
		9					11.50		
		10					11.00		
		11					11.00		
		12					10.50		
		13					11.00		
		14					11.00		
		15					11.00	
		16					11.00	
		17					11.00	
		18					11.00	
		19					10.50	
		20					10.00	
		21					10.50	
		22					10.00	
		23					11.00	
		24					10.50	
		25					10.50	
		26					10.50	
		27					11.50	
		28					10.50	
		29					9.50	28 01 07
		30						
		31			
	8	1	58 20 16	139 59 55	
		2	58 19 02	139 54 13	
		3	57 59 29	139 51 49	
		4	57 44 50	139 08 49	
		5	57 17 17	138 26 19	
		6	57 20 08	138 20 19	138 39 36
		7	56 30 17	137 05 19	137 29 10
		8	55 41 40	136 27 19	136 48 05
		9	54 47 24	135 49 04	136 09 03
		10	54 21 12	135 08 04	135 42 36
		11	54 09 48	135 22 34	135 49 15
		12	54 01 48	136 14 19	
		13	53 59 28	136 05 31	
		14	53 49 26	135 40 31	136 18 51
		15	53 50 14	135 51 46	136 28 25
		16	53 20 50	136 31 31	136 53 44				
		17	53 15 08	136 26 16	136 41 15	137 01 51			
		18	52 34 23	134 29 16	136 46 26				
		19	52 06 58	133 59 31	134 03 53				
		20	51 39 31	133 34 31	133 41 24				
		21	52 01 41	132 49 31	133 07 23				
		22	52 15 17	131 55 31					
		23	51 48 08	132 31 16	131 52 36				
		24	51 02 03	132 05 07	131 39 49				
		25	49 56 21	131 09 07	130 24 34				
		26	49 22 22	130 49 01	129 58 01				
		27	49 00 58	131 10 01			16.00	28 01 01	28 01 01
		28	48 34 32	130 07 31	128 57 33		15.50	28 03 03	28 03 03
		29	48 36 07	129 23 01	127 51 03		15.00	28 02 09	28 02 09
		30	48 31 29	129 21 22	127 54 11		14.50		
		31	48 11 05	129 34 52	127 58 18		15.00	28 01 07	28 01 07
	9	1	46 37 23	128 23 22	127 00 35	127 00 55	14.50	28 02 02	28 02 09
		2	45 55 12	127 54 52	126 35 41	126 59 19	14.50	28 04 11	28 04 11
		3	45 55 50	127 55 28	126 38 29		15.00		28 04 05
		4	44 42 22	128 09 46	126 58 15		15.00	28 04 05	28 03 03
		5	43 00 47	128 09 16	127 01 44		14.50	28 03 03	
		6	41 22 20	128 07			14.00		
		7	40 48 29	128 21 46	127 23 04		14.00		
		8	39 51 11	128 24 10	127 26 27		14.50	28 02 09	28 01 07
		9	38 59 10	127 54 55			15.00	28 01 01	28 01 01
		10	38 10 46	124 40 31			15.50	28 01 07	28 01 07
		11	37 01 28	127 07 31	126 30 47		15.00		
		12	37 02 49	125 28 46	125 02 19		15.00		28 01 01
		13	36 38 34	124 52 31	124 06 58		14.00		28 00 06
		14	36 55 08	124 45 31	123 57 23	124 30 41	14.50	28 01 07	28 01 01
		15					14.50		28 00 06
		16					14.50		
		17					14.50		
		18					15.00		
		19					15.00		
		20					14.00		
		21					15.00		
		22					15.50		
		23					15.50		
		24					15.50		28 02 09
		25	36 45 47	124 18 30	123 59 51		15.00	28 02 09	28 02 02
		26	36 41 20	124 52 30	124 13 23		16.00		28 02 09
		27	35 45 47	125 42 30	125 11 31		16.00	28 03 03	28 03 03
		28	34 14 29	127 06 48	126 42 56		16.50	28 03 10	28 03 10
		29	32 45 56	128 37 26	128 33 20	128 49 19	17.00	28 04 05	
		30	31 02	130 39 12	130 15 05		16.00		
	10	1	29 31 24	130 36 48			16.00	28 03 10	28 03 03
		2	28 43 07	134 06 48	133 28 23	134 26 25	16.50	28 03 10	28 03 03
		3	28 11 51	135 32 47	134 33 12		17.00		
		4	27 56 29	136 06 27	135 20 01		18.00		
		5	27 31 37	136 52 55	136 10 53		18.50	28 04 05	28 03 10
		6	27 36 05	137 57 47	137 34 01		18.50	28 04 11	28 04 05
		7	27 56 43	138 57 31	138 25 14		18.50		
		8	28 05 44	140 18 07	139 38 10		18.50	28 05 06	28 04 11
		9	28 06 36	141 38 16	141 01 35		19.00	28 04 11	
		10	28 02 43	143 20 06	142 44 33		19.50		28 04 05
		11	27 58 40	145 02 09	144 19 20		19.50	28 05 06	28 04 11
		12	27 59 21	145 40 32	145 00 12	145 35 13	20.00	28 04 11	28 04 05
		13	27 54 23	146 05 41	145 26 39		20.50	28 05 06	
		14	27 49 27	147 16 02	146 38 14	147 11 11	20.50	28 04 11	28 03 10
		15	27 57 42	148 51 33	148 02 23	148 36 09	20.50	28 03 10	28 03 03
		16	28 03	149 23 21	148 36 20		21.50	28 04 05	
		17	27 52 59	149 27 46	148 34 53		22.00	28 04 11	28 04 05
		18	27 47 57	149 36 49	148 39 23		22.00	28 05 06	28 03 10
		19	28 05 14	150 08 48	149 01 12		21.50	28 03 03	28 02 09
		20	27 41 55	150 48 48			20.50	28 02 09	28 02 02
		21	27 46 44	151 18 28	149 54 50		20.50	28 02 02	28 01 07
		22	28 09 11	152 20 33	150 25 40		22.00	28 02 02	28 02 02
		23	28 05 11	152 34 30	150 55 51		21.00	28 03 10	28 03 10
		24	27 24 47	154 27 10	152 47 12		20.50	28 03 03	28 02 09
		25	27 31 38	154 47 02	153 31 36		20.00		
		26	27 27 01	155 37 44	154 22 20	156 15 24	20.50	28 03 10	28 03 03
		27	27 03 19	156 33 22	155 22 02		21.50	28 02 09	28 02 02
		28	26 59 28	158 35 33	157 08 11		23.00		28 01 07
		29	27 13 02	159 10 23	157 43 05		22.00	28 01 07	28 02 02
		30	26 26 53	159 07 47	157 28 10	158 44 08	21.50	28 02 02	
		31	26 30 48	159 21 10	158 01 28		22.00	28 03 03	28 02 09
	11	1	25 44 46	160 42	159 27 47		22.50	28 03 10	
		2	24 43 58	162 38 26	161 29 02		23.00	28 03 03	
		3	24 02 24	164 30 08			23.50	28 02 09	
		4	23 35 15	166 00 10	165 06 51		23.00		
		5	23 33 19	166 38 50	165 57 42		22.50	28 03 03	
		6	23 42 58	167 53 13	167 13 06		22.50	28 02 09	28 02 02
		7	23 38 58	168 27 34	168 15 47		22.50		28 01 07
		8	22 51 03	169 45 29	169 32 35		21.50	28 01 07	28 01 01
		9	21 36 35	172 02 43	172 04 46		20.00		28 01 07
		10	21 14 42	174 12 21	174 11 16		20.50	28 02 09	28 01 07
		11	21 10 24	175 24 02	175 31 59	176 19 08	20.50	28 02 02	28 01 01
		12	21 17 44	176 03 22	176 05 05	176 48 15	21.00	28 01 01	27 11 11
		13	21 13 21	176 39 32	176 35 11		22.00	28 00 06	28 00 06
		14	20 53 47	177 01 11	176 54 43	178 35 41	21.50	28 01 07	28 01 07
		15	20 36 20	177 28 25	177 20 16		22.00	28 02 09	
		16	20 16 40	179 36 56	179 14 38		21.50	28 03 03	28 02 09
		17	20 08 15	178 27 56 E	179 02 24 E		21.50		28 02 02
		18	19 57 17	177 30 23	178 23 33		21.50	28 02 09	
		19	19 31 38	176 42	178 00 28		23.00		28 01 07
		20	19 38 10	175 40 10	176 49 21		23.00		
		21	20 02 56	174 48 33	176 00 14		23.50		
		22	20 11 20	174 05 	175 06 43		23.00	28 02 02	
		23	19 30 25	173 05 58	174 05 41		22.00	28 02 09	28 02 09
		24	19 45 38	172 25 37	173 27 26		23.00	28 02 02	28 01 01
		25	20 42 01	171 38 27	172 38 53		24.00	28 01 01	28 00 06
		26	20 32 35	170 36 25	171 34 31	169 56 47 E	23.00	28 02 09	28 02 02
		27	20 44 08	169 06 13	170 08 15	168 31 16	22.50	28 03 10	28 03 03
		28	20 20 01	167 31 32	168 17 14	166 35 22	22.00		
		29	20 39 23	165 59 44	166 33 23		21.50	28 03 10	28 02 09
		30	20 29 51	164 31 28	165 00 09		22.00	28 03 03	28 02 02
	12	1	20 52 51	163 52 08	164 27 52		23.00	28 02 09	28 01 07
		2	21 38 40	163 17 10	164 12 06		24.00	28 02 02	28 01 01
		3	20 47 53	162 48 46	163 48 47		23.50		28 01 07
		4	20 47 30	161 03 19	161 57 46		21.50	28 04 05	28 03 03
		5	21 02 47	158 56 45	159 57 07		21.00		28 02 09
		6	21 02 49	157 03 34	158 08 45		22.50	28 02 09	28 01 07
		7	21 27 04	156 33 04	157 37 35		23.00		28 02 02
		8	21 20 57	155 18 33	156 19		22.50	28 03 03	28 02 09
		9	20 51 35	153 00 10	154 06 16		21.00	28 03 10	28 03 03
		10	21 00 08	151 03 16	151 54 44		21.50		
		11	20 53 24	149 13 41	150 12 34	148 47 09	22.50		28 02 09
		12	20 33 10	147 17 57	148 13 48	146 39 25	23.50	28 03 03	
		13	20 25 52	146 04 53	147 22 42		24.50	28 03 10	
		14	20 17 28	144 38 10	145 48 56		23.50	28 03 03	28 02 02
		15	19 44 27	144 21 17	145 13 53		23.50		
		16	20 04 05	142 59 07	143 30 12		23.00	28 02 09	28 01 07
		17	19 56 41	141 49 07	142 13 50		23.00		
		18	20 08 32	140 38 58	141 16 26		24.00		28 02 02
		19	19 53 04	140 05 50	140 45 10		23.50	28 02 09	28 01 07
		20	19 44 50	138 53 08	139 24 18		21.50	28 03 03	28 02 02
		21	19 37 49	137 25 14	137 55 29		21.00		28 02 09
		22	20 01 35	135 58 15	136 13 36		21.50		
		23	20 13 28	134 22 44	134 31 04		22.50	28 03 10	28 03 03
		24	20 44	131 26 53	132 13 32		22.50		
		25	20 34 54	129 22 43	130 16 37	127 28 27	22.00		
		26	20 19 17	126 30 02			20.50	28 05 06	28 04 05
		27	21 15 14	124 19 57	125 21 53	122 57 32	19.50		28 04 11
		28	21 11 13	122 23 17	123 06 59	120 18 29	20.00	28 04 05	28 03 03
		29	21 14 55	121 17 17	122 07 32	119 33 53	21.50	28 03 10	28 02 09
		30	21 15 58	119 38 21	120 50 50		22.00	28 03 03	28 02 02
		31	22 01 39	116 56 22	119 03 46		20.50	28 03 10	28 03 03
1787	1	1	22 18 35	114 12 57	116 19 38		18.50	28 64 11	28 04 11
		2	22 09 06	112 58 16	114 33 26		16.50	28 05 06	28 04 05
		3	22 22 33	112 08 01			15.50		28 05 06
		4						28 06 01	
