HMS EREBUS - VOYAGE TO SOUTHERN AND ANTARCTIC REGIONS								

YEAR	MONTH	DAY	LAT	LONG	MEAN TEMP	MEAN SST	MEAN 	
					F	F	BAROMETER	(corrected)
1840	7	21	48 24 S	72 57 E	35.00	35.00		
		22	48 29	76 55	30.00	35.00		
		23	48 17	80 15	30.00	37.00		
		24	47 55	83 41	31.00	a.m. 37.00		
						p.m. 44.00		
		25	47 46	86 18	32.00	a.m. 45.00		
						p.m. 41.00		
		26	47 12	89 45	35.00	44.00		
		27	47 18	93 00	43.00	43.00		
		28	47 28	97 7	42.00	42.00		
		29	48 02	100 17	37.00	38.00		
		30	47 39	102 43	30.00	36.00		
		31	47 36	106 26	37.00	36.00	
	8	1	47 45	110 39	36.00	49.00	
		2	47 35	114 16	40.00	42.00	
		3	47 51	118 08	39.00	41.00	
		4	47 42	121 31	35.00	40.00	
		5	47 34	124 43	35.00	44.00	
							
1840	11	1	Auckland off 	Hobart Town	57.00	54.50	30.139
		2	42  52		59.00	55.00	30.072
		3			57.10	56.00	30.005
		4			54.80	55.90	30.103
		5			54.00	55.40	30.019
		6			55.60	57.30	30.102
		7			51.30	53.60	29.985
		8			57.40	57.70	29.728
		9			53.10	58.00	29.699
		10			48.80	56.00	29.582
		11			45.60	53.80	29.630
		12			49.30	54.30	29.879
		13			52.70	52.80	29.755
		14			46.80	49.70	29.608
		15			49.40	48.90	29.705
		16			50.60	49.20	29.941
		17			51.20	47.40	29.462
		18			46.00	44.40	29.233
		19			46.40	44.20	29.329
		20			44.60	42.70	29.332
		21	Auckland 	Island	47.00	45.50	29.468
		22	50  32		47.10	45.00	29.305
		23			46.20	44.20	29.553
		24			42.40	42.70	29.232
		25			40.00	40.10	29.051
		26			40.10	39.40	29.284
		27			42.40	42.40	29.562
		28			46.80	44.50	29.481
		29			47.80	45.60	29.535
		30			46.40	45.20	29.639
		Mean			49.23	49.38	29.647
					49.23	49.38	29.647
							
1840	12	1			43.20	42.00	29.899
		2			45.40	43.70	29.865
		3			44.90	44.30	29.757
		4			45.10	43.90	29.698
		5			47.10	45.20	29.941
		6			47.20	46.10	29.955
		7			47.90	46.00	29.738
		8			47.90	46.20	29.628
		9			50.10	48.40	29.453
		10			47.50	47.20	29.240
		11			46.70	45.70	29.542
		12			48.80	46.60	29.829
		13			48.80	46.40	29.830
		14	Campbell's 	Island	48.50	47.00	29.653
		15	52  33 		46.70	45.20	29.649
		16	52  33 		44.30	42.60	29.962
		17	52  44 		46.70	45.20	29.838
		18	54  21 		42.40	40.60	29.756
		19	55  56 		41.40	39.70	29.417
		20	56  44 		39.00	37.30	29.179
		21	57  47 		39.00	36.40	29.300
		22	59  00 		37.40	34.30	29.133
		23	59  41 		36.10	34.90	28.996
		24	60  32 		35.70	33.40	29.435
		25	62  10 		36.20	33.40	29.029
		26	62  3 		36.80	34.30	29.667
		27	62  43 		31.90	29.50	29.784
		28	62  40 		31.30	29.50	28.934
		29	64  6 		30.20	29.10	29.119
		30	64  32 		32.20	30.80	28.991
		31	66  00 		30.00	29.80	28.826
		Mean			41.83	40.15	29.518
					41.82	40.15	29.518
							
1841	1	1	66 32  	169  45   	28.90	28.80	29.017
		2	66 28  	170  14   	29.70	29.10	28.747
		3	65  39  	170  48   	30.00	30.00	28.468
		4	65  22  	172  40   	31.20	30.60	28.886
		5	66  55  	174  31   	30.30	29.30	28.999
		6	68  17  	175  21   	28.20	28.70	28.869
		7	68  31  	175  37   	27.80	27.40	28.958
		8	68  28  	176  31   	34.20	29.80	29.134
		9	69  15  	176  14   	29.60	28.80	28.664
		10	70  23  	174  48   	29.50	28.80	28.982
		11	71  15  	171  15   	32.40	30.50	29.286
		12	71  49  	170  52   	30.20	30.00	29.273
		13	72  07  	172  19   	29.20	29.60	28.890
		14	71  51  	172  40   	29.60	29.60	28.850
		15	71  56  	171  51   	29.60	29.50	29.094
		16	72  12  	172  13   	27.50	27.90	29.065
		17	72  09  	173  35   	28.90	28.30	29.103
		18	72  56  	176  06   	29.70	28.60	29.188
		19	72  31  	173  39   	31.80	29.30	29.255
		20	73  47  	171  50   	28.80	29.40	29.005
		21	74  00  	170  43   	29.90	27.70	29.036
		22	73  55  	172  20   	31.40	29.90	29.062
		23	74  23  	175  35   	29.80	29.70	28.987
		24	74  35  	173  01   	27.60	27.90	29.164
		25	74  44  	169  43   	27.60	27.30	29.201
		26	75  03  	169  04   	25.70	29.30	29.086
		27	75  47  	168  59   	26.20	29.90	28.950
		28	76  57  	169  25   	27.90	29.90	28.873
		29	77  47  	176  43   	26.40	29.40	29.049
		30	77  35  	181  20   	27.50	30.40	28.966
		31	77  06  	189  06   	22.70	29.30	28.943
		Mean			29.02	29.18	29.061
					29.03	29.18	29.002
							
1841	2	1	77  06  	188  27   	27.00	30.70	29.069
		2	77  45  	187  00    	28.20	30.20	29.201
		3	77  17  	185  28   	25.40	30.20	29.059
		4	77  00  	192  18   	20.70	28.70	28.859
		5	77  11  	192  48   	15.10	28.70	28.898
		6	77  01  	188  26   	18.70	28.80	28.899
		7	77  01  	186  35   	24.60	29.20	29.184
		8	77  39  	187  05   	26.40	29.20	29.247
		9	77  56  	190  15   	21.00	28.90	29.278
		10	77  32  	186  38   	22.60	28.50	29.340
		11	76  11  	187  53   	19.90	28.70	29.393
		12	76  51  	184  56   	23.60	29.00	28.867
		13	76  54  	183  16   	29.60	30.50	28.372
		14	76  23  	178  15   	30.20	30.20	28.636
		15	76  03  	170  15   	27.20	28.60	29.013
		16	76  32  	166  12   	28.00	28.80	29.178
		17	76  35  	165  21   	27.50	28.90	29.106
		18	76  06  	166  11   	26.20	28.90	29.008
		19	75  03  	168  45   	23.90	28.90	28.949
		20	73  10  	171  26   	22.20	29.10	28.910
		21	71  05  	169  58   	24.70	29.40	28.924
		22	70  27  	166  40   	24.10	29.00	28.531
		23	70  17  	167  32   	23.30	28.90	28.681
		24	70  15  	167  35   	24.60	29.00	28.605
		25	70  06  	167  27   	21.30	28.90	28.668
		26	69  52  	167  53   	29.00	29.40	28.552
		27	69  24  	167  55   	24.80	28.90	28.704
		28	69  57  	167  05   	20.20	28.90	28.820
		Mean			24.28	29.18	28.927
					24.29	29.18	28.927
							
1841	3	1	69  04  	167  45   	20.20	28.80	28.789
		2	68  27  	167  42   	21.90	28.50	28.632
		3	67  45  	167  01   	13.70	28.20	28.666
		4	66  44  	165  45   	23.60	28.80	28.476
		5	65  34  	167  47   	25.10	28.80	28.873
		6	65  51  	164  45   	26.60	28.80	28.957
		7	65  29  	162  10   	26.70	28.80	28.858
		8	64  38  	162  53   	28.80	29.30	29.055
		9	64  20  	164  15   	32.10	30.90	28.726
		10	64  06  	163  20   	29.70	30.00	28.623
		11	64  03  	163  09   	30.10	30.00	28.707
		12	64  12  	161  20   	28.80	29.40	28.528
		13	63  28  	159  35   	28.70	30.20	28.796
		14	62  42  	156  31   	27.90	29.40	28.441
		15	64  01  	155  57   	26.70	29.20	28.989
		16	64  10  	154  40   	21.60	28.60	28.844
		17	64  22  	152  58   	23.00	28.60	28.872
		18	63  51  	151  47   	28.30	30.10	29.067
		19	64  21  	148  45   	27.50	30.00	28.835
		20	65  15  	143  45   	20.60	28.70	28.905
		21	64  07  	140  22   	23.30	29.00	29.164
		22	62  58  	139  18   	31.20	31.10	29.068
		23	62  12  	136  18   	33.50	32.30	29.024
		24	61  11  	133  52   	33.10	33.50	28.692
		25	60  22  	131  28   	34.40	34.20	28.614
		26	59  24  	130  03   	34.40	34.70	29.023
		27	58  03  	128  40   	34.40	35.50	29.011
		28	57  21  	127  46   	37.20	36.30	28.897
		29	56  28  	129  57   	37.20	36.60	29.088
		30	55  09  	132  28   	39.70	38.00	29.445
		31	54  04  	134  51   	39.60	38.50	29.640
		Mean			28.69	31.12	28.881
					28.70	31.12	28.881
							
							
							
							
							
							
							
							
1841	8	1					
		2					
		3					
		4					
		5					
		6					
		7					
		8					
		9					
		10					
		11					
		12					
		13					
		14					
		15					
		16					
		17					
		18					
		19	Anchored at		52.90	55.60	30.158
		20	Kawa Kawa 	River	51.00	54.30	30.172
		21	New Zealand		51.50	55.20	30.059
		22			51.80	54.90	30.015
		23			52.30	54.70	30.126
		24			53.70	55.00	30.056
		25			54.70	55.80	29.893
		26			52.60	55.10	29.721
		27			51.40	54.60	29.961
		28			54.60	56.40	30.119
		29			57.20	57.00	29.925
		30			52.60	55.10	30.113
		31			49.40	55.30	30.239
		Mean					
					53.03	55.31	30.027
							
1841	9	1			50.70	53.90	30.258
		2			50.70	54.00	30.301
		3			51.50	55.20	30.392
		4			52.40	55.30	30.442
		5			52.90	56.10	30.412
		6			53.20	55.40	30.316
		7			57.00	56.60	30.133
		8			56.30	57.00	30.030
		9			57.90	57.20	29.868
		10			55.10	56.50	29.816
		11			56.50	57.40	29.835
		12			55.80	56.90	30.021
		13			55.00	57.80	30.038
		14			60.30	59.20	29.930
		15			58.20	58.50	29.522
		16			54.00	56.80	29.426
		17			53.50	56.00	29.736
		18			55.10	55.50	29.867
		19			52.00	55.40	30.063
		20			52.50	55.50	30.077
		21			55.30	55.80	30.009
		22			56.70	57.20	30.043
		23			56.00	57.60	30.180
		24			54.10	58.00	30.211
		25			57.40	57.50	30.249
		26			57.40	56.70	30.356
		27			58.00	57.10	30.404
		28			57.70	57.10	30.417
		29			58.00	57.80	30.421
		30			58.70	57.00	30.342
		Mean					
					55.33	56.60	30.104
							
1841	10	1			59.60	57.60	30.186
		2			60.10	57.80	29.918
		3			62.00	59.60	29.852
		4			58.90	59.20	29.772
		5			55.70	58.30	29.843
		6			54.30	57.70	29.979
		7			56.00	57.60	30.115
		8			56.30	57.90	30.214
		9			57.00	58.20	30.152
		10			60.20	58.20	30.111
		11			63.90	59.20	30.094
		12			56.30	59.50	30.247
		13			57.90	59.10	30.142
		14			60.00	59.60	30.176
		15			59.00	60.60	30.224
		16			61.00	61.50	30.183
		17			63.00	61.10	29.968
		18			63.70	61.60	29.771
		19			62.22	62.03	29.633
		20			62.67	62.80	29.901
		21			65.35	64.10	30.114
		22			66.88	65.03	30.074
		23			64.26	66.28	30.154
		24			66.62	66.10	30.095
		25			64.50	66.22	30.122
		26			60.62	65.64	30.203
		27			61.70	64.26	30.032
		28			57.08	63.29	29.738
		29			59.74	62.98	29.722
		30			62.96	63.76	29.815
		31			63.70	63.34	29.834
		Mean					
					60.75	61.29	30.012
							
1841	11	1			61.30	62.42	29.902
		2			57.00	62.02	29.981
		3			58.17	61.32	30.055
		4			57.30	60.72	30.043
		5			62.50	60.82	29.918
		6			59.47	60.46	29.902
		7			59.62	61.26	30.017
		8			59.50	60.34	29.972
		9			54.67	60.19	29.999
		10			58.70	61.52	29.940
		11			62.00	60.72	29.915
		12			60.22	61.10	29.873
		13			60.57	61.29	29.855
		14			58.13	61.22	29.678
		15			54.00	60.07	29.245
		16			56.07	59.42	29.527
		17			56.70	59.32	29.870
		Mean					
					58.58	60.84	29.864
							
1841	12	1	45  40  	176  41 W	55.90	53.30	30.030
		2	47  21  	175  23   	53.40	52.30	30.351
		3	48  47  	173  36   	51.00	51.70	30.367
		4	49  24  	172  24   	49.70	52.20	30.138	
		5	49  27  	170  47   	51.50	50.50	29.936	
		6	50  01  	168  40   	51.60	49.60	29.722	
		7	50  48  	167  40   	47.20	47.40	29.647	
		8	51  36  	165  28   	45.70	47.80	29.541	
		9	52  32  	161  20   	39.90	46.20	29.283	
		10	53  01  	157  49   	40.50	45.60	29.341	
		11	52  50  	156  08   	41.40	44.60	29.789	
		12	53  12  	154  21   	44.70	42.60	29.777	
		13	54  56  	150  30   	42.50	39.00	29.473	
		14	56  20  	148  08   	41.00	36.60	29.322	
		15	57  06  	147  40   	37.50	35.40	29.380	
		16	58  36  	146  43   	35.60	33.10	29.486	First bergs seen (3 in total)
		17	61  03  	146  03   	31.80	31.00	29.683	
		18	62  50  	147  25   	30.60	28.50	29.883	
		19	63  23  	149  58   	31.10	28.80	29.965	
		20	63  47  	151  34   	27.70	29.40	29.901
		21	64  50  	153  23   	29.20	30.40	29.794
		22	65  30  	154  19   	27.70	29.30	29.837
		23	65  59  	155  44   	27.50	28.80	29.961
		24	65  58  	155 54   	29.90	29.20	29.990
		25	66  01  	156  11   	31.00	29.10	29.875
		26	66  09  	156  23   	28.70	28.50	29.559
		27	66  16  	156  29   	30.50	28.40	29.245
		28	66  20  	156  38   	32.30	28.80	29.185
		29	66  24  	156  09   	31.80	28.90	29.004
		30	66  31  	156  19   	33.80	28.80	29.047
		31	66  29  	156  49   	35.20	28.80	29.091
		Mean			38.48	37.63	29.665
					38.32	37.57	29.665
							
1842	1	1	66  32  	156  28   	32.30	28.20	29.315
		2	66  36  	156  28   	32.00	27.90	29.608
		3	66  34  	156  22   	31.10	28.00	29.797
		4	66  34  	156  13   	30.10	28.20	29.435
		5	66  15  	156  22   	31.20	28.60	29.432
		6	66  08  	155  57   	30.40	29.10	29.155
		7	66  13  	155  41   	30.10	28.60	28.650
		8	66  12  	155  27   	29.30	28.90	28.587
		9	66  04  	155  42   	28.00	28.30	28.968
		10	65  59  	155  50   	30.40	28.80	29.416
		11	65  58  	156  16   	29.50	28.50	29.572
		12	65  64  	156  30   	29.80	29.20	29.558
		13	66  11  	156  57   	30.80	28.50	29.456
		14	66  06  	157  12   	27.60	28.00	29.310
		15	66  02  	157  30   	26.20	27.80	29.343
		16	65  48  	157  36   	32.30	28.50	29.505
		17	65  53  	157  59   	30.50	28.30	29.334
		18	66  11  	158  20   	31.30	28.10	29.040
		19	66  18  	158  38   	33.30	28.40	29.088
		20	66  36  	159  39   	32.40	28.00	28.597
		21	66  49  	157  19   	30.20	28.00	28.941
		22	66  39  	156  62   	27.70	27.80	29.208
		23	66  37  	156  41   	28.20	27.90	29.465
		24	66  43  	157  12   	31.10	27.90	29.476
		25	66  51  	157  13   	33.00	28.00	29.444
		26	67  13  	156  51   	32.20	28.10	29.101
		27	67  28  	156  28   	31.00	28.00	28.888
		28	67  39  	155  59   	31.80	28.50	28.821
		29	67  31  	156  02   	28.40	28.00	28.754
		30	67  21  	156  17   	30.50	28.10	28.786
		31	67  21  	157  51   	31.70	28.10	29.044
		Mean			30.46	28.30	29.196
					30.46	28.27	29.197
							
1842	2	1	67  08  	158  12   	29.60	28.00	29.303
		2	67  57  	160  3   	28.90	28.30	29.115
		3	68  23  	159  52   	28.10	28.00	29.129
		4	68  50  	160  20   	30.50	28.50	29.417
		5	68  59  	163  53   	30.00	28.30	29.324
		6	69  51  	167  39   	30.00	28.20	28.667
		7	70  18  	169  49   	27.40	28.20	28.654
		8	70  19  	174  00   	26.70	28.10	28.843
		9	70  39  	174  31   	27.90	28.40	28.806
		10	70  3  	176  23   	28.40	29.80	29.156
		11	70  06  	178  18   	30.50	30.60	28.807
		12	71  02  	179  13   	29.40	29.90	28.960
		13	72  27  	178  40   	29.30	30.40	28.801
		14	73  23  	177  56   	27.90	31.00	28.627
		15	74  26  	182  00   	25.10	30.20	28.891
		16	75  06  	187  04   	25.10	30.20	29.088
		17	75  53  	184  52   	27.70	30.30	28.930
		18	76  52  	178  00   	25.10	29.00	28.975
		19	76  14  	173  48   	21.90	28.80	28.646
		20	76  14  	167  25   	18.50	28.40	28.354
		21	75  53  	165  08   	20.90	28.50	28.566
		22	76  42  	165  50   	26.00	28.80	28.991
		23	77  49  	162  35   	25.00	28.50	29.088
		24	76  51  	161  30   	25.00	28.40	28.677
		25	74  50  	166  15   	28.10	28.80	28.432
		26	72  46  	170  01   	24.90	28.50	28.544
		27	72  1  	172  25   	23.80	28.50	28.520
		28	70  54  	175  36   	24.90	28.30	28.510
		Mean			26.68	28.96	28.851
					26.66	28.96	28.851
							
1842	3	1	69  52  	180  06   	26.10	29.00	28.640
		2	68  04  	176  23   	29.00	31.00	28.659
		3	67  28  	174  27   	32.30	32.50	28.642
		4	67  30  	171  47   	31.50	31.70	28.345
		5	67  08  	171  38   	31.10	32.20	28.407
		6	65  06  	167  39   	32.10	32.90	28.468
		7	63  30  	165  38   	30.50	33.60	28.651
		8	62  16  	163  50   	32.00	34.50	28.712
		9	60  57  	160  49   	33.00	35.90	28.927
		10	60  19  	156  07   	32.50	35.50	29.219
		11	60  15  	151  32   	35.70	34.80	28.970
		12	60  12  	147  25   	35.90	34.90	29.279
		13	60  00  	143  48   	36.40	35.10	29.330
		14	59  23  	141  27   	36.80	35.80	29.335
		15	58  50  	137  26   	37.80	37.20	29.820
		16	59  01  	132  28   	37.80	37.60	29.848
		17	59  39  	127  12   	37.00	36.60	29.591
		18	60  21  	122  50   	38.10	38.20	29.476
		19	60  02  	118  55   	36.60	38.60	28.995
		20	59  21  	114  57   	36.80	39.30	28.882
		21	59  09  	111  08   	37.00	40.40	29.028
		22	58  28  	108  00   	34.80	40.40	29.239
		23	58  36  	104  48   	32.20	40.40	29.026
		24	58  51  	101  26   	36.20	41.20	29.130
		25	58  56  	96  08   	39.00	41.30	28.928
		26	59  02  	91  30   	38.10	41.80	28.684
		27	59  02  	87  21   	36.90	41.70	28.600
		28	58  55  	83  28   	36.60	41.90	28.773
		29	58  22  	79  50   	37.80	42.20	29.037
		30	58  28  	77  28   	41.90	42.80	28.868
		31	58  34  	74  20   	40.20	42.60	28.443
		Mean			35.19	37.22	28.966
					35.15	37.03	28.966
							
							
1842	4	1	57  20  	70  22	39.60	43.30	28.655
		2	57  25  	67  36   	41.20	44.30	28.692
		3	56  41  	65  00   	39.60	43.70	28.727
		4	54 47  	61  51   	39.60	45.20	29.050
		5	52  36  	56  42   	42.90	47.10	29.610
		6	Off Cape	Pembroke	45.60	49.10	29.302
		7	Port Louis	Berkeley 	44.70	48.60	28.878
		8		Sound	41.80	48.10	29.208
		9			47.40	48.30	29.263
		10			42.60	47.30	29.312
		11			42.00	46.60	29.718
		12			45.70	47.60	29.376
		13			43.60	46.70	29.868
		14			45.40	47.20	29.989
		15			47.20	47.80	29.881
		16			46.10	47.50	29.639
		17			43.20	46.30	30.071
		18			43.50	46.80	29.880
		19			46.80	47.50	29.704
		20			45.80	47.20	29.709
		21			48.00	47.50	29.534
		22			47.00	46.90	29.420
		23			44.60	47.30	29.655
		24			45.50	47.00	29.573
		25			41.10	46.40	29.580
		26			42.40	46.30	29.440
		27			42.20	46.10	29.278
		28			37.80	45.00	29.121
		29			43.30	45.50	29.213
		30			39.10	43.80	29.492
		Mean			43.52	46.60	29.428
					43.51	46.60	29.428
							
1842	5	1			44.90	44.80	29.457
		2			46.30	45.80	29.202
		3			50.20	45.20	29.418
		4			44.20	45.40	29.310
		5			41.50	44.50	29.497
		6			44.10	45.20	29.315
		7			43.50	44.30	29.464
		8			41.00	43.70	29.745
		9			45.50	45.20	29.332
		10			42.90	44.40	29.525
		11			45.00	45.50	28.988
		12			40.70	43.90	29.400
		13			44.00	44.70	29.051
		14			40.10	43.90	29.315
		15			39.90	43.30	29.786
		16			41.20	43.60	29.766
		17			44.40	45.20	29.332
		18			40.10	43.30	29.678
		19			40.60	43.60	29.884
		20			43.80	44.30	29.495
		21			43.90	44.30	29.291
		22			36.00	42.80	29.451
		23			39.00	43.00	29.426
		24			37.10	42.20	28.865
		25			35.50	41.90	28.857
		26			40.40	42.80	28.645
		27			32.10	41.00	28.962
		28			33.50	40.20	29.102
		29			38.20	41.30	28.978
		30			33.80	40.40	28.893
		31			28.90	38.40	28.989
		Mean			40.78	43.50	29.304
					40.72	43.49	29.304
							
1842	6	1			30.40	38.80	29.238
		2			32.10	38.30	29.653
		3			35.40	39.80	29.506
		4			38.10	40.20	29.039
		5			33.20	39.00	28.787
		6			33.90	39.40	29.251
		7			34.10	39.30	29.456
		8			36.90	39.80	29.326
		9			32.00	38.60	29.582
		10			28.60	37.80	29.680
		11			32.60	38.00	29.481
		12			35.30	39.00	29.370
		13			36.30	39.50	29.400
		14			38.20	39.70	29.732
		15			36.80	39.70	29.978
		16			40.30	40.70	29.685
		17			38.30	40.50	29.651
		18			40.40	41.10	29.427
		19			39.00	41.20	29.381
		20			36.60	40.00	29.493
		21			37.20	40.30	29.112
		22			32.70	39.20	29.138
		23			31.30	38.30	29.172
		24			32.00	37.70	29.379
		25			33.30	38.10	29.475
		26			33.50	38.10	29.256
		27			30.40	37.20	29.154
		28			26.00	36.10	29.201
		29			28.50	35.80	29.501
		30			29.90	37.30	29.375
		Mean			34.11	38.95	29.396
					34.11	38.95	29.396
							
1842	7	1			27.40	35.80	29.281
		2			27.60	35.80	29.294
		3			27.00	35.20	30.100
		4			34.00	37.90	29.733
		5			37.90	38.70	29.331
		6			36.30	38.30	29.298
		7			37.00	39.60	29.073
		8			36.80	40.00	28.956
		9			33.30	38.50	29.161
		10			31.80	38.60	29.691
		11			36.50	39.30	29.683
		12			29.60	37.90	29.457
		13			32.60	38.00	29.709
		14			34.30	38.10	30.198
		15			33.50	38.20	30.431
		16			34.40	38.40	30.528
		17			34.90	38.60	30.448
		18			36.00	39.50	30.015
		19			35.70	39.90	29.436
		20			33.20	38.90	29.578
		21			31.90	38.50	29.908
		22			31.70	38.10	30.215
		23			32.20	38.30	30.266
		24			36.00	39.30	29.986
		25			37.90	40.20	29.747
		26			36.70	40.20	29.438
		27			35.40	40.10	29.681
		28			35.60	40.60	29.628
		29			35.60	40.50	29.034
		30			34.70	40.00	29.123
		31			31.60	39.60	29.196
		Mean			33.84	38.73	29.665
					33.84	38.73	29.665
							
1842	8	1			31.10	38.50	29.608
		2			32.50	38.60	29.967
		3			31.80	38.50	29.923
		4			35.40	39.50	29.172
		5			29.10	37.80	29.286
		6			27.70	37.00	29.462
		7			23.30	32.30	29.526
		8			26.10	33.50	29.666
		9			29.60	35.40	30.091
		10			30.70	35.40	30.258
		11			31.50	36.20	30.034
		12			35.10	37.70	29.782
		13			35.50	36.90	30.026
		14			35.50	37.60	29.794
		15			36.60	38.30	29.461
		16			36.90	39.00	29.150
		17			34.50	38.90	29.308
		18			31.90	38.20	29.553
		19			31.70	37.50	29.717
		20			33.10	38.10	29.524
		21			36.80	39.20	29.035
		22			35.80	39.30	29.039
		23			34.90	38.80	29.397
		24			32.90	38.40	29.564
		25			36.30	39.00	30.030
		26			37.40	39.50	30.203
		27			38.80	39.50	30.123
		28			40.50	40.10	29.922
		29			41.60	40.50	29.683
		30			42.90	41.20	29.540
		31			40.40	40.70	29.342
		Mean			34.13	38.10	29.654
					34.13	38.10	29.651
							
1842	9	1			41.30	41.20	29.426
		2			42.30	41.70	29.396
		3			40.10	41.20	29.601
		4			38.20	40.60	29.918
		5			38.70	41.00	30.149
		6			38.30	40.70	30.115
		7			37.80	40.70	29.678
		8			39.00	41.80	29.269
		9	53  3  	57  55   	35.50	41.00	28.980
		10	53  19  	56  49   	34.50	40.30	29.140
		11	54  11  	55  22   	38.10	40.70	28.787
		12	54  19  	54  47   	36.30	40.20	28.757
		13	54  6  	54  37   	32.30	39.30	29.137
		14	53  47  	55  12   	37.70	40.40	29.234
		15	54  44  	55  28   	35.60	40.70	29.214
		16	54  41  	55  12   	33.50	40.30	29.682
		17	55  08  	59  16   	31.00	40.00	30.005
		18	55  40  	63  08   	31.90	39.60	30.119
		19	Off Cape	Horn	37.20	41.70	29.628
		20	St Martin's	Cove	37.90	43.20	29.756
		21		Hermit Island	39.60	43.50	29.659
		22			42.50	44.10	29.686
		23			45.60	44.60	29.466
		24			44.00	43.80	29.248
		25			35.70	41.80	29.337
		26			41.10	43.30	29.551
		27			47.70	44.90	29.491
		28			44.60	44.20	29.351
		29			44.70	44.10	29.329
		31			41.70	44.20	29.359
		Mean			38.88	41.83	29.576
					38.81	41.83	29.482
							
1842	10	1	St Martin's	Cove	43.40	44.70	29.434
		2	Near	Cape Horn	45.30	44.60	29.625
		3			44.10	44.50	29.693
		4			42.90	44.80	29.670
		5			43.10	45.00	29.631
		6			43.20	45.30	29.614
		7			41.60	44.10	29.252
		8			44.60	45.70	29.414
		9			46.70	45.70	29.389
		10			47.10	46.00	29.335
		11			43.20	45.30	29.096
		12			40.00	45.00	29.208
		13			36.90	44.50	29.534
		14			41.60	44.80	29.435
		15			40.80	44.80	29.104
		16			40.40	44.60	29.316
		17			40.10	44.50	28.693
		18			36.10	43.60	28.415
		19			36.30	43.50	28.800
		20			33.20	43.00	28.911
		21			38.40	44.00	28.881
		22			36.20	43.50	28.621
		23			35.80	43.60	29.210
		24			37.40	43.70	29.417
		25			42.60	44.80	29.532
		26			39.60	44.20	29.540
		27			40.70	44.20	29.757
		28			44.20	45.20	29.463
		29			46.00	45.60	29.305
		30			43.30	45.00	29.308
		31			46.70	46.10	29.492
		Mean			41.34	44.64	29.293
					41.34	44.64	29.293
							
1842	11	1			40.60	45.50	29.813
		2			42.70	45.70	29.583
		3			42.10	45.70	29.488
		4			44.80	46.80	29.214
		5			42.90	46.10	29.398
		6			43.20	47.10	29.495
		7			39.90	45.90	29.662
		8			40.10	43.30	29.541
		9			40.10	42.00	29.311
		10			42.20	42.60	29.665
		11			40.80	42.80	30.003
		12			43.10	44.40	30.025
		13			46.00	45.50	29.811
		14			46.80	48.10	29.895
		15			45.00	47.30	29.904
		16			48.80	48.50	29.578
		17			46.50	48.00	29.229
		18			45.60	47.90	29.294
		19			48.90	48.50	29.211
		20			51.00	48.80	29.467
		21			53.10	49.80	29.600
		22			51.50	50.30	29.782
		23			56.40	51.50	29.649
		24			51.30	50.90	29.622
		25			45.30	49.70	29.614
		26			47.20	50.20	29.388
		27			44.90	49.50	29.509
		28			49.40	50.30	29.263
		29			52.10	50.20	29.039
		31			44.10	49.10	29.114
		Mean			45.88	47.40	29.539
					45.88	47.40	29.539
							
							
1842	12	1	Port Louis		42.60	49.00	29.206
		2			44.10	49.30	29.013
		3			43.20	48.20	29.085
		4			40.90	48.40	29.212
		5			41.90	47.80	29.500
		6			45.80	48.80	29.396
		7			45.70	48.90	29.384
		8			47.90	48.90	29.390
		9			51.20	49.40	29.394
		10			45.50	49.00	29.550
		11			44.00	49.20	29.614
		12			44.70	48.90	29.285
		13			44.20	48.50	29.407
		14			45.50	48.80	29.627
		15			48.90	49.70	29.903
		16			50.50	50.30	29.838
		17	Off Cape	Pembroke	54.40	49.30	29.370
		18	52  54  	56  43   	52.00	47.40	29.334
		19	54  23  	56  01   	44.90	44.50	29.313
		20	55  51  	54  42   	45.40	43.30	29.526
		21	57  04  	53  22   	39.50	38.30	29.405
		22	58  16  	52  00   	35.40	35.40	29.608
		23	59  50  	51  50   	35.30	34.30	29.661
		24	61  23  	52  19   	35.10	33.60	29.254
		25	62  14  	52  05   	32.20	32.20	29.116
		26	62  31  	51  36   	31.70	32.00	29.225
		27	62  18  	51  57   	34.20	33.30	29.141
		28	62  44  	53  43   	33.80	32.70	29.036
		29	63  40  	53  42   	32.10	31.80	28.886
		30	60  36  	54  33   	31.00	31.60	28.908
		31	63  56  	55  28   	33.00	32.30	29.022
		Mean			41.82	43.07	29.349
					41.83	43.07	29.347
							
1843	1	1	64  14  	55 54   	31.70	32.50	29.198
		2	64  28  	56  1   	33.50	32.60	29.077
		3	64  22  	55  26   	33.20	33.00	28.738
		4	64  35  	55  41   	33.40	32.90	28.886
		5	64  11  	55  57   	35.00	33.10	28.919
		6	64  12  	56  49   	36.60	32.30	28.924
		7	64  34  	57  10   	33.00	31.20	28.725
		8	64  35  	57  27   	31.00	30.80	28.839
		9	64  44  	56  53   	31.80	31.00	28.923
		10	64  43  	56  50   	33.30	31.50	28.892
		11	64  42  	57  6   	31.00	30.90	28.897
		12	64  40  	57  56   	28.40	29.90	28.989
		13	64  35  	57  23   	27.90	29.40	29.096
		14	64  33  	57  24   	29.20	30.60	29.146
		15	64  32  	56  53   	30.50	30.60	29.260
		16	64  28  	56  51   	31.90	30.60	29.235
		17	64  22  	56  43   	30.50	30.70	29.368
		18	63  58  	54  35   	28.30	31.70	29.253
		19	64  22  	54  32   	27.20	30.40	29.109
		20	64  18  	55  42   	26.50	30.90	29.112
		21	64  19  	55  56   	26.40	31.20	29.226
		22	64  12  	56  10   	29.60	30.90	29.178
		23	64  28  	55  47   	31.50	32.00	29.040
		24	64  24  	55  11   	31.30	32.00	28.990
		25	64  15  	56  0   	27.60	30.80	28.914
		26	64  4  	55  48   	27.30	30.60	29.020
		27	64  9  	55  51   	28.60	30.30	29.138
		28	64  8  	55  51   	30.60	30.60	29.351
		29	64  5  	55  54   	33.50	31.70	29.584
		30	64  9  	56  3   	32.90	31.70	29.490
		31	64  0  	55  18   	35.60	32.30	29.082
		Mean			30.93	31.31	29.084
					30.93	31.31	29.084
							
1843	2	1	63  59  	55  20   	32.10	32.00	29.107
		2	64  16  	55  22   	31.50	31.50	29.497
		3	64  17  	55  40   	28.60	30.80	29.545
		4	64  10  	54  47   	29.00	30.70	29.403
		5	63  30  	53  01   	31.10	32.20	29.244
		6	63  46  	52  37   	31.10	31.90	29.264
		7	64  08  	51  53   	31.60	31.70	29.320
		8	63  49  	51  07   	33.00	32.60	29.392
		9	64  19  	50  24   	32.00	31.60	29.476
		10	64  31  	47  44   	30.90	30.10	29.360
		11	64  37  	45  39   	30.00	30.10	29.041
		12	64  39  	43  56   	29.70	29.70	29.064
		13	64  56  	42  59   	30.80	30.10	29.334
		14	65  06  	41  14   	31.70	30.30	29.478
		15	64  40  	39  28   	29.50	30.20	29.247
		16	63  56  	38  17   	28.70	29.60	29.210
		17	63  36  	35  24   	28.60	29.10	29.337
		18	62  39  	31  44   	30.40	30.20	29.217
		19	62  16  	29  00   	29.20	29.60	29.236
		20	61  59  	26  17   	30.10	30.10	29.311
		21	61  51  	24  00   	29.50	30.10	29.404
		22	61  37  	21  51   	30.00	30.10	29.553
		23	61  46  	18  58   	28.90	30.70	29.543
		24	62  36  	15  52   	28.80	30.40	29.651
		25	64  10  	14  19   	31.30	31.00	29.010
		26	64  38  	12  00   	32.60	31.80	28.504
		27	65  12  	9  55   	32.40	32.00	28.614
		28	66  01  	6  53   	32.50	32.50	28.830
		Mean			30.56	30.88	29.257
					30.56	30.81	29.257
							
1843	3	1	67  06  	8  35   	30.60	31.80	29.016
		2	68  14  	12  20   	27.50	30.70	29.173
		3	68  34  	12  49   	29.40	30.60	29.210
		4	69  26  	14  29   	30.00	30.70	29.264
		5	71  10  	15  47   	30.10	30.40	29.022
		6	71  09  	15  39   	30.20	30.40	28.808
		7	70  36  	16  42   	29.90	30.10	28.897
		8	70  28  	17  21   	28.70	30.00	29.200
		9	69  38  	15  43   	26.40	30.00	29.148
		10	68  06  	15  20   	26.80	30.10	29.072
		11	65  56  	13  10   	28.80	30.60	28.860
		12	63  57  	13  36   	30.80	31.40	28.690
		13	61  34  	11  23   	29.40	32.30	29.340
		14	59  16  	9  19   	29.40	31.50	29.499
		15	57  27  	7  52   	30.80	33.00	29.637
		16	57  09  	7  15   	30.60	33.30	29.340
		17	56  38  	6  16   	32.20	33.30	29.303
		18	55  56  	4  19   	33.20	33.50	29.270
		19	54  31  	2  25   	32.80	33.40	29.302
		20	54  07  	0  00	34.00	33.40	29.711
		21	54  05  	2  50 E	35.50	33.40	29.293
		22	54  11  	6  01   	33.40	33.50	29.191
		23	52  31  	8  08   	34.00	34.30	29.415
		24	50  18  	9  15   	37.00	37.30	30.053
		25	47  38  	10  51   	40.70	41.10	30.292
		26	45  32  	11  54   	45.00	44.20	30.367
		27	43  52  	13  23   	49.80	47.50	30.392
		28	43  10  	14  44   	52.70	50.60	30.355
		29	41  48  	15  09   	52.70	54.50	30.361
		30	39  56  	15  52   	55.30	63.90	30.333
		31	37  40  	16  40   	64.90	65.20	30.189
		Mean			35.57	36.65	29.484
					35.57	36.65	29.484
