	"ACCOUNT OF A VOYAGE OF DISCOVERY TO THE WEST COAST OF CORREA,"							
	"AND GREAT LOO-CHOO ISLAND, CAPT. BASIL HALL"							

Pg. xlv								

YEAR	MONTH	DAY	HOUR	LAT	LONG	SST	AIR TEMP	BAR
1816	6	16		5 11 S	106 3 E	83.0	82.5	29.86
				5 05 	106 10	83.5	82.0	29.86
				5 05	106 10	84.5		29.83
				5 05	106 10	83.0	81.0	29.85
		27		6 49 N	107 49	84.0	82.0	29.81
		28		8 00	108 10	84.0	82.0	29.80
	7	3		13 29	112 59	84.5	81.0	29.77
		6		20 00	114 0	84.0	83.3	29.75
		7		21 11	114 0	85.0	85.0	29.79
		8				84.5	82.0	29.72
		16		24 37	118 56	79.0	79.0	29.75
		21		34 0	124 0	77.5	76.0	29.78
		23		35 0	124 0	77.0	82.0	29.78
		27		38 55	118 50	76.0	76.0	29.70
				38 55	118 50	76.0	76.0	29.70
		28		38 50	118 0	83.0	84.0	29.62
				38 50	118 0	83.0	84.0	29.62
				38 50	118 0	82.0	83.5	29.61
		29		38 50	118 0	84.0	81.0	29.60
				38 50	118 0	84.0	83.0	29.58
	8	6		38 50	118 0	80.0	79.0	29.64
				38 50	118 0	81.5	83.5	29.64
				38 50	118 0	81.5	83.5	29.64
				38 50	118 0	81.5	83.0	29.64
				38 50	118 0	81.0	84.5	29.62
				38 50	118 0	81.0	84.5	29.62
				38 50	118 0	82.0	80.0	29.59
		8		38 50	118 0	78.0	69.5	29.65
				38 50	118 0	78.0	69.5	29.65
				38 50	118 0	77.5	73.0	29.66
		9		38 50	118 0	79.5	75.0	29.72
		10		38 50	118 0	77.0	75.0	29.69
				38 50	117 55			
				38 50	117 55	77.0	75.0	29.69
				38 50	118 0	75.0	75.0	29.69
				38 50	118 0	78.0	76.5	29.70
				38 50	118 0	83.0	84.0	29.68
				38 50	118 0	83.0	84.0	29.68
		11		38 50	118 0	79.0	76.0	29.72
				38 50	118 0	80.0	79.0	29.73
		12		38 50	118 0	80.0	79.0	29.79
				38 36	117 56	81.0	79.5	29.77
		13		38 31	118 09	79.0	78.0	29.80
				38 31	118 09	79.0	78.0	29.80
				38 31	118 04	81.0	83.0	29.80
		14		38 30	118 24	78.0	79.0	29.71
				38 30	118 35	79.5	80.5	29.70
		15		38 0	18 35	80.0	79.0	29.77
				38 0	118 54	81.5	79.0	29.76
				37 54	118 56	82.0	79.0	29.70
		16		37 38	118 57	81.0	76.0	29.17
		17		37 21	119 28	80.0	79.5	29.73
				37 19	119 44	81.5	81.0	29.75
				37 21	119 44	81.5	82.0	29.70
		18		37 29	119 37	80.0	77.0	29.76
		20		37 50	120 16	77.0	72.0	29.85
		21		37 52	120 27	77.0	71.0	29.80
				37 52	120 27	77.0	79.0	29.80
						77.0	76.0	29.76
						76.0	75.0	29.74
						76.0	75.0	29.74
		22				75.0	76.0	29.80
	9	4		36 10	126 30	81.0	83.0	29.86
				36 8	126 35	81.0	83.0	29.86
		5		35 40	126 17	79.0	80.0	29.80
		7		34 32	126 34	74.0	80.0	29.84
				34 22	126 34	74.0	80.0	29.84
1817	3	3		2 18	102 20	82.0	84.5	29.74
		5		3 40	100 35	83.0	85.0	29.73
						83.0	85.0	29.73
		8		5 12	100 14	84.0	84.0	29.86
						84.0	82.5	29.86
		19				80.0	82.0	29.84
				13 30	89 30	80.0	82.0	29.78
		20		14 30	89 15	79.5	82.0	29.83
		21		15 00	89 00	80.0	82.0	29.84
		22		16 00	88 30	79.0	79.5	29.84
		23		17 00	88 00	78.5	79.0	29.80
		24		17 30	88 15	78.0	80.0	29.78
		22		34 0 S	26 00	71.0	72.0	
	7	24		34 25	24 56	59.0	62.0	
		25		35 0	23 45	62.0	63.0	
		26		35 0	23 0	58.0	60.0	
				34 52	22 23	60.0	63.0	
		27		35 00	21 00	56.0	59.0	
				35 00	21 00	56.0	59.0	
		28		34 58	20 15	58.0	64.0	
				34 57	20 15	59.0	64.0	




1816	7	14	800					30.01
			1200	22 07 N	115 26 E	84.0	83.0	30.01
			1600					29.94
			2000					29.98
		15	1000					29.89
			1200	22 43	117 30	83.0	82.0	29.89
			1500					29.80
			2000					29.76
			2200					29.80
		16	800					29.74
			1100					29.83
			1200	24 37	18 50		83.0	29.74
			1800					29.75
			2000			79.5	80.0	29.78
			2400			79.5	80.0	29.76
		17	400			80.5	80.0	29.74
			600					29.76
			800			81.0	82.0	29.80
			1000					29.81
			1100					29.80
			1200	26 21	122 06	80.0	82.0	29.81
			1300					29.80
			1600			81.0	82.0	29.76
			1700					29.76
			1900					29.76
			2000			80.0	82.0	29.79
			2400			80.0	81.0	29.80
		18	500					29.78
			800			80.0	81.0	29.80
			1000					29.86
			1200	26 21		79.0	81.0	29.80
			1400					29.80
			1600			80.0	81.0	29.80
			1800					29.76
			2000			79.0	81.0	29.76
		19	400			78.0	79.0	29.78
			600					29.75
			800			78.0	78.0	29.78
			1000					29.78
			1100					29.78
			1200	30 54	123 50	79.0	78.0	29.78
			1400					29.75
			1600			80.0	80.0	29.72
			1800					29.72
			2000			80.0	79.0	29.72
			2400			79.0	80.0	29.74
		20	400			76.0	79.0	29.69
			600					29.70
			800			77.5	79.0	29.70
			1000					29.72
			1100					29.70
			1200	32 35	123 50	78.0	80.0	29.70
			1400					29.70
			1600			77.0	80.0	29.66
			1800					29.68
			2000			77.0	79.0	29.66
			2400			77.0	78.0	29.69
		21	600					29.72
			800			76.0	75.0	29.76
			1000					29.78
			1100					29.79
			1200	33 55	124 0	77.5	76.0	29.79
			1300					29.78
			1400					29.80
			1600			77.5	77.0	29.78
			1800					29.79
			2000			77.5	77.0	29.79
		22	400			77.0	75.0	29.69
			600					29.72
			800			76.0	77.0	29.71
			1000					29.71
			1100					29.75
			1200	34 44	123 55	77.0	78.0	29.75
			1400					29.74
			1600			79.0	79.0	29.75
			1800					29.73
			2000			77.0	76.0	29.73
			2400			76.0	75.0	29.74
		23	400			76.0	75.0	29.76
			800			77.0	77.0	29.78
			1000					29.80
			1200	35 06	123 06	78.0	79.0	29.80
			1400					29.79
			1600			78.0	81.0	29.79
			1800					29.78
			2000			77.5	78.0	29.76
			2400			76.0	77.0	29.77
		24	800			76.5	77.0	29.75
			900					29.77
			1000					29.82
			1100					29.86
			1200	36 27	123 01	73.0	75.0	29.88
			1400					29.70
			1600			74.0	76.0	29.69
			1800					29.70
			2000			72.0	75.0	29.70
		25	400			71.0	70.0	29.70
			800			66.0	71.0	29.70
			1000					29.70
			1100					29.70
			1200	37 82	122 37	73.0	74.0	29.70
			1400					29.70
			1600			72.0	77.0	29.66
			1800					29.66
			2000			72.0	76.0	29.61
			2400			75.0	75.0	29.61
		26	400			72.0	74.0	29.61
			800			72.0	74.0	29.61
			1000					29.62
			1100					29.62
			1200	38 07	122 0	72.0	74.0	29.62
			1400					29.62
			1600			66.0	76.0	29.59
			1800					29.60
			2000			68.0	73.5	29.60
			2400			74.0	75.0	29.60
		27	800			77.5	77.0	29.69
			1000					29.69
			1100					29.70
			1200	Gulf of Petchelee		76.0	76.0	29.70
			1400					29.68
			1600			77.0	76.0	29.61
			1800	Anchored				29.61
			2000			82.0	77.0	29.80
			2200					29.84
		28	400			80.5	80.0	29.70
			800			82.0	82.5	29.63
			1000					29.61
			1100					29.62
			1200			82.5	83.5	29.60
			1400					29.60
			1600			82.0	81.0	29.61
			1800					29.62
			2100			82.0	83.0	29.61
			2400			82.0	80.0	29.60
		29	400			81.5	79.0	29.59
			800			82.0	82.0	29.60
			1100					29.62
			1200	"Mouth of Pei-ho River, Yellow Sea"		84.0	82.0	29.60
			1400					29.59
			1600			84.5	83.0	29.53
			1800					29.55
			2000			82.0	82.5	29.55
			2400			82.0	80.0	29.63
		30	800			82.0	82.0	29.50
			1000					29.63
			1100					29.63
			1200	"Mouth of Pei-ho River, Yellow Sea"			81.0	29.62
			1400					29.65
			1600			84.0	81.0	29.65
			1800					29.60
			2000			83.5	82.0	29.61
			2400			82.0	83.0	29.63
		31	800			82.0	83.0	29.62
			1000					29.70
			1200	"Mouth of Pei-ho River, Yellow Sea"		85.0	84.0	29.70
			1400					29.70
			1600			86.0	83.0	29.71
			1800					29.71
			2000			82.0	82.5	29.72
			2400			82.5	83.0	29.84
	8	1	400			84.0	83.0	29.69
			800			82.5	81.0	29.70
			1000					29.69
			1200	"Mouth of Pei-ho River, Yellow Sea"		82.5	81.0	29.70
			1400					29.63
			1600			82.0	82.0	29.66
			2000			82.0	80.0	29.66
			2400			82.0	79.0	29.65
		2	800			82.0	78.5	29.62
			1100					29.68
			1200	"Mouth of Pei-ho River, Yellow Sea"		82.5	79.0	29.67
			1400					29.63
			1600			83.0	78.5	29.63
			1800					29.63
			2000			82.5	78.0	29.65
			2400			82.0	79.0	29.70
		3	400			81.0	77.0	29.72
			800			81.0	77.5	29.84
			1100					29.84
			1200	"Mouth of Pei-ho River, Yellow Sea"		82.0	79.0	29.82
			1400					29.80
			1600			82.0	76.0	29.80
			1800					29.84
			2000			80.0	76.0	29.90
			2400			80.5	75.0	
		4	800			81.0	78.0	29.69
			1000					29.70
			1100					29.70
			1200	"Mouth of Pei-ho River, Yellow Sea"		81.0	78.5	29.70
			1400					29.68
			1600			81.0	78.0	29.68
			1800					29.68
			2000			80.0	78.0	29.68
			2400			81.0	77.0	29.68
		5	400			80.0	77.0	29.68
			800			80.5	78.0	29.68
			1000					29.69
			1200	"Mouth of Pei-ho River, Yellow Sea"		81.0	78.0	29.68
			1400					29.68
			1600			81.5	81.0	29.66
			1800					29.65
			2000			82.0	81.0	29.64
			2400					29.59
		6	400			78.0	71.0	29.65
			800			77.5	73.0	29.64
			1000					29.64
			1200	"Mouth of Pei-ho River, Yellow Sea"		81.0	76.0	29.63
			1400			81.5	83.5	29.64
			1600			81.0	82.0	29.60
			1800					29.62
			2000			82.0	79.0	29.66
			2400			81.0	80.0	29.66
		7	800			81.0	79.5	29.67
			1000					29.95
			1200	"Mouth of Pei-ho River, Yellow Sea"		80.0	77.0	30.00
			1400					30.00
			1600			80.0	76.0	29.92
			1800					29.82
			2000			78.5	73.0	29.81
		8	400			78.0	71.0	29.65
			800			77.5	73.0	29.66
			1000					29.67
			1100					29.69
			1200	"Mouth of Pei-ho River, Yellow Sea"		81.0	76.0	29.68
			1400					29.66
			1600				81.5	29.65
			1800					29.69
			2000			80.0	79.0	29.70
			2400			79.0	77.0	29.71
		9	400			77.5	75.0	29.73
			800			79.0	76.5	29.74
			1000					29.78
			1200	"Mouth of Pei-ho River, Yellow Sea"		79.5	80.0	29.77
			1400					29.76
			1600			77.5	79.0	29.70
			1800					29.70
			2000					29.70
			2400			78.0	76.0	29.70
		10	800			77.0	75.0	29.69
			1000					29.70
			1100					29.70
			1200	"Mouth of Pei-ho River, Yellow Sea"		79.0	81.0	29.70
			1400					29.69
			1600			78.5	79.0	29.67
			1800					29.65
			2000			78.0	76.0	29.64
			2200					29.72
			2400					29.74
		11	400			78.0	75.0	29.70
			800			79.0	76.0	29.70
			1000					29.75
			1200	"Mouth of Pei-ho River, Yellow Sea"		80.0	79.0	29.74
			1400					29.74
			1600			78.0	79.0	29.72
			1800					29.72
			2000					29.72
			2200			79.0	75.0	
			2400			77.0	75.0	29.75
		12	400			78.0	75.0	
			800			78.0	79.0	29.78
			1000					29.79
			1200	Gulf of Pe-che-lee		79.0	79.0	29.79
			1400					29.79
			1600			82.0	81.0	29.78
			1800					29.78
			2000			81.0	79.5	29.78
			2400			80.0	79.5	29.80
		13	800			79.0	89.0	29.79
			1000					29.80
			1200	Gulf of Pe-che-lee		81.0	83.0	29.80
			1400					29.74
			1600			80.0	80.5	29.77
			1800					29.80
			2000			78.0	79.0	29.79
		14	400			78.0	77.0	29.70
			600			78.0	79.0	29.71
			800			78.0	79.0	29.72
			1000					29.72
			1200	Gulf of Pe-che-lee		78.0	79.5	29.74
			1400					29.71
			1600			80.0	80.0	29.74
			1800					29.70
			2000			80.0	78.0	29.72
			2400			79.0	76.0	29.75
		15	800			80.0	78.0	29.77
			1100					29.79
			1200	Gulf of Pe-che-lee		81.0	78.5	29.78
			1400					29.76
			1600			82.0	80.0	29.74
			1800					29.74
			2000				78.0	29.76
			2400			80.0	77.0	29.86
		16	800			81.0	79.0	29.79
			1100					29.80
			1200	Gulf of Pe-che-lee		81.5	79.5	29.80
			1400					29.74
			1600			81.0	80.0	29.74
			1800					29.74
			2000			80.0	79.5	29.74
		17	400			80.0	78.5	29.74
			700					29.74
			900			84.0	79.5	29.74
			1100					29.74
			1200	Gulf of Pe-che-lee		81.0	81.0	29.75
			1400					29.74
			1600			81.0	82.0	29.74
			1800					29.70
			2000			80.0	79.0	29.70
			2400			80.0	79.0	29.71
		18	400			80.0	79.5	29.72
			800			80.0	79.0	29.80
			1000					29.81
			1200	Gulf of Pe-che-lee		79.5	79.0	29.80
			1400					29.82
			1600			79.0	78.5	29.88
			1800					29.82
			2000			78.0	78.0	29.90
			2200					29.98
			2400			78.0	78.0	29.98
		19	800			77.5	73.5	29.98
			1000					29.94
			1100					29.92
			1200	Gulf of Pe-che-lee		77.5	74.0	29.92
			1400					29.92
			1600			77.5	75.0	29.92
			1800					29.94
			2000			76.0	74.5	29.99
		20	400			78.0	76.0	29.95
			800			77.5	76.0	30.00
			1000					30.02
			1200	Gulf of Pe-che-lee			75.0	30.03
			1400					30.00
			1600			78.0	74.0	29.90
			1800					29.90
			2000			77.5	74.0	29.90
		21	800			77.0	74.0	29.80
			1100					29.80
			1200	Gulf of Pe-che-lee		77.0	79.0	29.80
			1400					29.78
			1600			77.0	76.0	29.76
			1800					29.76
			2000			77.0	75.0	29.74
			2400			73.0	74.5	29.82
		22	400					29.80
			800			78.0	77.0	29.80
			1000					29.80
			1200	"Cheatow, Yellow Sea"		78.0	80.0	29.74
			1400					29.74
			1600			78.0	78.0	29.74
			1800					29.72
			2000			78.0	77.0	29.72
		23	400			78.0	78.0	29.70
			800			78.0	80.0	29.70
			1200	"Cheatow, Yellow Sea"		78.5	81.0	29.72
			1600			78.0	80.0	29.70
			1800					29.68
			2000			78.0	79.0	29.66
			2400			78.0	77.0	29.66
		24	400			78.0	77.0	29.70
			800			78.0	78.5	29.68
			1000					29.70
			1100					29.68
			1200	"Cheatow, Yellow Sea"		78.0	79.0	29.68
			1300					29.68
			1400					29.66
			1500					29.66
			1600			78.0	79.0	29.66
			1700					29.64
			1800					29.64
			2000			78.0	78.0	29.62
			2400			77.0	78.0	29.62
		25	400					29.74
			800			78.0	78.0	29.64
			1200	"Cheatow, Yellow Sea"		78.0	79.0	29.66
			2000			77.5	78.0	
		26	400			77.5	77.0	29.56
			800			77.5	78.0	29.56
			1100					29.56
			1200	"Cheatow, Yellow Sea"		78.0	79.5	29.56
			1400					29.64
			1600			78.0	79.5	29.52
			1800					29.52
			2000			78.0	79.0	29.54
			2400			78.0	78.5	29.56
		27	400			77.0	77.0	29.58
			800					29.62
			1100					29.64
			1200	"Oie-hai-oie Harbour, Yellow Sea"		78.0	78.0	29.64
			1400					29.62
			1600			77.0	76.0	29.62
			1800					29.62
			2000			77.0	76.0	29.64
			2400			77.0	75.0	29.64
		28	800			77.0	75.0	29.70
			1000					29.72
			1200	"Oie-hai-oie Harbour, Yellow Sea"		76.5	77.5	29.72
			1600			76.0	77.5	29.70
			2000			76.0	77.0	29.70
			2400			76.0	79.0	29.74
		29	400			76.0	77.0	29.78
			800			76.5	78.0	29.78
			1000					29.80
			1200	"Oie-hai-oie Harbour, Yellow Sea"		77.0	81.0	29.80
			1400					29.92
			1600			78.0	81.0	29.90
			1800					29.92
			2000			77.0	78.0	29.92
			2400			77.0	79.0	29.94
		30	400			77.0	78.0	29.96
			800			77.0	78.0	29.98
			1000					29.98
			1200	37 58	122 58	78.0	80.0	29.96
			1400					29.94
			1600			81.0	80.0	29.92
			1800					29.90
			2000			79.0	79.0	29.90
		31	500			79.0	79.0	29.90
			800			79.0	80.0	29.92
			1000					29.94
			1200	37 55	123 37	79.0	80.0	29.96
			1400					29.94
			1600			79.5	80.0	29.94
			1800					29.92
			2000			79.5	79.0	29.92
	9	1	500			78.0	76.0	29.90
			800			76.0	76.0	29.90
			1000					29.92
			1200	37 45	124 20	76.0	76.0	29.90
			1400					29.98
			1800					29.98
			2000			75.0	75.0	29.98
		2	600			79.0	78.0	29.82
			800			79.0	80.0	29.82
			1000					29.82
			1200	36 44.3	124 47.52	80.0	81.0	29.82
			1400					29.96
			1600			80.0	80.0	29.98
			1800					29.98
			2000			80.0	80.0	30.04
		3	300					30.02
			800			79.0	77.0	30.04
			1000					30.04
			1200	36 18.21	126 10	78.0	79.0	30.00
			1400					29.98
			1600			78.0	81.0	29.95		
			1800					29.94		
			2000			77.0	80.0	29.92		
		4	600			78.0	78.0	29.95		
			800			78.0	79.0	29.95		
			1000					29.95		
			1200	36 13	126 30	82.0	80.0	29.92		
			1400					29.85		
			1600			82.0	81.0	29.84		
			1800					29.84		
			2000			80.0	79.0	29.84		
		5	445	36 13	126 24.3					
			600			79.5	78.5	29.82		
			800			79.0	80.5	29.82		
			1000					29.82		
			1200	36 05	126 27	80.5	80.0	29.82		
			1400					29.82
			1600			79.0	80.0	29.80
			1800					29.80
			2000			79.0	80.0	29.80
			2300	35 26	126 23.22			
		6	600			78.0	78.5	29.86
			800			78.0	79.0	29.86
			1000					29.88
			1200	35 17	126 28.3	78.0	79.5	29.88
			1400					29.89
			1600	35 6	126 6.37	77.5	79.0	29.90
			1800					29.90
			2000			74.0	77.5	29.88
		7	600					29.82
			800			75.0	76.0	29.82
			930	34 42	125 52.45			
			1000					29.82		
			1200	34 32	125 35	76.0	80.0	29.82		
			1400					29.80		
			1600			72.0	80.0	29.82		
			2000			82.0	78.0	29.82		
		8	800			70.0	74.0	29.79		
			1000					29.82		
			1200	34 22.39	126 2.52	71.0	78.0	29.81		
			1400					29.80		
			1600			70.0	76.0	29.80		
			1800					29.80		
			2000			70.0	74.0	29.79		
		9	600			70.0	74.0	29.78		
			800			70.0	76.0	29.78		
			1100					29.80		
			1200	34 20	126 6	72.0	75.0	29.80		
			1600			71.0	74.0	29.80
			2000			70.0	74.0	29.78
			2400			69.0	78.0	29.78
		10	400			68.0	72.0	29.76
			800			68.0	73.0	29.76
			1000					29.77
			1100			68.0	73.0	29.76
			1200	34 19	126 5			
			1400			68.0	72.0	29.74
			1600			80.0	76.0	29.78
			1700					29.90
			1800					29.90
			2000			80.0	76.0	29.74
			2400			80.0	76.0	29.76
		11	800			80.5	80.0	29.73
			1000					29.72
			1200	31 41	126 44	83.0	81.0	29.71
			1400					29.71
			1600			82.0	82.0	29.71
			1800					29.71
			2000			82.0	79.5	29.73
			2400					29.80
		12	600			82.0	80.0	29.74
			800					29.75
			1000			82.0	81.5	29.75
			1200	29 38	129 56	83.0	82.5	29.75
			1400					29.70
			1600			83.0	83.0	29.70
			1800					29.72
			2000			83.0	83.0	29.78
			2400			82.0	82.5	29.78
		13	600					29.72
			800			84.0	83.0	29.70
			1000					29.70
			1100					29.76
			1200	27 48	128 20	84.0	84.0	29.78
			1300					29.60
			1400					29.74
			1500					29.75
			1600					29.80
			1700					29.90
			1800					29.95
			1900					29.94
			2400					29.52
		14	600					29.52
			800			82.5	83.0	29.52
			900					29.54
			1000					29.54
			1100					29.56
			1200	27 44	127 35	82.0	83.0	29.60
			1300					29.58
			1400					29.60
			1500					29.64
			1600			82.0	83.0	29.52
			1700					29.54
			1800					29.66
			2000			82.0	82.0	29.70
			2400				81.0	29.74
		15	600					29.80
			800			83.0	80.0	29.78
			1000					29.76
			1100					29.71
			1200	26 44	127 32	84.0	83.0	29.75
			1400					29.75
			1600			83.5	83.0	29.75
			1800					29.75
			2000				81.5	29.80
			2200					29.81
			2400			84.0	81.0	29.80
		16	600					29.84
			800			83.0	81.0	29.84
			1000					29.90
			1200	26 13.39	127 38	83.0	82.0	29.90
			1400					29.80
			1600			83.0	82.0	29.80
			1800					29.80
			2000			83.5	80.5	29.80
			2400				80.0	29.80
		17	800			82.0	81.5	29.79
			1000					29.82
			1200	Napakiang Harbour		82.0	83.0	29.82
			1400					29.78
			1600			82.0	82.0	29.77
			1800					29.78
			2000			82.0	81.0	29.80
			2400			82.0	81.0	29.78
		18	800			82.5	80.0	29.72
			1000					29.75
			1200	Napakiang Harbour		82.5	82.0	29.75
			1400					29.70
			1600			82.5	82.0	29.72
			1800					29.74
			2000			82.0	82.0	
			2400					29.72
		19	800			82.0	81.0	29.63
			1000					29.62
			1200	Napakiang Harbour		83.0	82.5	29.62
			1400					29.50
			1600			83.5	82.0	29.58
			1800					29.56
			2000					29.54
			2200					29.54
			2400					29.54
		20	800			83.0	80.5	29.60
			1100					29.62
			1200	Napakiang Harbour		83.5	84.5	29.63
			1600					29.63
			1800					29.64
			2000			82.5	82.0	29.69
			2400			82.0	81.0	29.69
		21	400					29.68
			800			82.0	80.0	29.69
			1000					29.70
			1200	Napakiang Harbour		83.0	83.5	29.70
			1400					29.70
			1600			83.5	83.5	29.70
			1800					29.70
			2000			82.0	81.5	29.70
			2400			82.0	80.0	29.70
		22	800			82.0	81.0	29.70
			1000					29.70
			1200	Napakiang Harbour		82.0	83.0	29.70
			1600			82.0	82.0	29.68
			1800					29.66
			2000			82.0	81.5	29.66
			2400					29.66
		23	800			82.0	80.0	29.62
			1000					29.62
			1200	Napakiang Harbour		82.0	81.0	29.62
			1400					29.60
			1600			82.5	81.5	29.58
			1800					29.50
			2000					29.50
		24	600					29.43
			800					29.42
			1200	Napakiang Harbour		81.5	81.0	29.40
			1400					29.40
			1600			81.5	81.0	29.44
			1700					29.50
			1800					29.55
			1900					29.56
			2000			81.0	79.0	29.63
			2100					29.65
			2400			80.5	78.0	29.66
		25	600					29.72
			800			80.0	78.0	29.80
			1000					29.86
			1200	Napakiang Harbour		80.0	79.0	29.86
			1400					29.84
			1600			80.5	78.0	29.84
			1800					29.86
			2000			79.5	77.5	29.92
			2400			78.0	77.0	29.95
		26	600					29.96
			800			80.0	78.0	29.96
			1000					29.99
			1200	Napakiang Harbour		81.5	79.0	30.00
			1400					30.00
			1600			81.5	83.0	29.99
			1800					29.99
			2000			81.0	79.0	29.99
			2400			80.5	79.0	29.99
		27	600				70.0	29.99
			800			81.0	76.0	29.99
			1000					29.99
			1100					29.99
			1200	Napakiang Harbour		81.5	80.0	29.99
			1400					29.96
			1600			80.5	79.0	29.96
			1800					29.96
			2000			80.0	78.0	29.94
			2400			79.0	77.0	29.94
		28	800			79.0	76.5	29.90
			1100					29.94
			1200	Napakiang Harbour		81.5	81.5	29.94
			1400					29.90
			1600			81.0	81.5	29.92
			1800					29.90
			2000			81.5	80.0	29.90
			2400			79.0	76.0	29.90
		29	400			79.0	75.0	29.90
			800			81.0	80.0	29.90
			1000					29.92
			1200	Napakiang Harbour		81.0	82.0	29.92
			1400					29.94
			1600			81.0	81.0	29.94
			1800					29.95
			2000			80.5	80.0	29.95
			2400			80.0	78.0	29.95
		30	600			80.5	79.0	29.96
			800					29.96
			1000					29.97
			1100					29.98
			1200	Napakiang Harbour		81.0	82.0	29.98
			1400					29.91
			1600			81.0	81.5	29.96
			1800					29.95
			2000			80.5	80.0	29.95
	10	1	600					29.95
			800			80.0	79.5	30.02
			1000					30.07
			1200	26 34	127 38	80.5	80.0	30.07
			1300					30.00
			1400					29.94
			1600			80.5	79.5	29.94
			1800					29.94
			2000			80.0	78.0	29.94
			2400					29.92
		2	400					29.91
			800			80.0	78.0	29.91
			1000					29.94
			1100					29.96
			1200	26 25	127 38	80.0	79.0	29.96
			1400					29.92
			1600			81.0	80.0	29.89
			1800					29.88
			2000			81.5	79.0	29.90
			2400					29.90
		3	800			81.0	78.0	29.87
			1000					29.87
			1200	Napakiang Harbour		81.5	81.0	29.87
			1400			81.0	80.0	29.86
			2000			81.0	78.0	29.86
			2400			80.0	78.0	29.86
		4	800			81.0	78.0	29.87
			1200	Napakiang Harbour		84.5	79.0	29.87
			1400					29.86
			1600			80.5	79.0	29.86
			1800					29.85
			2000			80.0	79.0	29.85
			2400					29.85
		5	800			80.5	78.0	29.86
			1000					29.87
			1100					29.87
			1200	Napakiang Harbour		81.0	81.0	29.85
			1400					29.84
			1600			81.0	81.5	29.82
			1800					29.82
			2000				79.0	29.83
			2400			80.5	78.0	29.83
		6	800			80.5	78.5	29.83
			1000					29.84
			1200	Napakiang Harbour		81.0	80.0	29.84
			1600					29.83
			2000			80.5	79.5	29.83
			2400					29.83
		7	800			80.0	78.0	29.80
			1100					29.94
			1200	Napakiang Harbour		80.5	79.5	29.95
			1400					29.92
			1600			80.0	79.0	29.93
			1800					29.93
			2000			80.0	78.5	29.93
			2400			79.5	78.5	29.96
		8	800			79.5	78.0	30.00
			1000					30.02
			1200	Napakiang Harbour		79.5	78.0	30.02
			1400					30.00
			1600			79.5	78.0	30.00
			1800					30.00
			2000			78.0	76.0	30.00
			2400			78.0	75.0	30.00
		9	600					30.00
			800			78.5	75.0	30.04
			1000					30.10
			1100					30.10
			1200	26 34	127 26	78.5	77.0	30.10
			1400					30.06
			1600			78.0	78.0	30.00
			1800					30.06
			2000			78.0	77.0	30.13
		10	600					30.00
			800			79.5	77.0	30.00
			1000					30.01
			1200	26 50	127 50	79.0	78.0	30.01
			1400					29.98
			1600			79.5	79.0	29.98
			1800					29.98
			2000					29.98
			2400			79.0	78.0	29.98
		11	600					29.98
			800			79.0	78.0	29.97
			1000					29.97
			1200	26 42	127 53	80.0	80.0	29.97
			1400					29.96
			1600			80.0	80.0	29.96
			1800					29.96
			2000					29.94
			2300					30.00
		12	600					30.30
			800			79.0	76.0	30.26
			1000					30.26
			1100					30.22
			1200	25 33	127 50	79.0	76.0	30.22
			1400					30.20
			1600			79.0	76.0	30.20
			1800					30.30
			2000			79.0	76.0	30.34
			2400					30.20
		13	600					30.10
			800			78.0	75.0	30.06
			1000					30.04
			1200	27 00	128 3	78.5	75.0	30.04
			1400					30.00
			1600			78.5	75.0	30.00
			1800					30.00
			2000			78.0	75.0	30.02
			2400					30.02
		14	800			79.5	75.0	30.04
			1000					30.02
			1200	26 36	127 56	79.0	75.0	30.00
			1400					29.94
			1600			79.0	75.5	29.97
			1800					29.98
			2000			79.0	75.0	30.02
			2400					30.18
		15	800			78.0	74.0	30.10
			1000					30.10
			1200	26 02	127 35	78.0	74.5	30.10
			1400					30.08
			1600			78.0	74.5	30.08
			1800					30.08
			2000			79.0	74.5	30.10
		16	800			77.0	73.0	30.20
			1000					30.20
			1200	26 11	127 30	77.5	74.0	30.10
			1400					30.00
			1600			77.0	74.0	30.00
			1800					30.00
			2000			77.0	74.0	30.00
		17	800			76.0	71.0	30.00
			1000					30.00
			1200	Napakiang Harbour		77.0	75.0	30.00
			1400					30.00
			1600			77.0	75.0	30.00
			1800					30.01
			2000			76.5	75.0	30.02
			2400					30.00
		18	800			76.0	73.5	30.00
			1000					30.00
			1200	Napakiang Harbour		75.5	74.0	30.02
			1400					30.02
			1800					30.00
			2000			75.0	71.0	30.00
		19	800					29.98
			1200	Napakiang Harbour		76.0	76.0	29.98
			1600			75.0	73.0	29.98
			1800					29.98
			2000			75.0	73.0	29.98
		20	800			75.5	72.0	29.98
			1000					29.98
			1200	Napakiang Harbour		75.5	73.5	29.98
			1400					29.98
			1600			75.0	73.0	29.98
			1800					29.98
			2000			75.0	72.5	29.98
		21	800			75.0	73.0	30.00
			1000					30.00
			1200	Napakiang Harbour		75.0	74.0	30.00
			1600			75.0	73.0	30.00
			1800					30.00
			2000			74.5	72.0	30.04
		22	800			74.5	71.0	30.06
			1100					30.06
			1200	Napakiang Harbour		75.0	73.0	30.06
			1400					30.00
			1600			74.5	72.0	30.08
			1800					30.08
			2000			74.0	70.0	30.08
		23	800			75.0	70.0	30.08
			1000					30.10
			1200	Napakiang Harbour		75.0	71.0	30.10
			1400					30.10
			1600			74.0	72.0	30.10
			1800					30.12
			2000			73.5	73.0	30.12
		24	800					30.04
			1200	Napakiang Harbour		75.0	72.0	30.00
			1400					29.99
			1600					29.98
			1800			74.5	72.0	29.98
		25	600					30.05
			800			75.0	74.5	30.08
			1000					30.00
			1200	Napakiang Harbour				30.00
			1400					30.00
			1600			74.5	74.5	30.00
			2000			74.0	73.0	29.96
		26	800			74.5	74.0	30.20
			1000					30.20
			1200	Napakiang Harbour		75.0	74.0	30.18
			1400					30.16
			1600			74.0		30.12
			1800					30.10
			2000			74.0		30.10
		27	600					30.10
			800			73.0	68.0	30.10
			1000					30.10
			1200	26 00	127 30	74.0	70.0	30.10
			1400					30.10
			1600			74.0	71.0	30.10
			1800					30.10
			2000			74.0	72.0	30.05
		28	800			77.0	72.5	30.10
			1000					30.08
			1200	24 4	126 0			
			1400					29.99
			1600			79.0	74.0	29.98
			1800					30.00
			2000			79.0	74.5	30.05
		29	800			79.0	76.5	30.02
			1000					30.02
			1200	23 24	124 01	79.0	76.5	30.02
			1400					29.95
			1600			79.0	76.0	29.99
			1800					30.00
			2000			79.0	76.0	30.00
		30	800			80.0	71.0	30.50
			1000					30.30
			1100					30.00
			1200	22 10	122 0	79.0	78.0	29.92
			1400					30.50
			1600			79.0	78.0	30.85
			1800					31.10
			2000			78.0	77.0	31.00
