1916 7 16 5 1015.900000 NA NA NA NA NA NA NA NA NA NA NA
1916 7 16 6 NA NA NA NA NA NA NA NA NA NA NA NA
1916 7 16 7 NA NA NA NA NA NA NA NA NA NA NA NA
1916 7 16 8 1013.300000 NA NA NA NA NA NA NA NA NA NA NA
1916 7 16 9 NA NA NA NA NA NA NA NA NA NA NA NA
1916 7 16 10 NA NA NA NA NA NA NA NA NA NA NA NA
1916 7 16 11 NA NA NA NA NA NA NA NA NA NA NA NA
1916 7 16 12 1010.600000 NA NA NA NA NA NA NA NA NA NA NA
1916 7 16 13 NA NA NA NA NA NA NA NA NA NA NA NA
1916 7 16 14 NA NA NA NA NA NA NA NA NA NA NA NA
1916 7 16 15 NA NA NA NA NA NA NA NA NA NA NA NA
1916 7 16 16 1009.300000 1003.793736 1.841580 NA 1.610340 1.010294 NA 4.349835 0.338903 0.000000 -54.150000 -66.570000
1916 7 16 17 NA 1005.165433 1.655739 NA 1.563963 0.957293 NA 4.386868 0.345473 0.000000 -54.200000 -66.460000
1916 7 16 18 NA 1006.597575 1.459079 NA 1.514995 0.902642 NA 4.437292 0.349705 0.000000 -54.250000 -66.340000
1916 7 16 19 NA 1006.709891 1.546636 NA 1.537509 0.925277 NA 4.356125 0.356701 0.000000 -54.300000 -66.230000
1916 7 16 20 1007.900000 1006.789395 1.629634 NA 1.555214 0.950724 NA 4.308922 0.356755 0.000000 -54.350000 -66.120000
1916 7 16 21 NA 1006.836595 1.708056 NA 1.568248 0.978911 NA 4.259015 0.356899 0.000000 -54.400000 -66.010000
1916 7 16 22 NA 1006.822862 1.780143 NA 1.568128 1.010855 NA 4.206217 0.357124 0.000000 -54.450000 -65.890000
1916 7 16 23 NA 1006.777363 1.845768 NA 1.565625 1.043232 NA 4.152402 0.357381 0.000000 -54.500000 -65.780000
1916 7 17 0 1006.600000 1006.702822 1.901100 NA 1.568181 1.073926 NA 4.096803 0.357789 0.000000 -54.540000 -65.670000
1916 7 17 1 NA 1007.286918 1.860901 NA 1.549308 1.059965 NA 4.138055 0.351361 0.000000 -54.590000 -65.550000
1916 7 17 2 NA 1007.858667 1.813343 NA 1.525149 1.046215 NA 4.198096 0.344032 0.000000 -54.640000 -65.440000
1916 7 17 3 NA 1008.424837 1.758511 NA 1.496302 1.032938 NA 4.251206 0.338228 0.000000 -54.690000 -65.330000
1916 7 17 4 1009.300000 1008.991036 1.695861 NA 1.462620 1.020555 NA 4.302208 0.333508 0.000000 -54.740000 -65.210000
1916 7 17 5 NA 1009.546012 1.627267 NA 1.424633 1.008288 NA 4.341266 0.330758 0.000000 -54.790000 -65.100000
1916 7 17 6 NA 1010.095659 1.552330 NA 1.382374 0.996517 NA 4.373514 0.329474 0.000000 -54.840000 -64.990000
1916 7 17 7 NA 1010.845902 1.580518 NA 1.320506 1.011534 NA 4.395171 0.329574 0.000000 -54.890000 -64.880000
1916 7 17 8 1011.900000 1011.578657 1.610656 NA 1.258535 1.026214 NA 4.414874 0.330729 0.000000 -54.940000 -64.760000
1916 7 17 9 NA 1012.286080 1.644446 NA 1.197557 1.039621 NA 4.425013 0.333367 0.000000 -54.990000 -64.650000
1916 7 17 10 NA 1012.972769 1.680505 NA 1.136813 1.052242 NA 4.429414 0.337233 0.000000 -55.040000 -64.540000
1916 7 17 11 NA 1013.640959 1.717612 NA 1.075538 1.064508 NA 4.430823 0.342294 0.000000 -55.090000 -64.420000
1916 7 17 12 1014.600000 1014.286351 1.757228 NA 1.014839 1.075570 NA 4.423252 0.348647 0.000000 -55.140000 -64.310000
1916 7 17 13 NA 1014.564448 1.699605 NA 0.955790 1.085947 NA 4.414718 0.356246 0.000000 -55.190000 -64.200000
1916 7 17 14 NA 1014.889026 1.638391 NA 0.889254 1.096023 NA 4.397312 0.364998 0.000000 -55.240000 -64.090000
1916 7 17 15 NA 1015.255137 1.575794 NA 0.812480 1.106692 NA 4.372732 0.375086 0.000000 -55.290000 -63.970000
1916 7 17 16 1017.200000 1015.620217 1.517622 NA 0.735046 1.116668 NA 4.348289 0.384368 0.000000 -55.330000 -63.860000
1916 7 17 17 NA 1016.033508 1.458790 NA 0.643097 1.127909 NA 4.306292 0.396502 0.000000 -55.380000 -63.750000
1916 7 17 18 NA 1016.491164 1.397011 NA 0.541991 1.139116 NA 4.254474 0.423755 0.000000 -55.430000 -63.630000
1916 7 17 19 NA 1016.395784 1.426527 NA 0.507406 1.155643 NA 4.201893 0.451040 0.000000 -55.480000 -63.520000
1916 7 17 20 1019.900000 1016.300315 1.453719 NA 0.471283 1.171619 NA 4.148713 0.479703 0.000000 -55.530000 -63.410000
1916 7 17 21 NA 1016.204742 1.478413 NA 0.433347 1.187128 NA 4.094935 0.509746 0.000000 -55.580000 -63.300000
1916 7 17 22 NA 1016.115813 1.500133 NA 0.390278 1.202722 NA 4.040636 0.542885 0.000000 -55.630000 -63.180000
1916 7 17 23 NA 1016.020375 1.519249 NA 0.347733 1.217577 NA 3.985631 0.575747 0.000000 -55.680000 -63.070000
1916 7 18 0 1016.600000 1015.924792 1.535342 NA 0.302541 1.232224 NA 3.930029 0.609988 0.000000 -55.730000 -62.960000
1916 7 18 1 NA 1015.844792 1.519543 NA 0.278528 1.226191 NA 3.873676 0.647097 0.000000 -55.780000 -62.840000
1916 7 18 2 NA 1015.756717 1.495435 NA 0.260325 1.218732 NA 3.816686 0.683327 0.000000 -55.830000 -62.730000
1916 7 18 3 NA 1015.667993 1.462572 NA 0.244704 1.210359 NA 3.759073 0.720487 0.000000 -55.880000 -62.620000
1916 7 18 4 1015.900000 1015.585875 1.419265 NA 0.228659 1.201680 NA 3.700720 0.760563 0.000000 -55.930000 -62.500000
1916 7 18 5 NA 1015.495514 1.368556 NA 0.218679 1.191486 NA 3.641798 0.799522 0.000000 -55.980000 -62.390000
1916 7 18 6 NA 1015.395912 1.319378 NA 0.213409 1.181551 NA 3.582225 0.839306 0.000000 -56.030000 -62.280000
1916 7 18 7 NA 1014.702369 1.391623 NA 0.147085 1.189704 NA 3.522202 0.881741 0.000000 -56.080000 -62.170000
1916 7 18 8 1014.600000 1014.040467 1.456507 NA 0.082122 1.196436 NA 3.473067 0.923723 0.000000 -56.120000 -62.050000
1916 7 18 9 NA 1013.388240 1.539722 NA 0.014234 1.201821 NA 3.411890 0.968742 0.000000 -56.170000 -61.940000
1916 7 18 10 NA 1012.748670 1.631878 NA -0.053112 1.205365 NA 3.371546 0.967559 0.000000 -56.220000 -61.830000
1916 7 18 11 NA 1012.145879 1.720366 NA -0.125549 1.207326 NA 3.342074 0.917342 0.000000 -56.270000 -61.710000
1916 7 18 12 1011.900000 1011.562320 1.805513 NA -0.197207 1.207056 NA 3.313103 0.872070 0.000000 -56.320000 -61.600000
1916 7 18 13 NA 1010.568252 1.755207 NA -0.136768 1.209932 NA 3.283768 0.829039 0.000000 -56.370000 -61.490000
1916 7 18 14 NA 1009.609002 1.699021 NA -0.083008 1.212296 NA 3.254236 0.788240 0.000000 -56.420000 -61.380000
1916 7 18 15 NA 1008.698066 1.636264 NA -0.039347 1.214284 NA 3.223763 0.747464 0.000000 -56.470000 -61.260000
1916 7 18 16 1009.300000 1007.809332 1.568400 NA 0.001318 1.215536 NA 3.193827 0.711232 0.000000 -56.520000 -61.150000
1916 7 18 17 NA 1006.919490 1.503505 NA 0.033740 1.216882 NA 3.158014 0.680756 0.000000 -56.590000 -61.080000
1916 7 18 18 NA 1006.072903 1.435206 NA 0.051002 1.218451 NA 3.117648 0.650161 0.000000 -56.670000 -61.010000
1916 7 18 19 NA 1004.965006 1.542128 NA 0.203465 1.222705 NA 3.081471 0.623803 0.000000 -56.740000 -60.940000
1916 7 18 20 1003.900000 1003.868517 1.643949 NA 0.353745 1.225837 NA 3.045118 0.599431 0.000000 -56.810000 -60.870000
1916 7 18 21 NA 1002.764867 1.742312 NA 0.505820 1.227843 NA 3.009407 0.578422 0.000000 -56.880000 -60.810000
1916 7 18 22 NA 1001.706729 1.835194 NA 0.641679 1.228964 NA 2.968291 0.556323 0.000000 -56.960000 -60.740000
1916 7 18 23 NA 1000.644865 1.920540 NA 0.783918 1.228560 NA 2.931411 0.537911 0.000000 -57.030000 -60.670000
1916 7 19 0 997.900000 999.594900 1.999896 NA 0.922996 1.226945 NA 2.894356 0.521485 0.000000 -57.100000 -60.600000
1916 7 19 1 NA 998.238792 1.955393 NA 1.197206 1.185962 NA 2.849433 0.505069 0.000000 -57.180000 -60.530000
1916 7 19 2 NA 996.855442 1.905135 NA 1.481373 1.146533 NA 2.808583 0.492115 0.000000 -57.250000 -60.460000
1916 7 19 3 NA 995.462900 1.850370 NA 1.765674 1.108759 NA 2.767388 0.481349 0.000000 -57.320000 -60.390000
1916 7 19 4 993.300000 994.063029 1.790925 NA 2.049988 1.072604 NA 2.725877 0.472774 0.000000 -57.390000 -60.320000
1916 7 19 5 NA 992.649563 1.728230 NA 2.328159 1.038791 NA 2.680616 0.465983 0.000000 -57.470000 -60.260000
1916 7 19 6 NA 991.239831 1.658403 NA 2.611951 1.005866 NA 2.638589 0.461786 0.000000 -57.540000 -60.190000
1916 7 19 7 NA 990.527241 1.674851 NA 2.694271 0.970754 NA 2.599993 0.460075 0.000000 -57.610000 -60.120000
1916 7 19 8 987.900000 989.752962 1.690674 NA 2.776529 0.936373 NA 2.556792 0.460243 0.000000 -57.690000 -60.050000
1916 7 19 9 NA 988.909580 1.713007 NA 2.876683 0.901885 NA 2.512293 0.461263 0.000000 -57.760000 -59.980000
1916 7 19 10 NA 988.025252 1.747683 NA 2.979393 0.869104 NA 2.452301 0.459650 0.000000 -57.830000 -59.910000
1916 7 19 11 NA 987.081185 1.781502 NA 3.077055 0.838053 NA 2.385478 0.458387 0.000000 -57.910000 -59.840000
1916 7 19 12 985.300000 986.079325 1.817507 NA 3.187956 0.807195 NA 2.321325 0.457436 0.000000 -57.980000 -59.770000
1916 7 19 13 NA 985.913386 1.803527 NA 3.150763 0.795810 NA 2.259760 0.456867 0.000000 -58.050000 -59.710000
1916 7 19 14 NA 985.721407 1.805982 NA 3.116001 0.784614 NA 2.181007 0.461058 0.000000 -58.120000 -59.640000
1916 7 19 15 NA 985.448313 1.813044 NA 3.082177 0.775295 NA 2.073604 0.474533 0.000000 -58.200000 -59.570000
1916 7 19 16 983.900000 985.081433 1.811274 NA 3.071462 0.766408 NA 1.975107 0.485534 0.000000 -58.270000 -59.500000
1916 7 19 17 NA 984.625482 1.800698 NA 3.083741 0.757742 NA 1.890308 0.494475 0.000000 -58.330000 -59.440000
1916 7 19 18 NA 984.105625 1.782491 NA 3.115225 0.748992 NA 1.814661 0.501268 0.000000 -58.380000 -59.380000
1916 7 19 19 NA 984.336555 1.862092 NA 3.056871 0.775652 NA 1.729229 0.509383 0.000000 -58.440000 -59.320000
1916 7 19 20 982.600000 984.564146 1.927931 NA 3.009254 0.799601 NA 1.648268 0.515031 0.000000 -58.490000 -59.250000
1916 7 19 21 NA 984.748574 1.990885 NA 2.956365 0.823386 NA 1.562185 0.522230 0.000000 -58.550000 -59.190000
1916 7 19 22 NA 984.924022 2.040664 NA 2.915302 0.844652 NA 1.485399 0.527427 0.000000 -58.600000 -59.130000
1916 7 19 23 NA 985.056692 2.086299 NA 2.868637 0.865357 NA 1.398683 0.533748 0.000000 -58.660000 -59.070000
1916 7 20 0 983.900000 985.183034 2.119602 NA 2.833501 0.883616 NA 1.321319 0.538145 0.000000 -58.710000 -59.010000
1916 7 20 1 NA 985.501265 2.060835 NA 2.745452 0.883661 NA 1.231971 0.542738 0.000000 -58.770000 -58.950000
1916 7 20 2 NA 985.853924 1.994817 NA 2.661918 0.884780 NA 1.152112 0.545398 0.000000 -58.820000 -58.890000
1916 7 20 3 NA 986.198920 1.926499 NA 2.566119 0.888991 NA 1.062284 0.548961 0.000000 -58.880000 -58.830000
1916 7 20 4 986.600000 986.585046 1.850561 NA 2.473885 0.893584 NA 0.977023 0.549997 0.000000 -58.930000 -58.760000
1916 7 20 5 NA 986.956570 1.772349 NA 2.370644 0.901729 NA 0.886644 0.552535 0.000000 -58.990000 -58.700000
1916 7 20 6 NA 987.341770 1.688979 NA 2.263698 0.911832 NA 0.795970 0.554585 0.000000 -59.050000 -58.640000
1916 7 20 7 NA 987.750733 1.739117 NA 2.177531 0.935491 NA 0.716530 0.556007 0.000000 -59.100000 -58.580000
1916 7 20 8 987.900000 988.143364 1.787895 NA 2.082304 0.960526 NA 0.626874 0.558251 0.000000 -59.160000 -58.520000
1916 7 20 9 NA 988.550544 1.834223 NA 1.997498 0.983599 NA 0.546799 0.558925 0.000000 -59.210000 -58.460000
1916 7 20 10 NA 988.942890 1.879217 NA 1.903066 1.008079 NA 0.456448 0.560350 0.000000 -59.270000 -58.400000
1916 7 20 11 NA 989.349023 1.922261 NA 1.818981 1.030831 NA 0.375738 0.560275 0.000000 -59.320000 -58.340000
1916 7 20 12 990.600000 989.747532 1.962169 NA 1.723818 1.054983 NA 0.279520 0.559907 0.000000 -59.380000 -58.270000
1916 7 20 13 NA 990.672957 1.889802 NA 1.527175 1.076230 NA 0.198211 0.559060 0.000000 -59.430000 -58.210000
1916 7 20 14 NA 991.580982 1.813959 NA 1.321560 1.100228 NA 0.106530 0.558817 0.000000 -59.490000 -58.150000
1916 7 20 15 NA 992.496323 1.735527 NA 1.127733 1.123805 NA 0.032510 0.559745 0.000000 -59.540000 -58.090000
1916 7 20 16 994.600000 993.395120 1.653117 NA 0.925232 1.150222 NA -0.046533 0.563167 0.000000 -59.600000 -58.030000
1916 7 20 17 NA 994.355095 1.582873 NA 0.785313 1.166930 NA -0.064747 0.560989 0.000000 -59.600000 -57.970000
1916 7 20 18 NA 995.306100 1.518696 NA 0.645994 1.184090 NA -0.086009 0.558447 0.000000 -59.600000 -57.900000
1916 7 20 19 NA 995.914547 1.573930 NA 0.595062 1.211153 NA -0.104263 0.556265 0.000000 -59.600000 -57.840000
1916 7 20 20 998.600000 996.524050 1.627879 NA 0.542097 1.239100 NA -0.125574 0.553716 0.000000 -59.600000 -57.770000
1916 7 20 21 NA 997.121259 1.678675 NA 0.477999 1.269285 NA -0.154307 0.552344 0.000000 -59.610000 -57.710000
1916 7 20 22 NA 997.729692 1.730028 NA 0.422697 1.298244 NA -0.172629 0.550138 0.000000 -59.610000 -57.650000
1916 7 20 23 NA 998.339194 1.779778 NA 0.365023 1.328244 NA -0.194017 0.547560 0.000000 -59.610000 -57.580000
1916 7 21 0 1001.300000 998.947714 1.828495 NA 0.306824 1.358482 NA -0.212348 0.545349 0.000000 -59.610000 -57.520000
1916 7 21 1 NA 1000.477310 1.776601 NA 0.099865 1.373063 NA -0.232538 0.541627 0.000000 -59.610000 -57.460000
1916 7 21 2 NA 1001.999012 1.723584 NA -0.109130 1.387607 NA -0.255787 0.537543 0.000000 -59.610000 -57.390000
1916 7 21 3 NA 1003.512673 1.670477 NA -0.317766 1.401269 NA -0.275968 0.533834 0.000000 -59.610000 -57.330000
1916 7 21 4 1006.600000 1005.017165 1.616149 NA -0.528572 1.414820 NA -0.299207 0.529765 0.000000 -59.610000 -57.260000
1916 7 21 5 NA 1006.508713 1.560160 NA -0.749767 1.429658 NA -0.330303 0.526718 0.000000 -59.620000 -57.200000
1916 7 21 6 NA 1007.999872 1.505240 NA -0.961001 1.441998 NA -0.350524 0.523010 0.000000 -59.620000 -57.140000
1916 7 21 7 NA 1008.513161 1.572471 NA -1.187529 1.479271 NA -0.371845 0.520450 0.000000 -59.620000 -57.070000
1916 7 21 8 1011.900000 1009.030748 1.638202 NA -1.416367 1.516600 NA -0.390097 0.518261 0.000000 -59.620000 -57.010000
1916 7 21 9 NA 1009.549835 1.701692 NA -1.649015 1.554242 NA -0.408348 0.516071 0.000000 -59.620000 -56.950000
1916 7 21 10 NA 1010.068124 1.761455 NA -1.888242 1.592559 NA -0.429669 0.513514 0.000000 -59.620000 -56.880000
1916 7 21 11 NA 1010.590336 1.820278 NA -2.128827 1.630853 NA -0.447921 0.511327 0.000000 -59.620000 -56.820000
1916 7 21 12 1014.600000 1011.112000 1.875000 NA -2.376628 1.669875 NA -0.469242 0.508771 0.000000 -59.620000 -56.750000
1916 7 21 13 NA 1011.516662 1.777477 NA -2.555633 1.676466 NA -0.499201 0.507068 0.000000 -59.630000 -56.690000
1916 7 21 14 NA 1011.924272 1.679582 NA -2.725826 1.681379 NA -0.517840 0.504862 0.000000 -59.630000 -56.630000
1916 7 21 15 NA 1012.331640 1.579791 NA -2.901926 1.686639 NA -0.539557 0.502285 0.000000 -59.630000 -56.560000
1916 7 21 16 1014.600000 1012.742267 1.481849 NA -3.076286 1.691440 NA -0.558195 0.500081 0.000000 -59.630000 -56.500000
1916 7 21 17 1014.600000 1013.154776 1.385392 NA -3.233366 1.693341 NA -0.553646 0.497068 0.000000 -59.610000 -56.440000
1916 7 21 18 NA 1013.569090 1.290673 NA -3.398390 1.696346 NA -0.557480 0.494879 0.000000 -59.600000 -56.390000
1916 7 21 19 NA 1013.425836 1.368554 NA -3.409456 1.730216 NA -0.552249 0.491943 0.000000 -59.580000 -56.330000
1916 7 21 20 1013.300000 1013.285826 1.445034 NA -3.420794 1.764009 NA -0.546802 0.489085 0.000000 -59.560000 -56.270000
1916 7 21 21 NA 1013.149582 1.519430 NA -3.441603 1.799336 NA -0.539616 0.485289 0.000000 -59.550000 -56.210000
1916 7 21 22 NA 1013.016220 1.595229 NA -3.449037 1.832538 NA -0.514070 0.481233 0.000000 -59.530000 -56.160000
1916 7 21 23 NA 1012.885827 1.667403 NA -3.461133 1.866038 NA -0.487875 0.476585 0.000000 -59.510000 -56.100000
1916 7 22 0 1013.300000 1012.759700 1.737760 NA -3.482491 1.901295 NA -0.473420 0.472293 0.000000 -59.500000 -56.040000
1916 7 22 1 NA 1013.632404 1.698178 NA -3.644941 1.906546 NA -0.449163 0.466693 0.000000 -59.480000 -55.990000
1916 7 22 2 NA 1014.483986 1.668542 NA -3.812145 1.910741 NA -0.424192 0.460613 0.000000 -59.460000 -55.930000
1916 7 22 3 NA 1015.331182 1.639160 NA -3.988889 1.916938 NA -0.411201 0.454888 0.000000 -59.450000 -55.870000
1916 7 22 4 1015.900000 1016.170055 1.611569 NA -4.157813 1.921156 NA -0.385659 0.449140 0.000000 -59.430000 -55.810000
1916 7 22 5 NA 1017.006716 1.585031 NA -4.323195 1.925154 NA -0.360297 0.444179 0.000000 -59.410000 -55.760000
1916 7 22 6 NA 1017.836150 1.557982 NA -4.502011 1.931395 NA -0.346671 0.438862 0.000000 -59.400000 -55.700000
1916 7 22 7 NA 1017.278529 1.731961 NA -4.432049 1.933495 NA -0.318223 0.435136 0.000000 -59.380000 -55.640000
1916 7 22 8 1021.200000 1016.736421 1.903472 NA -4.359975 1.935252 NA -0.290008 0.432086 0.000000 -59.360000 -55.590000
1916 7 22 9 NA 1016.203841 2.072106 NA -4.302594 1.939727 NA -0.273692 0.428557 0.000000 -59.350000 -55.530000
1916 7 22 10 NA 1015.681634 2.238826 NA -4.239999 1.941707 NA -0.244305 0.425077 0.000000 -59.330000 -55.470000
1916 7 22 11 NA 1015.172567 2.403323 NA -4.175076 1.943195 NA -0.215224 0.422254 0.000000 -59.310000 -55.420000
1916 7 22 12 1025.200000 1014.673260 2.566012 NA -4.124604 1.947974 NA -0.198218 0.418908 0.000000 -59.300000 -55.360000
1916 7 22 13 NA 1015.778083 2.394981 NA -4.212537 1.930623 NA -0.167892 0.415686 0.000000 -59.280000 -55.300000
1916 7 22 14 NA 1016.875495 2.224522 NA -4.299529 1.912819 NA -0.137213 0.412552 0.000000 -59.260000 -55.240000
1916 7 22 15 NA 1017.966872 2.055615 NA -4.387283 1.897357 NA -0.120249 0.409937 0.000000 -59.250000 -55.190000
1916 7 22 16 1022.600000 1019.050066 1.886181 NA -4.472341 1.878710 NA -0.088984 0.406946 0.000000 -59.230000 -55.130000
1916 7 22 17 NA 1020.139189 1.719688 NA -4.533757 1.858500 NA -0.061392 0.406679 0.000000 -59.210000 -55.120000
1916 7 22 18 NA 1021.222837 1.553418 NA -4.599825 1.838443 NA -0.032907 0.405906 0.000000 -59.190000 -55.100000
1916 7 22 19 NA 1020.954238 1.619740 NA -4.534451 1.855450 NA -0.018716 0.405521 0.000000 -59.180000 -55.090000
1916 7 22 20 1022.600000 1020.686767 1.684875 NA -4.464038 1.869459 NA 0.008967 0.405288 0.000000 -59.160000 -55.080000
1916 7 22 21 NA 1020.421080 1.748806 NA -4.394762 1.883567 NA 0.036704 0.405069 0.000000 -59.140000 -55.070000
1916 7 22 22 NA 1020.153933 1.811158 NA -4.330629 1.897981 NA 0.065429 0.404370 0.000000 -59.120000 -55.050000
1916 7 22 23 NA 1019.891800 1.872713 NA -4.263528 1.912291 NA 0.093303 0.404188 0.000000 -59.100000 -55.040000
1916 7 23 0 1021.200000 1019.629449 1.934916 NA -4.201792 1.929698 NA 0.107695 0.403859 0.000000 -59.090000 -55.030000
1916 7 23 1 NA 1019.846273 1.882307 NA -4.181029 1.924088 NA 0.134719 0.402331 0.000000 -59.070000 -55.010000
1916 7 23 2 NA 1020.065000 1.829872 NA -4.155830 1.918521 NA 0.160835 0.401343 0.000000 -59.050000 -55.000000
1916 7 23 3 NA 1020.282387 1.777283 NA -4.130016 1.913218 NA 0.187017 0.400410 0.000000 -59.030000 -54.990000
1916 7 23 4 1022.600000 1020.495079 1.724236 NA -4.107183 1.908427 NA 0.214355 0.399096 0.000000 -59.010000 -54.970000
1916 7 23 5 NA 1020.709400 1.673374 NA -4.085000 1.906377 NA 0.227047 0.398057 0.000000 -59.000000 -54.960000
1916 7 23 6 NA 1020.923055 1.620347 NA -4.057452 1.901811 NA 0.253444 0.397290 0.000000 -58.980000 -54.950000
1916 7 23 7 NA 1020.686844 1.720798 NA -3.989308 1.883006 NA 0.281949 0.397376 0.000000 -58.960000 -54.940000
1916 7 23 8 1021.200000 1020.450492 1.819207 NA -3.925635 1.864734 NA 0.311701 0.397074 0.000000 -58.940000 -54.920000
1916 7 23 9 NA 1020.218357 1.919555 NA -3.863766 1.848947 NA 0.326622 0.396942 0.000000 -58.930000 -54.910000
1916 7 23 10 NA 1019.990142 2.015341 NA -3.798535 1.830752 NA 0.355321 0.397077 0.000000 -58.910000 -54.900000
1916 7 23 11 NA 1019.762544 2.108957 NA -3.737658 1.813206 NA 0.385342 0.396842 0.000000 -58.890000 -54.880000
1916 7 23 12 1020.600000 1019.540124 2.201336 NA -3.674579 1.795460 NA 0.414191 0.397015 0.000000 -58.870000 -54.870000
1916 7 23 13 NA 1019.741135 2.092173 NA -3.621227 1.766822 NA 0.443264 0.397187 0.000000 -58.850000 -54.860000
1916 7 23 14 NA 1019.938435 1.988027 NA -3.571153 1.740881 NA 0.458574 0.397097 0.000000 -58.840000 -54.850000
1916 7 23 15 NA 1020.136434 1.880179 NA -3.520989 1.713396 NA 0.489119 0.396937 0.000000 -58.820000 -54.830000
1916 7 23 16 1022.600000 1020.334820 1.773654 NA -3.467605 1.685806 NA 0.518387 0.397158 0.000000 -58.800000 -54.820000
1916 7 23 17 NA 1020.549124 1.657408 NA -3.356431 1.643881 NA 0.582420 0.403181 0.000000 -58.740000 -54.950000
1916 7 23 18 NA 1020.752455 1.542292 NA -3.248817 1.604038 NA 0.645698 0.408336 0.000000 -58.680000 -55.070000
1916 7 23 19 NA 1020.612803 1.578531 NA -3.152439 1.565563 NA 0.704826 0.413247 0.000000 -58.620000 -55.200000
1916 7 23 20 1021.200000 1020.480059 1.612174 NA -3.060511 1.529937 NA 0.763378 0.417330 0.000000 -58.560000 -55.320000
1916 7 23 21 NA 1020.355000 1.643259 NA -2.966252 1.496550 NA 0.817930 0.421138 0.000000 -58.500000 -55.450000
1916 7 23 22 NA 1020.236984 1.671414 NA -2.875757 1.465882 NA 0.872084 0.424163 0.000000 -58.440000 -55.570000
1916 7 23 23 NA 1020.121017 1.700134 NA -2.784631 1.439083 NA 0.909508 0.426903 0.000000 -58.390000 -55.700000
1916 7 24 0 1019.900000 1020.016745 1.722068 NA -2.694010 1.413376 NA 0.959445 0.428916 0.000000 -58.330000 -55.820000
1916 7 24 1 NA 1020.781989 1.675589 NA -2.629740 1.394957 NA 1.003133 0.430224 0.000000 -58.270000 -55.950000
1916 7 24 2 NA 1021.535554 1.637269 NA -2.574494 1.380793 NA 1.046707 0.430890 0.000000 -58.210000 -56.070000
1916 7 24 3 NA 1022.277887 1.605086 NA -2.519994 1.370110 NA 1.085677 0.431214 0.000000 -58.150000 -56.200000
1916 7 24 4 1025.200000 1023.022525 1.567930 NA -2.470493 1.359295 NA 1.153064 0.429063 0.000000 -58.090000 -56.320000
1916 7 24 5 1025.200000 1023.765356 1.528650 NA -2.419993 1.349223 NA 1.229078 0.421419 0.000000 -58.030000 -56.450000
1916 7 24 6 NA 1024.473082 1.498939 NA -2.359927 1.339767 NA 1.303833 0.414061 0.000000 -57.970000 -56.580000
1916 7 24 7 NA 1024.928150 1.544910 NA -2.276901 1.352800 NA 1.377965 0.407379 0.000000 -57.910000 -56.700000
1916 7 24 8 NA 1025.395516 1.586861 NA -2.193272 1.364180 NA 1.452485 0.400903 0.000000 -57.850000 -56.830000
1916 7 24 9 NA 1025.877833 1.622970 NA -2.114982 1.373379 NA 1.524295 0.394835 0.000000 -57.790000 -56.950000
1916 7 24 10 NA 1026.377153 1.656091 NA -2.040683 1.381227 NA 1.587582 0.389793 0.000000 -57.740000 -57.080000
1916 7 24 11 NA 1026.886133 1.682961 NA -1.966933 1.386735 NA 1.657166 0.384312 0.000000 -57.680000 -57.200000
1916 7 24 12 1029.200000 1027.408642 1.705714 NA -1.892637 1.390497 NA 1.726955 0.379083 0.000000 -57.620000 -57.330000
1916 7 24 13 NA 1027.370758 1.888799 NA -1.757046 1.386173 NA 1.794304 0.374136 0.000000 -57.560000 -57.450000
1916 7 24 14 NA 1027.352933 2.068494 NA -1.623840 1.381908 NA 1.861724 0.369445 0.000000 -57.500000 -57.580000
1916 7 24 15 NA 1027.354630 2.244088 NA -1.498408 1.377473 NA 1.926680 0.365070 0.000000 -57.440000 -57.700000
1916 7 24 16 NA 1027.376786 2.416309 NA -1.375132 1.372983 NA 1.991619 0.360977 0.000000 -57.380000 -57.830000
1916 7 24 17 NA 1027.388344 2.600545 NA -1.296092 1.370439 NA 1.996244 0.360916 0.000000 -57.380000 -57.870000
1916 7 24 18 NA 1027.399800 2.784621 NA -1.220012 1.367810 NA 1.999714 0.360853 0.000000 -57.380000 -57.900000
1916 7 24 19 NA 1028.529639 2.646626 NA -1.230842 1.344628 NA 2.004146 0.360882 0.000000 -57.380000 -57.940000
1916 7 24 20 NA 1029.662205 2.506723 NA -1.245171 1.321253 NA 2.007427 0.360912 0.000000 -57.380000 -57.970000
1916 7 24 21 NA 1030.799602 2.366473 NA -1.258311 1.298016 NA 2.011850 0.360941 0.000000 -57.380000 -58.010000
1916 7 24 22 NA 1031.938438 2.228980 NA -1.271639 1.275189 NA 2.016267 0.360970 0.000000 -57.380000 -58.050000
1916 7 24 23 NA 1033.078243 2.090018 NA -1.287467 1.252185 NA 2.019535 0.361000 0.000000 -57.380000 -58.080000
1916 7 25 0 1035.900000 1034.223256 1.951508 NA -1.301570 1.229454 NA 2.023941 0.361028 0.000000 -57.380000 -58.120000
1916 7 25 1 NA 1035.131536 1.877938 NA -1.272272 1.216368 NA 2.032947 0.362732 0.000000 -57.380000 -58.160000
1916 7 25 2 NA 1036.035138 1.803811 NA -1.245699 1.202975 NA 2.039819 0.364182 0.000000 -57.380000 -58.190000
1916 7 25 3 NA 1036.938570 1.730995 NA -1.218126 1.189711 NA 2.049834 0.366255 0.000000 -57.380000 -58.230000
1916 7 25 4 1039.900000 1037.843772 1.655553 NA -1.191823 1.176706 NA 2.064433 0.367245 0.000000 -57.370000 -58.260000
1916 7 25 5 1041.200000 1038.742750 1.583551 NA -1.166133 1.163305 NA 2.074382 0.369416 0.000000 -57.370000 -58.300000
1916 7 25 6 NA 1039.639139 1.511952 NA -1.141356 1.149808 NA 2.084337 0.371629 0.000000 -57.370000 -58.340000
1916 7 25 7 NA 1039.860119 1.551370 NA -1.079965 1.133931 NA 2.093579 0.373442 0.000000 -57.370000 -58.370000
1916 7 25 8 NA 1040.081148 1.591526 NA -1.016774 1.118499 NA 2.105956 0.375864 0.000000 -57.370000 -58.410000
1916 7 25 9 NA 1040.301431 1.631259 NA -0.953127 1.103348 NA 2.118348 0.378286 0.000000 -57.370000 -58.450000
1916 7 25 10 NA 1040.520544 1.669619 NA -0.890595 1.088175 NA 2.127626 0.380098 0.000000 -57.370000 -58.480000
1916 7 25 11 NA 1040.739425 1.708557 NA -0.826092 1.073552 NA 2.140045 0.382521 0.000000 -57.370000 -58.520000
1916 7 25 12 1042.600000 1040.957560 1.747072 NA -0.761132 1.059211 NA 2.152478 0.384943 0.000000 -57.370000 -58.560000
1916 7 25 13 NA 1041.087777 1.707197 NA -0.646147 1.050566 NA 2.161960 0.386795 0.000000 -57.370000 -58.590000
1916 7 25 14 NA 1041.216904 1.667541 NA -0.530391 1.042241 NA 2.174560 0.389256 0.000000 -57.370000 -58.630000
1916 7 25 15 NA 1041.344967 1.626650 NA -0.416891 1.033508 NA 2.184020 0.391108 0.000000 -57.370000 -58.660000
1916 7 25 16 1042.600000 1041.471607 1.585821 NA -0.302847 1.025080 NA 2.196593 0.393570 0.000000 -57.370000 -58.700000
1916 7 25 17 NA 1041.562737 1.553606 NA -0.195470 1.014211 NA 2.181930 0.397543 0.000000 -57.410000 -58.740000
1916 7 25 18 NA 1041.652565 1.520775 NA -0.089500 1.003829 NA 2.167853 0.401422 0.000000 -57.450000 -58.780000
1916 7 25 19 1042.600000 1040.898975 1.597836 NA -0.038915 1.003037 NA 2.154319 0.405167 0.000000 -57.490000 -58.820000
1916 7 25 20 NA 1040.133666 1.675381 NA 0.013002 1.002618 NA 2.141385 0.408814 0.000000 -57.530000 -58.860000
1916 7 25 21 NA 1039.356591 1.753406 NA 0.066253 1.002566 NA 2.129051 0.412365 0.000000 -57.570000 -58.900000
1916 7 25 22 NA 1038.567709 1.831907 NA 0.120837 1.002877 NA 2.117318 0.415819 0.000000 -57.610000 -58.940000
1916 7 25 23 NA 1037.766974 1.910883 NA 0.176755 1.003548 NA 2.106185 0.419175 0.000000 -57.650000 -58.980000
1916 7 26 0 1035.900000 1036.954342 1.990329 NA 0.234006 1.004573 NA 2.095652 0.422435 0.000000 -57.690000 -59.020000
1916 7 26 1 NA 1036.160992 1.954458 NA 0.360311 0.995104 NA 2.083681 0.425383 0.000000 -57.730000 -59.060000
1916 7 26 2 NA 1035.356078 1.917428 NA 0.487559 0.985558 NA 2.072277 0.428246 0.000000 -57.770000 -59.100000
1916 7 26 3 NA 1034.539590 1.879179 NA 0.615791 0.975933 NA 2.061437 0.431025 0.000000 -57.810000 -59.140000
1916 7 26 4 1033.200000 1033.735233 1.837131 NA 0.744042 0.966200 NA 2.053154 0.433003 0.000000 -57.840000 -59.170000
1916 7 26 5 1031.900000 1032.896996 1.796444 NA 0.874218 0.956421 NA 2.043288 0.435642 0.000000 -57.880000 -59.210000
1916 7 26 6 NA 1032.047150 1.754374 NA 1.005490 0.946555 NA 2.033976 0.438203 0.000000 -57.920000 -59.250000
1916 7 26 7 NA 1031.857329 1.775432 NA 1.028249 0.919333 NA 2.027313 0.440865 0.000000 -57.960000 -59.290000
1916 7 26 8 NA 1031.678433 1.795263 NA 1.049325 0.891143 NA 2.021234 0.443438 0.000000 -58.000000 -59.330000
1916 7 26 9 NA 1031.486399 1.828253 NA 1.054308 0.863638 NA 2.015740 0.445922 0.000000 -58.040000 -59.370000
1916 7 26 10 NA 1031.304343 1.859434 NA 1.058114 0.836646 NA 2.010828 0.448317 0.000000 -58.080000 -59.410000
1916 7 26 11 NA 1031.132216 1.888807 NA 1.060703 0.810183 NA 1.995954 0.454100 0.000000 -58.120000 -59.450000
1916 7 26 12 1031.200000 1030.969964 1.916371 NA 1.062035 0.784263 NA 1.975627 0.461874 0.000000 -58.160000 -59.490000
1916 7 26 13 NA 1030.425887 1.849474 NA 1.042953 0.775961 NA 1.955504 0.469806 0.000000 -58.200000 -59.530000
1916 7 26 14 NA 1029.888132 1.781271 NA 1.021715 0.768306 NA 1.935511 0.477906 0.000000 -58.240000 -59.570000
1916 7 26 15 NA 1029.356741 1.711780 NA 0.998360 0.761287 NA 1.915650 0.486173 0.000000 -58.280000 -59.610000
1916 7 26 16 1026.600000 1028.831760 1.641020 NA 0.972929 0.754896 NA 1.895919 0.494608 0.000000 -58.320000 -59.650000
1916 7 26 17 NA 1028.455938 1.542921 NA 0.976717 0.744788 NA 1.906166 0.487704 0.000000 -58.290000 -59.610000
1916 7 26 18 NA 1028.075210 1.445906 NA 0.981996 0.734184 NA 1.916511 0.480929 0.000000 -58.260000 -59.570000
1916 7 26 19 NA 1028.303459 1.510028 NA 0.985996 0.747840 NA 1.917438 0.475811 0.000000 -58.240000 -59.530000
1916 7 26 20 1029.200000 1028.550430 1.568369 NA 0.997496 0.760331 NA 1.927963 0.469280 0.000000 -58.210000 -59.490000
1916 7 26 21 NA 1028.793792 1.624976 NA 1.009496 0.772467 NA 1.938586 0.462877 0.000000 -58.180000 -59.450000
1916 7 26 22 NA 1029.030400 1.679628 NA 1.019996 0.784255 NA 1.944826 0.456142 0.000000 -58.150000 -59.400000
1916 7 26 23 NA 1029.266287 1.732563 NA 1.032996 0.795642 NA 1.955658 0.450012 0.000000 -58.120000 -59.360000
1916 7 27 0 1030.600000 1029.478120 1.788273 NA 1.038996 0.807697 NA 1.956985 0.445416 0.000000 -58.100000 -59.320000
1916 7 27 1 NA 1030.247356 1.748305 NA 0.898453 0.831189 NA 1.956879 0.442048 0.000000 -58.070000 -59.280000
1916 7 27 2 NA 1031.005327 1.708210 NA 0.756411 0.854885 NA 1.954940 0.439308 0.000000 -58.040000 -59.240000
1916 7 27 3 NA 1031.752040 1.667940 NA 0.612898 0.878791 NA 1.953503 0.436455 0.000000 -58.010000 -59.200000
1916 7 27 4 1034.600000 1032.476949 1.633939 NA 0.471032 0.903945 NA 1.952565 0.433490 0.000000 -57.980000 -59.160000
1916 7 27 5 1035.900000 1033.176416 1.603565 NA 0.323279 0.929427 NA 1.945975 0.430634 0.000000 -57.960000 -59.120000
1916 7 27 6 NA 1033.872048 1.571392 NA 0.186220 0.954167 NA 1.945952 0.427460 0.000000 -57.930000 -59.080000
1916 7 27 7 NA 1033.776083 1.602318 NA 0.120467 0.983009 NA 1.948287 0.424623 0.000000 -57.900000 -59.040000
1916 7 27 8 NA 1033.684025 1.632551 NA 0.052500 1.011471 NA 1.951079 0.421723 0.000000 -57.870000 -59.000000
1916 7 27 9 NA 1033.591310 1.663451 NA -0.026700 1.040026 NA 1.947875 0.419018 0.000000 -57.850000 -58.960000
1916 7 27 10 NA 1033.505248 1.691326 NA -0.102023 1.067516 NA 1.947569 0.415450 0.000000 -57.820000 -58.910000
1916 7 27 11 NA 1033.426004 1.719694 NA -0.176635 1.094854 NA 1.951714 0.412364 0.000000 -57.790000 -58.870000
1916 7 27 12 1035.200000 1033.350630 1.747470 NA -0.253459 1.121775 NA 1.956315 0.409214 0.000000 -57.760000 -58.830000
1916 7 27 13 NA 1032.056176 1.682744 NA -0.011610 1.124741 NA 1.961323 0.406053 0.000000 -57.730000 -58.790000
1916 7 27 14 NA 1030.774621 1.619763 NA 0.219436 1.128538 NA 1.959935 0.403143 0.000000 -57.710000 -58.750000
1916 7 27 15 NA 1029.519057 1.555601 NA 0.455728 1.131866 NA 1.965755 0.399863 0.000000 -57.680000 -58.710000
1916 7 27 16 1024.800000 1028.283962 1.491746 NA 0.689013 1.135395 NA 1.972016 0.396518 0.000000 -57.650000 -58.670000
1916 7 27 17 NA 1026.978531 1.443098 NA 0.922872 1.143440 NA 1.979581 0.399273 0.000000 -57.660000 -58.710000
1916 7 27 18 NA 1025.682252 1.392015 NA 1.160705 1.150658 NA 1.990494 0.401093 0.000000 -57.660000 -58.740000
1916 7 27 19 NA 1025.044617 1.487422 NA 1.365405 1.116516 NA 1.998261 0.403771 0.000000 -57.670000 -58.780000
1916 7 27 20 1023.900000 1024.399801 1.583202 NA 1.570250 1.081762 NA 2.006175 0.406429 0.000000 -57.680000 -58.820000
1916 7 27 21 NA 1023.747811 1.679339 NA 1.775249 1.046395 NA 2.014237 0.409067 0.000000 -57.690000 -58.860000
1916 7 27 22 NA 1023.114590 1.773069 NA 1.981334 1.010184 NA 2.025316 0.410821 0.000000 -57.690000 -58.890000
1916 7 27 23 NA 1022.449424 1.869799 NA 2.186293 0.973724 NA 2.033581 0.413432 0.000000 -57.700000 -58.930000
1916 7 28 0 1021.200000 1021.777095 1.966843 NA 2.391432 0.936652 NA 2.041993 0.416023 0.000000 -57.710000 -58.970000
1916 7 28 1 NA 1020.832466 1.940580 NA 2.539286 0.893736 NA 2.048566 0.418373 0.000000 -57.720000 -59.010000
1916 7 28 2 NA 1019.911408 1.910970 NA 2.685865 0.850979 NA 2.057801 0.419932 0.000000 -57.720000 -59.040000
1916 7 28 3 NA 1018.952487 1.883434 NA 2.830565 0.807904 NA 2.064491 0.422353 0.000000 -57.730000 -59.080000
1916 7 28 4 1018.600000 1017.985592 1.855207 NA 2.973627 0.764678 NA 2.071278 0.424806 0.000000 -57.740000 -59.120000
1916 7 28 5 1015.900000 1017.010713 1.826294 NA 3.115043 0.721299 NA 2.078162 0.427291 0.000000 -57.750000 -59.160000
1916 7 28 6 NA 1016.065950 1.794508 NA 3.255565 0.678653 NA 2.087428 0.429021 0.000000 -57.750000 -59.190000
1916 7 28 7 NA 1015.932929 1.850198 NA 3.286935 0.656228 NA 2.096534 0.431678 0.000000 -57.760000 -59.230000
1916 7 28 8 NA 1015.806773 1.904558 NA 3.317466 0.634040 NA 2.105786 0.434315 0.000000 -57.770000 -59.270000
1916 7 28 9 NA 1015.687505 1.957593 NA 3.347148 0.612103 NA 2.115184 0.436931 0.000000 -57.780000 -59.310000
1916 7 28 10 NA 1015.608287 2.007855 NA 3.377544 0.591156 NA 2.126686 0.438784 0.000000 -57.780000 -59.340000
1916 7 28 11 NA 1015.501602 2.058440 NA 3.405709 0.569705 NA 2.136283 0.441372 0.000000 -57.790000 -59.380000
1916 7 28 12 1015.900000 1015.401870 2.107718 NA 3.433000 0.548537 NA 2.146027 0.443939 0.000000 -57.800000 -59.420000
1916 7 28 13 NA 1014.560769 2.001233 NA 3.427656 0.577080 NA 2.156116 0.446454 0.000000 -57.810000 -59.460000
1916 7 28 14 NA 1013.753659 1.893013 NA 3.423859 0.606732 NA 2.167991 0.448252 0.000000 -57.810000 -59.490000
1916 7 28 15 NA 1012.919995 1.784389 NA 3.416692 0.636948 NA 2.178307 0.450742 0.000000 -57.820000 -59.530000
1916 7 28 16 1011.900000 1012.090184 1.674556 NA 3.408447 0.668125 NA 2.188784 0.453213 0.000000 -57.830000 -59.570000
1916 7 28 17 NA 1011.494277 1.567528 NA 3.420484 0.694663 NA 2.198379 0.449059 0.000000 -57.770000 -59.510000
1916 7 28 18 NA 1010.889950 1.463075 NA 3.437083 0.719459 NA 2.212969 0.445350 0.000000 -57.710000 -59.460000
1916 7 28 19 NA 1010.903087 1.540114 NA 3.450996 0.743645 NA 2.224847 0.440852 0.000000 -57.650000 -59.400000
1916 7 28 20 1009.300000 1010.883973 1.612654 NA 3.466062 0.766131 NA 2.232235 0.436308 0.000000 -57.600000 -59.340000
1916 7 28 21 NA 1010.876836 1.680137 NA 3.493214 0.786384 NA 2.246633 0.431465 0.000000 -57.540000 -59.280000
1916 7 28 22 NA 1010.854532 1.743235 NA 3.527649 0.805163 NA 2.265640 0.427131 0.000000 -57.480000 -59.230000
1916 7 28 23 NA 1010.827290 1.802009 NA 3.568290 0.821283 NA 2.282556 0.421943 0.000000 -57.420000 -59.170000
1916 7 29 0 1009.900000 1010.789604 1.856659 NA 3.615751 0.835350 NA 2.300788 0.416576 0.000000 -57.360000 -59.110000
1916 7 29 1 NA 1012.329036 1.835300 NA 3.435844 0.879170 NA 2.321927 0.411922 0.000000 -57.300000 -59.060000
1916 7 29 2 NA 1013.810625 1.810267 NA 3.256247 0.921188 NA 2.334995 0.406572 0.000000 -57.250000 -59.000000
1916 7 29 3 NA 1015.265205 1.779067 NA 3.094214 0.959185 NA 2.355824 0.400850 0.000000 -57.190000 -58.940000
1916 7 29 4 1015.900000 1016.674090 1.743209 NA 2.942101 0.994315 NA 2.378086 0.394966 0.000000 -57.130000 -58.880000
1916 7 29 5 1022.600000 1018.038946 1.703785 NA 2.800142 1.027169 NA 2.404308 0.389748 0.000000 -57.070000 -58.830000
1916 7 29 6 NA 1019.357287 1.658984 NA 2.668832 1.056346 NA 2.429305 0.383587 0.000000 -57.010000 -58.770000
1916 7 29 7 NA 1020.208100 1.694009 NA 2.385189 1.110175 NA 2.456740 0.377085 0.000000 -56.950000 -58.710000
1916 7 29 8 NA 1021.040300 1.730872 NA 2.094402 1.167047 NA 2.480598 0.371538 0.000000 -56.900000 -58.660000
1916 7 29 9 NA 1021.853590 1.761450 NA 1.822700 1.221088 NA 2.510420 0.364729 0.000000 -56.840000 -58.600000
1916 7 29 10 NA 1022.646659 1.789521 NA 1.557648 1.275157 NA 2.541546 0.357751 0.000000 -56.780000 -58.540000
1916 7 29 11 NA 1023.423016 1.815834 NA 1.299922 1.329478 NA 2.575872 0.351509 0.000000 -56.720000 -58.490000
1916 7 29 12 1026.600000 1024.174567 1.838446 NA 1.049063 1.383346 NA 2.609494 0.344210 0.000000 -56.660000 -58.430000
1916 7 29 13 NA 1024.623808 1.758037 NA 0.885519 1.413684 NA 2.644418 0.336762 0.000000 -56.600000 -58.370000
1916 7 29 14 NA 1025.080397 1.681269 NA 0.697641 1.449466 NA 2.672925 0.329493 0.000000 -56.550000 -58.310000
1916 7 29 15 NA 1025.539061 1.600823 NA 0.518579 1.486110 NA 2.711828 0.322689 0.000000 -56.490000 -58.260000
1916 7 29 16 1028.600000 1025.997863 1.518948 NA 0.329264 1.525845 NA 2.750442 0.314782 0.000000 -56.430000 -58.200000
1916 7 29 17 NA 1026.472807 1.445523 NA 0.129816 1.570613 NA 2.790034 0.312966 0.000000 -56.380000 -58.200000
1916 7 29 18 NA 1026.944550 1.371484 NA -0.073549 1.617754 NA 2.829626 0.311147 0.000000 -56.330000 -58.200000
1916 7 29 19 NA 1026.751417 1.424553 NA -0.002800 1.637498 NA 2.869218 0.309356 0.000000 -56.280000 -58.200000
1916 7 29 20 1027.200000 1026.567267 1.481264 NA 0.049599 1.659420 NA 2.900891 0.307934 0.000000 -56.240000 -58.200000
1916 7 29 21 NA 1026.381529 1.533596 NA 0.113741 1.681357 NA 2.941423 0.307173 0.000000 -56.190000 -58.210000
1916 7 29 22 NA 1026.200908 1.584369 NA 0.170035 1.704344 NA 2.991546 0.301712 0.000000 -56.140000 -58.210000
1916 7 29 23 NA 1026.024827 1.634359 NA 0.221330 1.728440 NA 3.041825 0.296193 0.000000 -56.090000 -58.210000
1916 7 30 0 1026.600000 1025.853285 1.683566 NA 0.267625 1.753646 NA 3.092104 0.290673 0.000000 -56.040000 -58.210000
1916 7 30 1 NA 1025.772356 1.634892 NA 0.279633 1.732069 NA 3.141474 0.285883 0.000000 -55.990000 -58.210000
1916 7 30 2 NA 1025.671833 1.600519 NA 0.284386 1.709321 NA 3.180759 0.282180 0.000000 -55.950000 -58.210000
1916 7 30 3 NA 1025.560289 1.564655 NA 0.299687 1.686500 NA 3.230058 0.277331 0.000000 -55.900000 -58.210000
1916 7 30 4 1026.600000 1025.447552 1.528862 NA 0.312401 1.665059 NA 3.279320 0.272449 0.000000 -55.850000 -58.210000
1916 7 30 5 NA 1025.330795 1.494160 NA 0.326220 1.644900 NA 3.329125 0.268372 0.000000 -55.800000 -58.220000
1916 7 30 6 NA 1025.215750 1.458594 NA 0.333879 1.626171 NA 3.378265 0.263404 0.000000 -55.750000 -58.220000
1916 7 30 7 NA 1024.930706 1.500682 NA 0.314554 1.640015 NA 3.428464 0.257712 0.000000 -55.700000 -58.220000
1916 7 30 8 1023.900000 1024.651430 1.543337 NA 0.282727 1.655186 NA 3.468624 0.253157 0.000000 -55.660000 -58.220000
1916 7 30 9 NA 1024.355342 1.583149 NA 0.261818 1.670366 NA 3.518790 0.247470 0.000000 -55.610000 -58.220000
1916 7 30 10 NA 1024.053441 1.621761 NA 0.240076 1.686250 NA 3.568938 0.241785 0.000000 -55.560000 -58.220000
1916 7 30 11 NA 1023.745728 1.659176 NA 0.217500 1.702837 NA 3.619069 0.236102 0.000000 -55.510000 -58.220000
1916 7 30 12 1025.200000 1023.423239 1.696073 NA 0.199686 1.719662 NA 3.669448 0.231094 0.000000 -55.460000 -58.230000
1916 7 30 13 NA 1023.348546 1.640155 NA 0.073053 1.687776 NA 3.709466 0.226550 0.000000 -55.420000 -58.230000
1916 7 30 14 NA 1023.250586 1.581881 NA -0.043824 1.656057 NA 3.759488 0.220861 0.000000 -55.370000 -58.230000
1916 7 30 15 NA 1023.143264 1.523498 NA -0.162271 1.624845 NA 3.809510 0.215167 0.000000 -55.320000 -58.230000
1916 7 30 16 1025.200000 1023.026582 1.465004 NA -0.282289 1.594142 NA 3.859533 0.209468 0.000000 -55.270000 -58.230000
1916 7 30 17 NA 1022.884446 1.412757 NA -0.395172 1.562843 NA 3.899708 0.206590 0.000000 -55.230000 -58.260000
1916 7 30 18 NA 1022.739000 1.365092 NA -0.511993 1.531680 NA 3.929736 0.205313 0.000000 -55.200000 -58.300000
1916 7 30 19 NA 1021.962956 1.412628 NA -0.472389 1.535071 NA 3.969459 0.202216 0.000000 -55.160000 -58.330000
1916 7 30 20 1023.900000 1021.196879 1.464517 NA -0.439208 1.539256 NA 3.999035 0.200723 0.000000 -55.130000 -58.370000
1916 7 30 21 NA 1020.426865 1.512448 NA -0.404545 1.544947 NA 4.038304 0.197394 0.000000 -55.090000 -58.400000
1916 7 30 22 NA 1019.678173 1.563049 NA -0.381995 1.551490 NA 4.067532 0.195188 0.000000 -55.060000 -58.430000
1916 7 30 23 NA 1018.902200 1.613283 NA -0.346238 1.559418 NA 4.106244 0.192107 0.000000 -55.020000 -58.470000
1916 7 31 0 1019.900000 1018.158863 1.664242 NA -0.327871 1.568096 NA 4.135083 0.189701 0.000000 -54.990000 -58.500000
1916 7 31 1 NA 1017.469160 1.661357 NA -0.320936 1.556459 NA 4.172521 0.186618 0.000000 -54.950000 -58.540000
1916 7 31 2 NA 1016.799287 1.657803 NA -0.329740 1.544514 NA 4.200141 0.184234 0.000000 -54.920000 -58.570000
1916 7 31 3 NA 1016.085543 1.651969 NA -0.324961 1.533508 NA 4.236874 0.180775 0.000000 -54.880000 -58.610000
1916 7 31 4 1018.600000 1015.369539 1.642521 NA -0.325816 1.522702 NA 4.273537 0.176750 0.000000 -54.840000 -58.640000
1916 7 31 5 1015.900000 1014.667004 1.635176 NA -0.337432 1.511553 NA 4.300331 0.173932 0.000000 -54.810000 -58.670000
1916 7 31 6 NA 1013.915338 1.625055 NA -0.336006 1.501424 NA 4.336011 0.169922 0.000000 -54.770000 -58.710000
1916 7 31 7 NA 1013.658611 1.607118 NA -0.329619 1.503401 NA 4.363383 0.166659 0.000000 -54.740000 -58.740000
1916 7 31 8 NA 1013.361658 1.587286 NA -0.309220 1.506039 NA 4.399599 0.162181 0.000000 -54.700000 -58.780000
1916 7 31 9 NA 1013.103552 1.568946 NA -0.302786 1.507795 NA 4.426606 0.158724 0.000000 -54.670000 -58.810000
1916 7 31 10 1013.900000 1012.813512 1.547327 NA -0.286155 1.510151 NA 4.462852 0.153735 0.000000 -54.630000 -58.840000
1916 7 31 11 NA 1012.545287 1.530039 NA -0.275667 1.511647 NA 4.488967 0.150338 0.000000 -54.600000 -58.880000
1916 7 31 12 1013.900000 1012.252662 1.508382 NA -0.258740 1.513746 NA 4.524781 0.145122 0.000000 -54.560000 -58.910000
1916 7 31 13 NA 1012.390365 1.491152 NA -0.111588 1.508908 NA 4.550320 0.141514 0.000000 -54.530000 -58.950000
1916 7 31 14 NA 1012.514940 1.468991 NA 0.039328 1.504270 NA 4.585550 0.136086 0.000000 -54.490000 -58.980000
1916 7 31 15 NA 1012.670547 1.449737 NA 0.182270 1.498492 NA 4.610636 0.132250 0.000000 -54.460000 -59.020000
1916 7 31 16 1012.600000 1012.816611 1.425676 NA 0.328309 1.492732 NA 4.645413 0.126593 0.000000 -54.420000 -59.050000
1916 7 31 17 NA 1013.067892 1.398047 NA 0.431918 1.486494 NA 4.676753 0.121254 0.000000 -54.390000 -59.000000
1916 7 31 18 NA 1013.320760 1.371430 NA 0.537361 1.479712 NA 4.707597 0.116185 0.000000 -54.360000 -58.960000
1916 7 31 19 1014.600000 1013.470706 1.419339 NA 0.665348 1.493060 NA 4.729179 0.112679 0.000000 -54.340000 -58.920000
1916 7 31 20 NA 1013.615663 1.462309 NA 0.796258 1.506973 NA 4.761084 0.107676 0.000000 -54.310000 -58.870000
1916 7 31 21 NA 1013.770063 1.504237 NA 0.925760 1.521145 NA 4.788259 0.103644 0.000000 -54.280000 -58.820000
1916 7 31 22 NA 1013.924721 1.545792 NA 1.058124 1.535566 NA 4.787244 0.104314 0.000000 -54.250000 -58.780000
1916 7 31 23 NA 1014.088424 1.586379 NA 1.189261 1.550272 NA 4.786510 0.104921 0.000000 -54.220000 -58.740000
1916 8 1 0 1013.900000 1014.285130 1.629859 NA 1.307046 1.564603 NA 4.788317 0.105015 0.000000 -54.200000 -58.690000
1916 8 1 1 NA 1014.610742 1.598041 NA 1.365944 1.573086 NA 4.788484 0.105466 0.000000 -54.170000 -58.640000
1916 8 1 2 NA 1014.928660 1.564798 NA 1.427565 1.581265 NA 4.788026 0.105983 0.000000 -54.140000 -58.600000
1916 8 1 3 NA 1015.257528 1.528635 NA 1.482737 1.589127 NA 4.788942 0.106329 0.000000 -54.110000 -58.550000
1916 8 1 4 1017.200000 1015.578546 1.491352 NA 1.540815 1.596698 NA 4.789151 0.106749 0.000000 -54.080000 -58.510000
1916 8 1 5 1015.900000 1015.924699 1.456307 NA 1.585480 1.603454 NA 4.791857 0.106737 0.000000 -54.060000 -58.460000
1916 8 1 6 NA 1016.248620 1.415290 NA 1.640191 1.610460 NA 4.792681 0.107074 0.000000 -54.030000 -58.420000
1916 8 1 7 NA 1015.996467 1.447175 NA 1.728840 1.591594 NA 4.795564 0.107053 0.000000 -54.000000 -58.370000
1916 8 1 8 NA 1015.726085 1.492533 NA 1.825925 1.570957 NA 4.797542 0.107100 0.000000 -53.970000 -58.330000
1916 8 1 9 NA 1015.483122 1.538621 NA 1.912083 1.551049 NA 4.801893 0.106720 0.000000 -53.950000 -58.280000
1916 8 1 10 NA 1015.215104 1.584190 NA 2.011022 1.530902 NA 4.804388 0.106640 0.000000 -53.920000 -58.240000
1916 8 1 11 NA 1014.957905 1.628915 NA 2.106658 1.511237 NA 4.808471 0.106326 0.000000 -53.890000 -58.190000
1916 8 1 12 1015.300000 1014.692630 1.674654 NA 2.207486 1.491461 NA 4.811531 0.106111 0.000000 -53.860000 -58.150000
1916 8 1 13 NA 1014.679339 1.629887 NA 2.417084 1.484034 NA 4.814742 0.106926 0.000000 -53.830000 -58.100000
1916 8 1 14 NA 1014.679444 1.587320 NA 2.624389 1.477266 NA 4.816246 0.108452 0.000000 -53.810000 -58.060000
1916 8 1 15 NA 1014.682110 1.535875 NA 2.839686 1.471145 NA 4.817606 0.111283 0.000000 -53.760000 -57.990000
1916 8 1 16 1010.600000 1014.693083 1.499923 NA 3.045900 1.464340 NA 4.818249 0.112026 0.000000 -53.750000 -57.970000
1916 8 1 17 NA 1014.650292 1.455434 NA 3.278712 1.454952 NA 4.814703 0.111914 0.000000 -53.720000 -57.990000
1916 8 1 18 1017.200000 1014.612146 1.410000 NA 3.512420 1.444670 NA 4.810498 0.111962 0.000000 -53.680000 -58.010000
1916 8 1 19 NA 1015.847022 1.417803 NA 3.590687 1.414225 NA 4.807858 0.112133 0.000000 -53.650000 -58.020000
1916 8 1 20 NA 1017.057710 1.424927 NA 3.675072 1.382090 NA 4.803930 0.112193 0.000000 -53.610000 -58.040000
1916 8 1 21 NA 1018.268802 1.434895 NA 3.753684 1.350113 NA 4.800778 0.112118 0.000000 -53.580000 -58.060000
1916 8 1 22 1021.200000 1019.463256 1.443143 NA 3.835692 1.317136 NA 4.797008 0.112216 0.000000 -53.540000 -58.080000
1916 8 1 23 NA 1020.659912 1.454008 NA 3.912294 1.284440 NA 4.793994 0.112174 0.000000 -53.510000 -58.100000
1916 8 2 0 1023.900000 1021.860728 1.464216 NA 3.985499 1.252261 NA 4.791589 0.112403 0.000000 -53.480000 -58.110000
1916 8 2 1 NA 1022.374069 1.457586 NA 3.831862 1.253309 NA 4.786552 0.112907 0.000000 -53.440000 -58.130000
1916 8 2 2 NA 1022.894969 1.451888 NA 3.675927 1.254987 NA 4.780109 0.114062 0.000000 -53.410000 -58.150000
1916 8 2 3 NA 1023.397126 1.442478 NA 3.525909 1.255707 NA 4.772784 0.115399 0.000000 -53.370000 -58.170000
1916 8 2 4 1026.600000 1023.918188 1.432927 NA 3.369685 1.257920 NA 4.767969 0.116278 0.000000 -53.340000 -58.180000
1916 8 2 5 1026.600000 1024.425074 1.423766 NA 3.218540 1.259174 NA 4.761052 0.117459 0.000000 -53.310000 -58.200000
1916 8 2 6 NA 1024.910400 1.410112 NA 3.073483 1.259389 NA 4.753194 0.118833 0.000000 -53.270000 -58.220000
1916 8 2 7 NA 1024.402820 1.448443 NA 2.944958 1.302480 NA 4.746505 0.120012 0.000000 -53.240000 -58.240000
1916 8 2 8 NA 1023.877307 1.482874 NA 2.820931 1.344394 NA 4.738860 0.121418 0.000000 -53.200000 -58.260000
1916 8 2 9 NA 1023.378570 1.518731 NA 2.688247 1.387815 NA 4.734062 0.122335 0.000000 -53.170000 -58.270000
1916 8 2 10 NA 1022.852024 1.552334 NA 2.564432 1.429194 NA 4.726133 0.123812 0.000000 -53.130000 -58.290000
1916 8 2 11 NA 1022.340493 1.589084 NA 2.436229 1.471426 NA 4.718911 0.125123 0.000000 -53.100000 -58.310000
1916 8 2 12 1023.900000 1021.827536 1.625443 NA 2.308167 1.513465 NA 4.711559 0.126465 0.000000 -53.070000 -58.330000
1916 8 2 13 NA 1021.171563 1.576615 NA 2.338234 1.498307 NA 4.703275 0.128042 0.000000 -53.030000 -58.350000
1916 8 2 14 NA 1020.543300 1.530129 NA 2.360662 1.485380 NA 4.698125 0.129058 0.000000 -53.000000 -58.360000
1916 8 2 15 NA 1019.883962 1.482021 NA 2.393436 1.471181 NA 4.689544 0.130696 0.000000 -52.960000 -58.380000
1916 8 2 16 1019.900000 1019.238957 1.437861 NA 2.422063 1.458469 NA 4.681768 0.132143 0.000000 -52.930000 -58.400000
1916 8 2 17 NA 1018.667393 1.395680 NA 2.429168 1.449714 NA 4.683236 0.131959 0.000000 -52.920000 -58.390000
1916 8 2 18 NA 1018.095801 1.353442 NA 2.436997 1.441023 NA 4.684728 0.131767 0.000000 -52.910000 -58.380000
1916 8 2 19 NA 1017.450743 1.401126 NA 2.533297 1.439288 NA 4.688846 0.131204 0.000000 -52.900000 -58.360000
1916 8 2 20 1018.600000 1016.791760 1.450431 NA 2.633306 1.437047 NA 4.690524 0.131037 0.000000 -52.890000 -58.350000
1916 8 2 21 NA 1016.149851 1.503192 NA 2.727433 1.435599 NA 4.693147 0.130652 0.000000 -52.890000 -58.340000
1916 8 2 22 NA 1015.491578 1.552126 NA 2.827818 1.433393 NA 4.694866 0.130478 0.000000 -52.880000 -58.330000
1916 8 2 23 NA 1014.833617 1.600847 NA 2.928399 1.431222 NA 4.696613 0.130301 0.000000 -52.870000 -58.320000
1916 8 3 0 1016.600000 1014.175966 1.649357 NA 3.029169 1.429085 NA 4.698385 0.130120 0.000000 -52.860000 -58.310000
1916 8 3 1 NA 1013.430027 1.617205 NA 2.869645 1.398923 NA 4.701492 0.129375 0.000000 -52.850000 -58.290000
1916 8 3 2 NA 1012.661969 1.586715 NA 2.714160 1.368051 NA 4.702086 0.129040 0.000000 -52.840000 -58.280000
1916 8 3 3 NA 1011.887480 1.555767 NA 2.559647 1.336906 NA 4.702702 0.128701 0.000000 -52.830000 -58.270000
1916 8 3 4 1014.600000 1011.106569 1.524360 NA 2.406113 1.305486 NA 4.703339 0.128358 0.000000 -52.820000 -58.260000
1916 8 3 5 1013.300000 1010.349033 1.497390 NA 2.245041 1.274885 NA 4.704820 0.127829 0.000000 -52.820000 -58.250000
1916 8 3 6 NA 1009.557854 1.465273 NA 2.093000 1.243006 NA 4.705489 0.127484 0.000000 -52.810000 -58.240000
1916 8 3 7 NA 1008.955763 1.482737 NA 2.113767 1.247827 NA 4.709891 0.126853 0.000000 -52.800000 -58.220000
1916 8 3 8 NA 1008.341285 1.502957 NA 2.137452 1.252432 NA 4.711720 0.126626 0.000000 -52.790000 -58.210000
1916 8 3 9 NA 1007.726170 1.523657 NA 2.161052 1.256968 NA 4.713571 0.126395 0.000000 -52.780000 -58.200000
1916 8 3 10 NA 1007.110407 1.544837 NA 2.184564 1.261435 NA 4.715445 0.126159 0.000000 -52.770000 -58.190000
1916 8 3 11 NA 1006.493985 1.566494 NA 2.207987 1.265832 NA 4.717341 0.125920 0.000000 -52.760000 -58.180000
1916 8 3 12 1006.600000 1005.876894 1.588627 NA 2.231317 1.270159 NA 4.719261 0.125676 0.000000 -52.750000 -58.170000
1916 8 3 13 NA 1006.531370 1.557443 NA 2.321879 1.279616 NA 4.724691 0.124845 0.000000 -52.750000 -58.150000
1916 8 3 14 NA 1007.148656 1.523220 NA 2.425139 1.287857 NA 4.726761 0.124587 0.000000 -52.740000 -58.140000
1916 8 3 15 NA 1007.766737 1.488368 NA 2.528752 1.296106 NA 4.728858 0.124323 0.000000 -52.730000 -58.130000
1916 8 3 16 1006.600000 1008.385603 1.452884 NA 2.632721 1.304362 NA 4.729718 0.124350 0.000000 -52.720000 -58.120000
1916 8 3 17 NA 1008.815575 1.369789 NA 2.806551 1.302354 NA 4.723991 0.125994 0.000000 -52.630000 -58.100000
1916 8 3 18 NA 1009.240798 1.275241 NA 2.990061 1.298874 NA 4.717421 0.127738 0.000000 -52.530000 -58.080000
1916 8 3 19 NA 1009.929728 1.290334 NA 3.007720 1.299781 NA 4.711072 0.129281 0.000000 -52.440000 -58.060000
1916 8 3 20 1010.600000 1010.618582 1.301199 NA 3.022239 1.299813 NA 4.710320 0.130328 0.000000 -52.350000 -58.040000
1916 8 3 21 NA 1011.307373 1.307851 NA 3.033573 1.298976 NA 4.721186 0.130405 0.000000 -52.260000 -58.020000
1916 8 3 22 NA 1011.973600 1.303425 NA 3.050009 1.295787 NA 4.733306 0.130412 0.000000 -52.160000 -58.000000
1916 8 3 23 NA 1012.664245 1.308974 NA 3.056113 1.293295 NA 4.744230 0.130386 0.000000 -52.070000 -57.980000
1916 8 4 0 1015.300000 1013.369242 1.336140 NA 3.060092 1.289648 NA 4.755184 0.130311 0.000000 -51.980000 -57.960000
1916 8 4 1 NA 1014.259780 1.375723 NA 2.949503 1.315618 NA 4.765215 0.130118 0.000000 -51.890000 -57.940000
1916 8 4 2 NA 1015.114983 1.415415 NA 2.853688 1.336929 NA 4.776397 0.129835 0.000000 -51.790000 -57.920000
1916 8 4 3 NA 1015.967025 1.444851 NA 2.755507 1.357350 NA 4.786283 0.129526 0.000000 -51.700000 -57.900000
1916 8 4 4 NA 1016.970258 1.426056 NA 2.581340 1.395492 NA 4.785069 0.129452 0.000000 -51.700000 -57.900000
1916 8 4 12 1030.600000 1025.446675 1.586725 NA -0.583491 1.557762 NA 4.781633 0.129403 0.000000 -51.700000 -57.900000
1916 8 4 16 NA 1029.032092 1.264094 NA -1.395495 1.536283 NA 4.782304 0.129258 0.000000 -51.700000 -57.900000
1916 8 4 20 1035.900000 1030.315708 1.211253 NA -1.611251 1.444723 NA 4.782640 0.129220 0.000000 -51.700000 -57.900000
1916 8 5 0 NA 1029.297525 1.428203 NA -1.230760 1.283085 NA 4.782640 0.129287 0.000000 -51.700000 -57.900000
1916 8 5 6 NA 1032.674575 1.262814 NA -0.259261 1.175102 NA 4.773200 0.128950 0.000000 -51.700000 -57.900000
1916 8 5 12 1041.200000 1032.870050 1.520210 NA 0.005754 1.249955 NA 4.772296 0.128789 0.000000 -51.700000 -57.900000
1916 8 5 16 NA 1032.867833 1.348715 NA 0.181914 1.336165 NA 4.772899 0.128885 0.000000 -51.700000 -57.900000
1916 8 6 0 NA 1033.516275 1.607330 NA 1.405753 1.450392 NA 4.773200 0.128930 0.000000 -51.700000 -57.900000
1916 8 6 6 NA 1034.405325 1.355702 NA 1.031510 1.638210 NA 4.762022 0.128583 0.000000 -51.700000 -57.900000
1916 8 6 12 NA 1035.134225 1.674403 NA 0.927254 1.608982 NA 4.762788 0.128652 0.000000 -51.700000 -57.900000
1916 8 6 16 1043.900000 1036.173842 1.399666 NA 0.723912 1.641766 NA 4.762277 0.128465 0.000000 -51.700000 -57.900000
1916 8 6 21 NA 1036.649837 1.316461 NA 0.596874 1.607247 NA 4.762022 0.128462 0.000000 -51.700000 -57.900000
1916 8 6 22 1035.900000 1036.635233 1.334516 NA 0.588419 1.590277 NA 4.762022 0.128492 0.000000 -51.700000 -57.900000
1916 8 6 23 NA 1036.620629 1.352570 NA 0.579963 1.573307 NA 4.762022 0.128522 0.000000 -51.700000 -57.900000
1916 8 7 0 NA 1036.606025 1.370625 NA 0.571508 1.556337 NA 4.762022 0.128552 0.000000 -51.700000 -57.900000
1916 8 7 6 NA 1038.137400 1.339550 NA 0.376501 1.491553 NA 4.751677 0.128215 0.000000 -51.700000 -57.900000
1916 8 7 13 1046.600000 1039.058846 1.306166 NA -0.180925 1.485682 NA 4.750826 0.128259 0.000000 -51.700000 -57.900000
1916 8 7 14 NA 1038.295817 1.297068 NA -0.077591 1.473115 NA 4.750826 0.128232 0.000000 -51.700000 -57.900000
1916 8 7 16 NA 1036.769758 1.278872 NA 0.129077 1.447980 NA 4.750826 0.128178 0.000000 -51.700000 -57.900000
1916 8 8 0 NA 1033.840250 1.578684 NA 0.821495 1.304865 NA 4.750826 0.128324 0.000000 -51.700000 -57.900000
1916 8 8 6 NA 1028.969525 1.255220 NA 2.122259 1.382858 NA 4.740482 0.129062 0.000000 -51.700000 -57.900000
1916 8 8 12 1026.600000 1022.874125 1.459636 NA 3.687238 1.263845 NA 4.740261 0.128915 0.000000 -51.700000 -57.900000
1916 8 8 14 NA 1020.748092 1.384587 NA 4.057240 1.240690 NA 4.740335 0.128955 0.000000 -51.700000 -57.900000
1916 8 8 16 NA 1018.622058 1.309537 NA 4.427242 1.217535 NA 4.740408 0.128995 0.000000 -51.700000 -57.900000
1916 8 8 20 1017.200000 1015.595458 1.371305 NA 4.963910 1.074612 NA 4.740408 0.129037 0.000000 -51.700000 -57.900000
1916 8 9 0 NA 1013.794325 1.644938 NA 5.297243 0.835075 NA 4.740261 0.129041 0.000000 -51.700000 -57.900000
1916 8 9 6 NA 1011.871325 1.377346 NA 5.307993 0.789360 NA 4.729297 0.130183 0.000000 -51.700000 -57.900000
1916 8 9 12 1013.300000 1012.353650 1.415520 NA 5.282246 0.678270 NA 4.729297 0.130159 0.000000 -51.700000 -57.900000
1916 8 9 16 NA 1011.502800 1.306623 NA 5.148922 0.665390 NA 4.729154 0.130136 0.000000 -51.700000 -57.900000
1916 8 9 22 NA 1010.808850 1.466515 NA 4.851498 0.677926 NA 4.735636 0.129696 0.000000 -51.640000 -57.900000
1916 8 10 0 NA 1010.662821 1.568610 NA 4.737521 0.687576 NA 4.738124 0.129525 0.000000 -51.617143 -57.900000
1916 8 10 6 NA 1011.522214 1.387126 NA 4.173997 0.745555 NA 4.738116 0.130120 0.000000 -51.548571 -57.900000
1916 8 10 12 1022.600000 1016.807190 1.434456 NA 3.600006 0.941882 NA 4.744672 0.129301 0.000000 -51.480000 -57.900000
1916 8 10 14 NA 1018.044623 1.345024 NA 3.408454 1.019405 NA 4.746839 0.129176 0.000000 -51.460000 -57.900000
1916 8 10 14 NA 1018.044623 1.345024 NA 3.408454 1.019405 NA 4.746839 0.129176 0.000000 -51.460000 -57.900000
1916 8 10 16 1023.900000 1019.293300 1.255375 NA 3.214936 1.097144 NA 4.749019 0.129049 0.000000 -51.440000 -57.900000
1916 8 10 16 NA 1019.293300 1.255375 NA 3.214936 1.097144 NA 4.749019 0.129049 0.000000 -51.440000 -57.900000
1916 8 10 17 NA 1019.921855 1.210470 NA 3.117439 1.136094 NA 4.750114 0.128985 0.000000 -51.430000 -57.900000
1916 8 10 19 1027.900000 1020.577175 1.231703 NA 2.992584 1.166178 NA 4.753495 0.128757 0.000000 -51.400000 -57.900000
1916 8 11 0 NA 1021.253333 1.567633 NA 2.896667 1.122200 NA 4.714867 0.138268 0.000000 -51.333333 -58.400000
1916 8 11 4 1034.600000 1024.470053 1.449801 NA 3.006801 1.157869 NA 4.656697 0.152961 0.000000 -51.280000 -58.800000
1916 8 11 5 NA 1025.256387 1.422923 NA 3.035276 1.166972 NA 4.644713 0.156527 0.000000 -51.260000 -58.900000
1916 8 11 6 NA 1026.030506 1.396739 NA 3.063502 1.176905 NA 4.629520 0.160632 0.000000 -51.250000 -59.010000
1916 8 11 7 NA 1026.616720 1.449431 NA 3.022074 1.190747 NA 4.618503 0.164356 0.000000 -51.230000 -59.120000
1916 8 11 8 1037.200000 1027.186498 1.499033 NA 2.982338 1.203161 NA 4.605437 0.168246 0.000000 -51.220000 -59.230000
1916 8 11 9 NA 1027.758620 1.547154 NA 2.947599 1.212709 NA 4.595602 0.171883 0.000000 -51.200000 -59.340000
1916 8 11 10 NA 1028.315615 1.592420 NA 2.914255 1.220985 NA 4.583380 0.175712 0.000000 -51.190000 -59.450000
1916 8 11 11 NA 1028.874049 1.636052 NA 2.886020 1.226379 NA 4.574726 0.179263 0.000000 -51.170000 -59.560000
1916 8 11 12 1039.900000 1029.418585 1.677046 NA 2.858923 1.230628 NA 4.563348 0.183031 0.000000 -51.160000 -59.670000
1916 8 11 13 NA 1029.782943 1.642048 NA 2.851764 1.229483 NA 4.557174 0.186167 0.000000 -51.140000 -59.770000
1916 8 11 14 NA 1030.130749 1.607809 NA 2.847312 1.228139 NA 4.546624 0.189915 0.000000 -51.130000 -59.880000
1916 8 11 15 NA 1030.467850 1.574501 NA 2.848085 1.225304 NA 4.540303 0.193336 0.000000 -51.110000 -59.990000
1916 8 11 16 1041.200000 1030.719775 1.546260 NA 2.863588 1.221786 NA 4.591178 0.191697 0.000000 -51.100000 -60.100000
1916 8 11 17 1039.900000 1030.901876 1.525173 NA 2.893752 1.217836 NA 4.658967 0.190010 0.000000 -51.140000 -60.270000
1916 8 11 18 NA 1031.056526 1.506276 NA 2.927049 1.213105 NA 4.728568 0.188312 0.000000 -51.180000 -60.440000
1916 8 11 19 NA 1031.086557 1.519806 NA 2.901215 1.232460 NA 4.799983 0.186552 0.000000 -51.220000 -60.610000
1916 8 11 20 NA 1031.100044 1.533008 NA 2.891466 1.249921 NA 4.881098 0.184306 0.000000 -51.250000 -60.790000
1916 8 11 21 NA 1031.096113 1.543103 NA 2.884088 1.268789 NA 4.955965 0.182531 0.000000 -51.290000 -60.960000
1916 8 11 22 NA 1031.075219 1.551413 NA 2.885863 1.287246 NA 5.032644 0.180749 0.000000 -51.330000 -61.130000
1916 8 11 23 NA 1031.037055 1.557833 NA 2.896793 1.305166 NA 5.111136 0.178960 0.000000 -51.370000 -61.300000
1916 8 12 0 1035.900000 1030.981316 1.562261 NA 2.916876 1.322427 NA 5.191441 0.177163 0.000000 -51.410000 -61.470000
1916 8 12 1 NA 1030.542473 1.537229 NA 2.849110 1.325100 NA 5.272714 0.175623 0.000000 -51.450000 -61.640000
1916 8 12 2 NA 1030.117396 1.512469 NA 2.793251 1.326819 NA 5.361201 0.173781 0.000000 -51.490000 -61.820000
1916 8 12 3 NA 1029.719042 1.486039 NA 2.738270 1.329370 NA 5.413778 0.174444 0.000000 -51.530000 -61.990000
1916 8 12 4 1034.600000 1029.223675 1.460459 NA 2.677282 1.325714 NA 5.451448 0.176041 0.000000 -51.560000 -62.160000
1916 8 12 5 NA 1028.736782 1.437913 NA 2.619399 1.320260 NA 5.485966 0.178103 0.000000 -51.600000 -62.330000
1916 8 12 6 NA 1028.270050 1.419232 NA 2.567497 1.312235 NA 5.518838 0.180307 0.000000 -51.640000 -62.500000
1916 8 12 7 1029.200000 1027.065617 1.448743 NA 2.493326 1.286913 NA 5.551348 0.182552 0.000000 -51.680000 -62.670000
1916 8 12 8 NA 1025.833215 1.475145 NA 2.425012 1.260448 NA 5.584770 0.185004 0.000000 -51.720000 -62.850000
1916 8 12 9 NA 1024.597368 1.495859 NA 2.351856 1.235519 NA 5.614358 0.187582 0.000000 -51.760000 -63.020000
1916 8 12 10 NA 1023.346328 1.512307 NA 2.279180 1.210762 NA 5.642507 0.190324 0.000000 -51.800000 -63.190000
1916 8 12 11 NA 1022.080232 1.524516 NA 2.206984 1.186170 NA 5.669217 0.193230 0.000000 -51.840000 -63.360000
1916 8 12 12 1025.200000 1020.798291 1.532721 NA 2.138915 1.161614 NA 5.697625 0.195790 0.000000 -51.870000 -63.530000
1916 8 12 13 NA 1018.926370 1.611528 NA 2.393416 1.162753 NA 5.721467 0.198977 0.000000 -51.910000 -63.700000
1916 8 12 14 NA 1017.029293 1.694953 NA 2.644116 1.165281 NA 5.695683 0.199398 0.000000 -51.950000 -63.880000
1916 8 12 15 NA 1015.129014 1.775756 NA 2.862487 1.172347 NA 5.652145 0.198768 0.000000 -51.990000 -64.050000
1916 8 12 16 NA 1013.202872 1.863615 NA 3.034220 1.182605 NA 5.608652 0.198049 0.000000 -52.030000 -64.220000
1916 8 12 17 NA 1011.320126 1.952146 NA 3.208711 1.193576 NA 5.570311 0.196912 0.000000 -52.060000 -64.380000
1916 8 12 18 NA 1009.460320 2.034060 NA 3.389596 1.203295 NA 5.533596 0.195058 0.000000 -52.080000 -64.550000
1916 8 12 19 NA 1009.031528 1.931351 NA 3.557616 1.171876 NA 5.495595 0.193783 0.000000 -52.110000 -64.710000
1916 8 12 20 NA 1008.623973 1.825594 NA 3.716077 1.144639 NA 5.455860 0.192285 0.000000 -52.140000 -64.880000
1916 8 12 21 NA 1008.273104 1.712352 NA 3.868158 1.122146 NA 5.421240 0.190449 0.000000 -52.160000 -65.040000
1916 8 12 22 1010.600000 1007.933602 1.600966 NA 4.004746 1.104476 NA 5.381547 0.188854 0.000000 -52.190000 -65.210000
1916 8 12 23 NA 1007.648024 1.482854 NA 4.135526 1.090883 NA 5.346964 0.186943 0.000000 -52.210000 -65.370000
1916 8 13 0 1009.300000 1007.375864 1.364915 NA 4.250241 1.082367 NA 5.307325 0.185250 0.000000 -52.240000 -65.540000
1916 8 13 1 NA 1007.665234 1.365630 NA 4.260968 1.032392 NA 5.248066 0.186021 0.000000 -52.270000 -65.700000
1916 8 13 2 NA 1008.006852 1.364701 NA 4.263764 0.982613 NA 5.169618 0.188853 0.000000 -52.290000 -65.870000
1916 8 13 3 NA 1008.396209 1.369872 NA 4.242052 0.937630 NA 5.097070 0.191906 0.000000 -52.320000 -66.030000
1916 8 13 4 1011.900000 1008.858675 1.388393 NA 4.167835 0.905080 NA 5.025354 0.194982 0.000000 -52.350000 -66.200000
1916 8 13 5 NA 1009.378395 1.411102 NA 4.096033 0.872107 NA 4.962206 0.197653 0.000000 -52.370000 -66.360000
1916 8 13 6 NA 1009.932180 1.443328 NA 4.009100 0.842469 NA 4.893334 0.201511 0.000000 -52.400000 -66.530000
1916 8 13 7 NA 1009.316634 1.457938 NA 3.827492 0.885844 NA 4.830271 0.204490 0.000000 -52.430000 -66.690000
1916 8 13 8 1010.600000 1008.682994 1.464089 NA 3.634284 0.930999 NA 4.767514 0.206477 0.000000 -52.450000 -66.860000
1916 8 13 9 NA 1008.000886 1.462981 NA 3.435802 0.977682 NA 4.708558 0.208314 0.000000 -52.480000 -67.020000
1916 8 13 10 NA 1007.284721 1.454080 NA 3.222992 1.027135 NA 4.648477 0.209531 0.000000 -52.510000 -67.190000
1916 8 13 11 NA 1006.549796 1.435283 NA 3.009790 1.076837 NA 4.594361 0.209938 0.000000 -52.530000 -67.350000
1916 8 13 12 1009.300000 1005.764416 1.409286 NA 2.780246 1.130024 NA 4.545007 0.209890 0.000000 -52.560000 -67.520000
1916 8 13 13 NA 1006.324834 1.402087 NA 2.743720 1.136363 NA 4.544839 0.209838 0.000000 -52.580000 -67.680000
1916 8 13 14 NA 1006.871663 1.392494 NA 2.716040 1.142153 NA 4.544672 0.209787 0.000000 -52.610000 -67.850000
1916 8 13 15 NA 1007.423700 1.380875 NA 2.712617 1.144511 NA 4.544504 0.209735 0.000000 -52.640000 -68.010000
1916 8 13 16 1013.300000 1007.977548 1.374789 NA 2.747081 1.141749 NA 4.544336 0.209683 0.000000 -52.660000 -68.180000
1916 8 13 17 NA 1008.516282 1.367118 NA 2.791399 1.136712 NA 4.544168 0.209632 0.000000 -52.690000 -68.340000
1916 8 13 18 NA 1009.051386 1.356229 NA 2.839129 1.130965 NA 4.544000 0.209580 0.000000 -52.720000 -68.510000
1916 8 13 19 NA 1009.624474 1.378799 NA 2.632147 1.170354 NA 4.544168 0.209618 0.000000 -52.740000 -68.670000
1916 8 13 20 1017.200000 1010.196547 1.401436 NA 2.419204 1.209079 NA 4.544336 0.209657 0.000000 -52.770000 -68.840000
1916 8 13 21 NA 1010.792500 1.423440 NA 2.205006 1.245800 NA 4.544504 0.209695 0.000000 -52.800000 -69.000000
1916 8 13 22 NA 1011.428972 1.443113 NA 1.978703 1.281885 NA 4.544672 0.209733 0.000000 -52.820000 -69.170000
1916 8 13 23 NA 1012.068854 1.462962 NA 1.755033 1.315816 NA 4.544839 0.209772 0.000000 -52.850000 -69.330000
1916 8 14 0 1019.900000 1012.731500 1.481056 NA 1.523002 1.348760 NA NA NA NA -52.880000 -69.500000
1916 8 14 1 NA 1012.623255 1.774212 NA 1.353486 1.360414 NA NA NA NA -52.900000 -69.660000
1916 8 14 2 NA 1012.504692 2.087281 NA 1.187598 1.370547 NA NA NA NA -52.930000 -69.830000
1916 8 14 3 NA 1012.410514 2.418654 NA 1.021367 1.379180 NA NA NA NA -52.950000 -69.990000
1916 8 14 4 NA 1012.290745 2.791389 NA 0.952125 1.379033 NA NA NA NA -52.980000 -70.160000
1916 8 14 8 NA 1013.537325 3.113315 NA 0.819172 1.375853 NA NA NA NA -53.100000 -70.900000
1916 8 14 12 NA NA NA NA NA NA NA NA NA NA NA NA
1916 8 14 18 NA NA NA NA NA NA NA NA NA NA NA NA
1916 8 15 0 NA NA NA NA NA NA NA NA NA NA NA NA
1916 8 15 6 NA NA NA NA NA NA NA NA NA NA NA NA
1916 8 15 12 NA NA NA NA NA NA NA NA NA NA NA NA
1916 8 15 18 NA NA NA NA NA NA NA NA NA NA NA NA
1916 8 16 0 NA NA NA NA NA NA NA NA NA NA NA NA
1916 8 16 6 NA NA NA NA NA NA NA NA NA NA NA NA
1916 8 16 12 NA NA NA NA NA NA NA NA NA NA NA NA
1916 8 16 18 NA NA NA NA NA NA NA NA NA NA NA NA
1916 8 17 0 NA NA NA NA NA NA NA NA NA NA NA NA
1916 8 17 6 NA NA NA NA NA NA NA NA NA NA NA NA
1916 8 17 12 NA NA NA NA NA NA NA NA NA NA NA NA
1916 8 17 18 NA NA NA NA NA NA NA NA NA NA NA NA
1916 8 18 0 NA NA NA NA NA NA NA NA NA NA NA NA
1916 8 18 6 NA NA NA NA NA NA NA NA NA NA NA NA
1916 8 18 12 NA NA NA NA NA NA NA NA NA NA NA NA
1916 8 18 18 NA NA NA NA NA NA NA NA NA NA NA NA
1916 8 19 0 NA NA NA NA NA NA NA NA NA NA NA NA
1916 8 19 6 NA NA NA NA NA NA NA NA NA NA NA NA
1916 8 19 12 NA NA NA NA NA NA NA NA NA NA NA NA
1916 8 19 18 NA NA NA NA NA NA NA NA NA NA NA NA
1916 8 20 0 NA NA NA NA NA NA NA NA NA NA NA NA
1916 8 20 6 NA NA NA NA NA NA NA NA NA NA NA NA
1916 8 20 12 NA NA NA NA NA NA NA NA NA NA NA NA
1916 8 20 18 NA NA NA NA NA NA NA NA NA NA NA NA
1916 8 21 0 NA NA NA NA NA NA NA NA NA NA NA NA
1916 8 21 6 NA NA NA NA NA NA NA NA NA NA NA NA
1916 8 21 12 NA NA NA NA NA NA NA NA NA NA NA NA
1916 8 21 18 NA NA NA NA NA NA NA NA NA NA NA NA
1916 8 22 0 NA NA NA NA NA NA NA NA NA NA NA NA
1916 8 22 6 NA NA NA NA NA NA NA NA NA NA NA NA
1916 8 22 12 NA NA NA NA NA NA NA NA NA NA NA NA
1916 8 22 18 NA NA NA NA NA NA NA NA NA NA NA NA
1916 8 23 0 NA NA NA NA NA NA NA NA NA NA NA NA
1916 8 23 6 NA NA NA NA NA NA NA NA NA NA NA NA
1916 8 23 12 NA NA NA NA NA NA NA NA NA NA NA NA
1916 8 23 18 NA NA NA NA NA NA NA NA NA NA NA NA
1916 8 24 0 NA NA NA NA NA NA NA NA NA NA NA NA
1916 8 24 6 NA NA NA NA NA NA NA NA NA NA NA NA
1916 8 24 12 NA NA NA NA NA NA NA NA NA NA NA NA
1916 8 24 18 NA NA NA NA NA NA NA NA NA NA NA NA
1916 8 25 0 NA NA NA NA NA NA NA NA NA NA NA NA
1916 8 25 5 NA NA NA NA NA NA NA NA NA NA NA NA
1916 8 25 12 NA NA NA NA NA NA NA NA NA NA NA NA
1916 8 25 18 NA NA NA NA NA NA NA NA NA NA NA NA
1916 8 25 23 NA NA NA NA NA NA NA NA NA NA NA NA
1916 8 25 22 NA NA NA NA NA NA NA NA NA NA NA NA
1916 8 26 0 NA NA NA NA NA NA NA NA NA NA NA NA
1916 8 26 6 NA NA NA NA NA NA NA NA NA NA NA NA
1916 8 26 12 NA NA NA NA NA NA NA NA NA NA NA NA
1916 8 26 17 NA 1011.868107 2.225937 NA 3.561071 1.185003 NA 5.801051 0.268974 0.000000 -54.880000 -70.400000
1916 8 27 0 NA 1018.275167 2.680931 NA 2.724016 1.251077 NA 5.921432 0.314356 0.000000 -54.918889 -69.326667
1916 8 27 6 NA 1015.928589 5.017785 NA 2.307643 1.238893 NA 5.721347 0.322441 0.000000 -54.952222 -68.406667
1916 8 27 11 NA 1025.058982 3.970016 NA 2.217059 1.174111 NA 5.556875 0.330614 0.000000 -54.980000 -67.640000
1916 8 27 15 NA 1027.176250 3.780600 NA 2.537500 1.210000 NA 4.794541 0.354095 0.000000 -55.000000 -67.000000
1916 8 28 0 NA 1028.377611 4.246351 NA 2.350647 1.325299 NA 4.437703 0.347658 0.000000 -55.342000 -66.496000
1916 8 28 6 NA 1023.756632 5.987512 NA 2.094952 1.406047 NA 4.275683 0.323920 0.000000 -55.570000 -66.160000
1916 8 28 12 NA 1026.536788 5.511500 NA 1.924148 1.324475 NA 4.150578 0.303391 0.000000 -55.798000 -65.824000
1916 8 28 16 NA 1025.893583 5.377017 NA 2.189000 1.371077 NA 4.127520 0.284906 0.000000 -55.950000 -65.600000
1916 8 29 0 NA 1023.054409 6.352287 NA 1.983950 1.580706 NA 3.002985 0.412169 0.000000 -57.066667 -63.943333
1916 8 29 6 NA 1020.715630 7.545853 NA 1.915305 1.749676 NA 2.390598 0.447984 0.000000 -57.904167 -62.700833
1916 8 29 12 NA 1017.865562 7.741258 NA 1.074170 1.560463 NA 2.186673 0.367645 0.027961 -58.741667 -61.458333
1916 8 29 16 NA 1016.661972 7.909086 NA 0.368972 1.433674 NA 2.176063 0.305497 0.080038 -59.300000 -60.630000
1916 8 30 0 NA 1015.900150 7.715211 NA -0.808246 1.272633 NA 1.519030 0.291921 0.168152 -59.900000 -58.700000
1916 8 30 6 NA 1015.560341 7.524751 NA -1.601490 1.384645 NA NA 0.444061 0.229747 -60.315000 -57.300000
1916 8 30 12 NA 1018.515170 6.700349 NA -2.432670 1.485388 NA NA 0.585973 0.294669 -60.730000 -55.900000
1916 8 30 18 NA 1021.073998 5.970807 NA -1.343949 1.395032 NA NA 0.412929 0.257098 -60.487857 -56.611429
1916 8 31 16 NA 1017.018647 6.547798 NA 0.256929 1.053533 NA 1.777677 0.243712 0.135067 -59.600000 -59.220000
1916 9 1 16 NA 1002.958596 3.404816 NA 4.153044 0.744411 NA 4.002231 0.366741 0.000000 -55.630000 -64.420000
