1916 4 24 16 NA 1011.270442 7.293984 NA -0.663408 2.267268 NA 1.099950 0.332580 0.050378 -61.100000 -54.900000
1916 4 24 20 NA 1012.553829 7.220103 NA 0.031143 2.031450 NA 1.149867 0.334637 0.043379 -60.940000 -54.890000
1916 4 25 0 NA 1012.984818 7.287380 NA 0.176844 1.777983 NA 1.197145 0.337754 0.034981 -60.751429 -54.878571
1916 4 25 6 NA 1015.682260 6.655735 NA 0.116949 1.706349 NA 1.200253 0.351872 0.022476 -60.468571 -54.861429
1916 4 25 10 NA 1015.718990 6.295728 NA -0.030080 1.726804 NA 1.227446 0.360125 0.013568 -60.280000 -54.850000
1916 4 25 16 NA 1018.204200 5.915261 NA 0.315995 1.718342 NA 1.258518 0.372031 0.000068 -60.000000 -54.830000
1916 4 26 0 NA 1017.276573 6.012898 NA 0.280208 1.691008 NA 1.197064 0.391813 0.000000 -59.920000 -53.428261
1916 4 26 6 NA 1018.755547 5.962330 NA 0.454914 1.823426 NA 1.018471 0.409742 0.000000 -59.860000 -52.376957
1916 4 26 12 NA 1015.748369 6.316404 NA 0.298499 1.857266 NA 0.842863 0.429430 0.000000 -59.800000 -51.325652
1916 4 26 15 NA 1014.569385 6.593158 NA 0.384694 1.868727 NA 0.751728 0.440554 0.000000 -59.770000 -50.800000
1916 4 26 18 NA 1013.322930 6.953988 NA 0.545489 1.912563 NA 0.752122 0.440578 0.000000 -59.770000 -50.800000
1916 4 27 0 NA 1011.420280 7.990240 NA 0.940910 1.920885 NA 0.750515 0.440564 0.000000 -59.770000 -50.800000
1916 4 27 6 NA 1012.176760 8.785916 NA 1.699499 2.020926 NA 0.706874 0.442685 0.000000 -59.770000 -50.800000
1916 4 27 12 NA 1015.116020 10.022085 NA 1.576495 1.907534 NA 0.706874 0.442493 0.000000 -59.770000 -50.800000
1916 4 27 15 NA 1016.478020 9.967947 NA 1.340295 1.844962 NA 0.707185 0.442515 0.000000 -59.770000 -50.800000
1916 4 27 18 NA 1017.925124 9.914788 NA 1.078797 1.784685 NA 0.679570 0.441933 0.000000 -59.782500 -50.733750
1916 4 28 0 NA 1013.653869 10.793718 NA 0.966820 1.721196 NA 0.623717 0.439891 0.000000 -59.807500 -50.601250
1916 4 28 6 NA 1008.377476 11.020953 NA 1.174991 1.644500 NA 0.545623 0.434619 0.000000 -59.832500 -50.468750
1916 4 28 12 NA 998.088199 11.673950 NA 0.854616 1.638992 NA 0.491673 0.429904 0.000000 -59.857500 -50.336250
1916 4 28 15 NA 996.726635 11.610172 NA 0.325989 1.755106 NA 0.464138 0.427720 0.000000 -59.870000 -50.270000
1916 4 28 18 NA 995.237845 11.433445 NA 0.020489 1.877933 NA 0.611908 0.444479 0.000000 -59.715000 -50.236250
1916 4 29 0 NA 996.149288 10.421981 NA -0.376498 2.138864 NA 0.910266 0.476810 0.000000 -59.405000 -50.168750
1916 4 29 6 NA 996.328399 9.398729 NA -0.366138 2.270157 NA 1.186355 0.504678 0.000000 -59.095000 -50.101250
1916 4 29 12 NA 998.402981 8.768859 NA -0.768821 2.366277 NA 1.488672 0.531164 0.000000 -58.785000 -50.033750
1916 4 29 15 NA 998.943600 8.141773 NA -0.534756 2.449417 NA 1.640906 0.543752 0.000000 -58.630000 -50.000000
1916 4 29 18 NA 999.502842 7.535320 NA -0.336952 2.528120 NA 1.748082 0.542634 0.000000 -58.497500 -49.825000
1916 4 30 0 NA 999.808736 8.255340 NA -0.090075 2.525494 NA 1.968147 0.533442 0.000000 -58.232500 -49.475000
1916 4 30 6 NA 996.898971 6.901017 NA -0.310098 2.488928 NA 2.144015 0.496403 0.000000 -57.967500 -49.125000
1916 4 30 12 NA 997.093561 6.426918 NA -0.555738 2.503089 NA 2.330043 0.455065 0.000000 -57.702500 -48.775000
1916 4 30 15 NA 998.357600 6.198076 NA -0.698499 2.375499 NA 2.418763 0.446857 0.000000 -57.570000 -48.600000
1916 4 30 18 NA 999.770435 6.026802 NA -0.951181 2.248406 NA 2.450454 0.444476 0.000000 -57.521250 -48.527500
1916 5 1 0 NA 1001.971829 5.802149 NA -0.877921 2.089990 NA 2.517289 0.439825 0.000000 -57.423750 -48.382500
1916 5 1 6 NA 999.954458 4.950559 NA -0.823868 1.875237 NA 2.567958 0.428996 0.000000 -57.326250 -48.237500
1916 5 1 12 NA 998.175472 4.476239 NA -0.815525 1.735971 NA 2.641489 0.425011 0.000000 -57.228750 -48.092500
1916 5 1 15 NA 998.392443 4.220723 NA -0.720083 1.712555 NA 2.679515 0.423222 0.000000 -57.180000 -48.020000
1916 5 1 18 NA 998.585051 3.962966 NA -0.616438 1.681879 NA 2.723082 0.420297 0.000000 -57.120000 -47.888750
1916 5 2 0 NA 1000.752597 4.788254 NA -0.246722 1.937113 NA 2.815856 0.414765 0.000000 -57.000000 -47.626250
1916 5 2 6 NA 999.752730 5.429382 NA -0.111252 2.210911 NA 2.894720 0.408612 0.000000 -56.880000 -47.363750
1916 5 2 12 NA 997.740037 5.697800 NA 1.051451 2.179442 NA 3.003161 0.404275 0.000000 -56.760000 -47.101250
1916 5 2 15 NA 997.929844 5.563764 NA 1.412288 2.025517 NA 3.060030 0.402353 0.000000 -56.700000 -46.970000
1916 5 2 18 NA 998.169716 5.440640 NA 1.761198 1.873972 NA 3.104664 0.405360 0.000000 -56.640000 -46.802500
1916 5 3 0 NA 998.759735 6.258403 NA 2.593627 1.762182 NA 3.165300 0.428917 0.000000 -56.520000 -46.467500
1916 5 3 6 NA 998.073845 4.310459 NA 3.597705 1.513702 NA 3.206937 0.463341 0.000000 -56.400000 -46.132500
1916 5 3 12 NA 995.584665 4.052484 NA 4.123256 1.361724 NA 3.274354 0.499561 0.000000 -56.280000 -45.797500
1916 5 3 15 NA 994.062787 3.416980 NA 4.139541 1.260626 NA 3.309242 0.520017 0.000000 -56.220000 -45.630000
1916 5 3 18 NA 992.599930 2.768937 NA 4.217337 1.145748 NA 3.362965 0.528817 0.000000 -56.132500 -45.516250
1916 5 4 0 NA 990.828831 2.655413 NA 4.466693 1.053657 NA 3.442191 0.534021 0.000000 -55.957500 -45.288750
1916 5 4 6 NA 989.794079 2.554693 NA 4.595841 0.877978 NA 3.503209 0.543868 0.000000 -55.782500 -45.061250
1916 5 4 12 NA 989.875569 2.612779 NA 4.346238 0.758668 NA 3.545887 0.523117 0.000000 -55.607500 -44.833750
1916 5 4 15 NA 990.968048 2.587262 NA 4.251992 0.841549 NA 3.557825 0.508654 0.000000 -55.520000 -44.720000
1916 5 4 18 NA 991.955024 2.523679 NA 4.229747 0.912599 NA 3.527634 0.482334 0.000000 -55.392500 -44.455000
1916 5 5 0 NA 991.425848 3.835118 NA 3.516508 0.918667 NA 3.446247 0.429008 0.000000 -55.137500 -43.925000
1916 5 5 6 NA 1000.368691 3.303659 NA 3.930650 0.973233 NA 3.318679 0.376089 0.000000 -54.882500 -43.395000
1916 5 5 12 NA 1006.158136 3.304369 NA 3.932800 1.075968 NA 3.216246 0.331317 0.000000 -54.627500 -42.865000
1916 5 5 15 NA 1007.760875 3.089825 NA 3.822498 1.100862 NA 3.174147 0.316648 0.000000 -54.500000 -42.600000
1916 5 5 18 NA 1009.431105 2.888526 NA 3.598852 1.160194 NA 3.084941 0.314477 0.000000 -54.492500 -42.367500
1916 5 5 23 NA 1008.232959 3.303652 NA 3.155533 1.238929 NA 2.935464 0.311150 0.000000 -54.480000 -41.980000
1916 5 6 0 NA 1007.993605 3.393289 NA 3.059449 1.258230 NA 2.905448 0.310467 0.000000 -54.476875 -41.901875
1916 5 6 6 NA 1013.925179 2.306413 NA 2.434561 1.254711 NA 2.700507 0.305975 0.000000 -54.458125 -41.433125
1916 5 6 12 NA 1011.783307 2.152713 NA 2.096086 1.482619 NA 2.574109 0.298696 0.000000 -54.439375 -40.964375
1916 5 6 15 NA 1011.397854 2.210963 NA 2.138418 1.472917 NA 2.527710 0.294332 0.000000 -54.430000 -40.730000
1916 5 6 16 NA 1011.251168 2.241646 NA 2.164981 1.467357 NA 2.514205 0.294220 0.000000 -54.440000 -40.680000
1916 5 7 0 NA 1008.899132 3.883917 NA 2.138867 1.563187 NA 2.418283 0.292699 0.000000 -54.506087 -40.304348
1916 5 7 6 NA 1009.309941 2.439354 NA 2.105610 1.462744 NA 2.329355 0.292795 0.000000 -54.555652 -40.022609
1916 5 7 12 NA 1009.712215 2.312118 NA 2.134867 1.418310 NA 2.261679 0.291638 0.000000 -54.605217 -39.740870
1916 5 7 15 NA 1010.067820 2.268329 NA 2.337603 1.393711 NA 2.228835 0.290956 0.000000 -54.630000 -39.600000
1916 5 7 18 NA 1010.374995 2.163863 NA 2.544934 1.355072 NA 2.191309 0.283812 0.000000 -54.589565 -39.264783
1916 5 8 0 NA 1011.632199 3.405884 NA 2.465397 1.360343 NA 2.205406 0.273647 0.000000 -54.508696 -38.594348
1916 5 8 6 NA 1008.395253 1.484262 NA 2.885052 1.325977 NA 2.221205 0.266687 0.000000 -54.427826 -37.923913
1916 5 8 14 NA 999.697565 1.454598 NA 3.515101 1.248616 NA 2.294868 0.251964 0.000000 -54.320000 -37.030000
1916 5 8 17 NA 994.918400 1.560884 NA 3.835454 1.261881 NA 2.282943 0.253425 0.000000 -54.340000 -37.040000
1916 5 8 19 NA 993.210403 1.995015 NA 3.813820 1.262612 NA 2.277043 0.254121 0.000000 -54.350000 -37.040000
1916 5 9 0 NA 992.617004 3.984623 NA 3.167536 1.250596 NA 2.258016 0.256462 0.000000 -54.381579 -37.053158
1916 5 9 6 NA 985.909742 1.864671 NA 1.980205 1.554927 NA 2.217842 0.262915 0.000000 -54.419474 -37.068947
1916 5 9 14 NA 991.316078 1.735088 NA 0.759114 1.412772 NA 2.188480 0.266460 0.000000 -54.470000 -37.090000
1916 5 9 19 NA 996.256146 2.129511 NA 0.257918 1.375688 NA 2.171042 0.268660 0.000000 -54.500000 -37.100000
1916 5 10 0 NA 1000.772038 4.078971 NA 0.065378 1.543464 NA 2.217568 0.263601 0.000000 -54.417857 -37.142857
1916 5 10 6 NA 1003.288002 1.595401 NA 0.300259 1.759397 NA 2.255221 0.261941 0.000000 -54.319286 -37.194286
1916 5 10 9 NA 1000.834379 1.501934 NA 0.720138 1.740457 NA 2.278852 0.260329 0.000000 -54.270000 -37.220000
1916 5 10 12 NA 998.392798 1.414341 NA 1.138054 1.717790 NA 2.295278 0.261336 0.000000 -54.219000 -37.244000
1916 5 10 19 NA 999.959450 4.136748 NA 1.812590 1.679377 NA 2.333583 0.263037 0.000000 -54.100000 -37.300000
1916 5 11 14 NA 990.800128 1.440530 NA 2.700171 1.673039 NA 2.309354 0.267064 0.000000 -54.120000 -37.210000
1916 5 12 14 NA 997.180041 1.421635 NA 1.909246 1.830356 NA 2.286881 0.265019 0.000000 -54.140000 -37.110000
1916 5 13 14 NA 1001.385908 1.426694 NA 2.533408 1.553678 NA 2.260791 0.256491 0.000000 -54.170000 -37.000000
