	"A VOYAGE ROUND THE WORLD IN THE YEARS 1803, 4, 5 & 6"						
	"UREY LISIANSKY, CAPTAIN"						

Pg. 341		THE ROUTE OF THE NEVA. OBS TAKEN AT NOON:					

YEAR	MONTH	DAY	LAT	LONG	BAR	THER 	VAR. OF 
							COMPASS WEST
1803	10	6	49 5 N	6 30 W	30.10	58.0	
		7			29.90	61.0	
		8			29.80	62.5	
		9	41 28		29.80	61.5	
		10	38 44	13 55	29.70	66.0	18 12
		11	35 55	14 48	29.60	69.0	
		12	34 47	15 1	29.60	70.0	19 16
		13	34 8	13 50	29.65	71.0	19 2
		14			29.65	71.0		
		15	33 23	13 47	29.75	71.0		
		16	32 43	13 47	29.80	72.0	16 22	
		17	31 23	14 48	30.00	72.0		
		18	30 8	15 14	30.00	72.0		
		19	28 58	15 50	29.95	75.0		
		20			29.90	74.0	15 22	Anchored in Santa Cruz
		28	27 48		29.50	75.0		
		29	26 13		29.50	75.0	16 11	
		30	24 53	18 9	29.90	75.5	15 21	
		31	23 52		29.90	75.0		
	11	1	23 9	19 32	29.90	84.0		
		2	22 37	20 2	29.90	79.0	15 14	
		3	21 49	20 46	29.90	80.0	15 4	
		4	20 12	22 26	29.85	79.0	14 22	
		5	18 48	24 9	29.90	80.0	13 40	
		6	17 58	25 23	29.90	81.0	
		7	17 7		29.90	82.0	10 0
		8	15 34	26 36	29.90	81.0	7 58
		9	14 54	27 7	29.85	83.0	6 38
		10	13 53	27 13	29.90	82.0	
		11	12 47	26 23	29.90	83.0	5 55
		12	11 13	25 10	29.90	84.0	11 7
		13	9 45	23 27	29.85	83.0	13 38
		14	8 5	21 57	29.85	84.0	
		15	7 3	21 31	29.85	84.0	10 35
		16	6 0	21 8	29.85	85.0	11 4
		17	5 35	21 18	29.80	80.0	11 43
		18	5 46	21 18	29.80	83.0	
		19	5 36		29.80	80.0	
		20			29.80	80.0	
		21			29.75	79.0	
		22	4 42	21 28	29.75	81.5	
		23	4 13	22 7	29.80	83.0	10 50
		24			29.85	75.0	10 43
		25	1 34	22 57	29.80	81.0	9 40
		26	00 10 S	24 9	29.80	81.0	8 18
		27	1 45	25 12	29.85	82.0	7 22
		28	3 21	26 10	29.85	81.0	7 21
		29	4 57	27 15	29.80	81.0	7 32
		30	6 30	28 16	29.85	81.0	6 44
	12	1	8 27	29 11	29.80	83.0	5 40
		2	10 30	29 45	29.85	82.0	5 46
		3	12 18	30 24	29.85	80.0	4 55
		4	14 45	30 53	29.90	80.0	4 27
		5	16 30	31 18	29.85	82.0	2 46
		6			29.90	78.0	2 23
		7	19 48	31 53	29.93	79.5	
		8	20 51		29.95	81.0		
		9	20 43	35 50	29.90	82.0		
		10	21 45	38 12	29.70	79.0		
		11	22 43	39 30	29.60	79.0	4 21 E	
		12			29.60	78.0	4 00	
		13			29.80	74.0	5 40	
		14	24 14	42 17	29.95	77.0	4 57	
		15			29.85	79.0		
		16	26 19	47 00	29.85	77.0	8 55	
		17			29.85	78.0	9 45	
		18	26 59	48 5	29.80	75.0	10 00	
		19	26 52		30.00	77.0		
		20	26 59		29.95	74.0		
		21	27 5					
		22						"Anchored fort of Santa Cruz, bearing N. 15dW, fort of Ponta Grossa, N.71dE"
1804	2	5			29.80	77.0		
		6	28 5		29.80	78.0	
		7	30 16	46 50	29.90	79.5	
		8	32 50	47 00	29.90	77.0	8 40
		9	34 39	47 27	30.00	77.0	
		10	36 44	49 14	29.50	75.5	
		11	38 19	50 47	29.60	71.5	14 30
		12			29.85	64.5	
		13	40 6	50 48	29.95	70.0	14 00
		14	40 37	50 43	30.00	64.0	14 17
		15	40 58	53 00	30.00	70.0	
		16	42 26	54 21	30.00	69.5	16 44
		17	43 56	56 12	30.00	68.5	18 8
		18	45 29	58 32	29.85	63.0	8 10
		19			29.65	58.0	
		20	48 27	63 1	29.70	58.0	19 38
		21			29.40	57.0	
		22	50 33	65 33	29.50	59.5	21 16
		23	51 44	65 37	29.35	58.5	21 16
		24	53 24	64 45	29.10	58.0	23 47
		25	54 11	63 38	29.00	56.0	21 37
		26	56 12	63 37	28.50	47.0	
		27	57 16	63 38	28.75	45.5	
		28	58 22	64 2	28.75	37.0	
		29			29.30	34.0	
	3	1			29.35	36.0	25 9
		2	59 2	63 45	29.65	38.5	26 30
		3			29.43	44.0	
		4			28.85	41.0	
		5			28.90	41.0	
		6			29.15	41.0	
		7	59 20	71 22	29.00	41.0	
		8	59 10	71 5	28.90	44.0	
		9	59 32	72 35	28.75	41.0	
		10	59 30	73 5	28.80	40.0	25 47
		11	58 40	75 32	29.10	40.0	
		12	57 48	78 43	28.93	46.0	
		13	57 00	80 53	29.25	44.0	24 45
		14	56 12	83 14	29.05	46.0	
		15	55 34	86 6	28.80	46.0	
		16	55 9	87 3	28.80	47.0	22 40
		17			28.60	44.0	
		18	55 44	89 27	28.90	57.0	
		19	55 46	90 6	29.05	46.0	23 38
		20	54 13	91 28	29.70	44.5	
		21	51 33	93 29	30.20	45.0	
		22	49 25	95 00	30.35	47.0	
		23	48 10	95 52	30.30	48.0	14 33
		24			29.70	52.0	
		25	47 15	98 6	29.60	54.0	
		26	45 43	97 15	29.70	58.0	15 22
		27			29.30	54.0	
		28	43 11	97 18	29.30	54.0	
		29	43 18		29.15	54.0	11 4
		30	41 49	97 37	29.65	54.0	11 55
		31	39 20	98 42	30.00	58.0	10 49
	4	1	38 1		30.00	62.0	11 5
		2	37 44	100 24	29.70	65.0	9 00
		3	37 2	101 5	29.60	65.0	
		4	35 50	101 15	29.65	64.0	8 22
		5			29.70	63.0	8 17
		6	33 12	100 55	29.90	74.0	
		7	33 4	102 45	29.45	70.0	
		8	33 7	103 38	29.65	68.5	7 57
		9			29.65	68.0	
		10	31 53	103 23	29.70	71.0	
		11	31 48	104 5	29.70	73.0	8 46
		12			29.60	66.0	
		13	29 45	104 49	29.75	67.0	8 30
		14	28 33	106 13	29.90	71.0	
		15	27 47	107 32	29.95	75.0	7 9
		16	27 13		29.88	71.0	
		22	25 17	111 8	29.95	73.0	5 56
		23	24 7	113 51	30.00	77.0	5 37
		24	23 00	116 22	29.95	79.5	3 58
		25	21 43	118 21	29.95	77.0	3 15
		26	20 47	119 56	29.88	76.5	
		27	20 00	121 26	29.90	78.5	5 8
		28	19 21	122 45	29.78	84.0	4 28
		29	19 6	123 33	29.80	84.0	4 12
		30	18 30	124 31	29.80	80.0	5 35
	5	1	17 21	126 25	29.90	81.0	5 31	
		2	15 50	128 50	29.85	81.0	5 20	
		3	14 30	131 21	29.75	82.0	5 46	
		4	13 25	133 41	29.70	84.0		
		5	12 30	135 35	29.75	84.0	5 33	
		6	11 18	137 28	29.73	84.5	6 32	
		7	10 00	138 16	29.70	84.5	5 52	
		8	8 54		29.70	84.5	4 34	
		9	8 52		29.75	85.0		
		10			29.70	86.0		Bay of Tayohaia
		18	9 1		29.70	85.0		
		19	9 30	141 30	29.75	86.0		
		20	7 19	143 5	29.73	85.0	6 9	
		21	5 39	144 7	29.70	85.0	4 25	
		22	3 28	144 46	29.60	84.5	6 2	
		23	1 46	145 22	29.60	79.0	4 46	
		24	0 59	145 59	29.65	79.5	3 46
		25	0 5	146 12	29.70	80.5	4 40
		26	0 56 N	146 12	29.70	80.0	4 34
		27	1 59	146 30	29.75	84.0	5 7
		28	3 1	147 18	29.75	85.0	4 32
		29			29.75	78.5	4 35
		30	4 55	148 25	29.70	80.0	5 26
		31	6 3	148 33	29.70	80.0	5 12
	6	1			29.75	75.5	
		2	8 17	149 8	29.75	80.0	6 52
		3	9 59	149 50	29.75	79.0	5 49
		4	11 44	150 29	29.80	77.0	5 58
		5	13 23	151 25	29.75	79.0	5 58
		6	15 10	151 57	29.80	75.0	6 36
		7	17 16	152 41	29.90	75.0	6 10
		8	19 10	153 51	29.90	75.0	7 13
		9	18 54.30				7 35	
		10	18 57.36		29.90	79.0	8 19	
		11	19 17.8			86.0		
		12						Bay of Caracacoa
		17	19 34.49					
		18	20 20	157 42	29.90	78.0		
		19			29.90	79.0	9 45	
		20	23 6	160 11	30.00	74.5	9 50	
		21	25 22	161 48	30.05	71.0	10 24	
		22	27 40	163 23	30.05	73.5	10 30	
		23	29 12	164 22	29.95	76.5	11 26	
		24			29.83	74.5		
		25	32 55	163 57	29.78	67.0		
		26	33 14.3	164 2	29.95	70.0	14 25	
		27	36 24	164 3	30.05	70.0	15 50	
		28			30.00	65.0		
		29			29.48	58.0		
		30	42 18	163 12	29.95	50.0		
	7	1			29.70	52.0		
		2			29.70	47.0		
		3	48 20	160 41	29.80	47.0		
		4		159 46	29.80	44.0		
		5			29.68	46.0	21 54	
		6	53 7	156 23	29.73	47.0		
		7	54 27	157 8	29.85	49.0	24 37	
		8	55 16	156 7	29.95	49.5		
		9	55 52		29.80	53.0		
		10	55 58		29.60	57.0	25 45	
		11			29.68	55.0		
		12			29.80	49.0		
		13			29.75	55.0		
		14			29.80	65.0		St Paul's Harbour
	8	16	57 14	148 34	29.40	54.0	26 7	
		17	56 54	143 20	29.35	59.0	25 27	
		18	56 38	138 58	29.60	59.0	27 23	
		19	57 8	136 46	29.60	59.0	27 32	
		20	57 4		29.65	65.0	26 45	Sitca Sound
	11	11			29.30	48.5		
		12	58 7	145 12	29.20	45.0		
		13			29.05	45.0		
		14	57 44		29.10	43.5	26 44	
		15			29.05	47.0		St  Paul's Harbour
1805	6	15	57 45	147 51	29.45	56.0	27 28	
		16			29.45	52.0		
		17	57 50	141 42	29.58	54.0		
		18		140 34	29.35	50.0		
		19	57 13		29.25			
		20	57 32	137 19	29.63	54.0		
		21	57 00		29.80	54.0		
		22						New Archangel Harbour
	9	3			29.25			
		4	53 50	138 41	29.70			
		5	52 33	139 00	29.70			
		6	50 48	139 50	30.00			
		7	49 20	139 58	30.20			
		8	48 17	139 29	30.40			
		9	48 22	139 29	30.38		20 7	
		10			30.20			
		11	47 21	143 8	30.20			
		12			30.05		17 32	
		13			30.18			
		14	44 24	147 32	30.25			
		15	44 21	149 59	30.35		17 13	
		16	44 12	151 4	30.33			
		17	43 40		30.23		17 33
		18			30.18		
		19			29.85		15 40
		20			29.40		
		21	45 9		29.80		
		22	43 41	158 00	29.95		
		23			29.85		
		24			29.50		
		25			29.40		
		26	42 4	163 48	29.65		
		27			29.35		16 44
		28			29.35		
		29	41 46	163 35	29.50		
		30	39 55	163 25	29.75		15 7
	10	1	38 24	164 30	29.95		14 58
		2	36 53	165 30	29.98		15 15
		3	36 19	166 44	30.05		13 28
		4	36 25	167 45	29.80		14 00
		5	33 53	167 53	29.65		
		6	32 3	169 46	29.80		
		7	31 4		29.80		
		8	30 30	170 21	29.95		12 35
		9	30 20	170 57	29.90		12 36
		10	29 14	170 24	29.85		12 23
		11	28 57	170 19	29.90		1 42
		12	28 52	171 20	29.85		12 26
		13	28 37	172 30	29.75		11 52
		14	27 47		29.70		
		15	26 43	173 24	29.68		12 13
		16			29.68		11 36
		17	26 2.35		29.75		
		18	26 3.35		29.80		
		19	26 10		29.80		
		20	25 23	172 58	29.70		
		21	24 5	174 24	29.70		11 35
		22	23 39	175 9	29.65		12 10
		23	22 15	175 32	29.65		11 42
		24	21 56	175 21	29.65		
		25	21 25	175 47	29.65		12 37
		26	21 10	176 4	29.65		11 33
		27	21 5	176 42	29.73		12 4
		28	20 25	177 25	29.75		12 31
		29	19 37	178 26	29.70		
		30	19 27	178 56	29.63		11 54
		31	18 34	178 56	29.65		
	11	1	17 51	179 19	29.65		10 40
		2	16 31	180 32	29.65		12 28
		3	14 57	182 11	29.60		12 27
		4	13 39	184 5	29.55		12 43
		5	13 26	186 36	29.55		11 00
		6	13 27	189 32	29.55		11 38
		7	13 28	191 44	29.58		12 47
		8	13 12	194 17	29.55		11 40
		9	13 35	196 32	29.55		11 40
		10	13 42	198 25	29.60		
		11	13 57	200 29	29.58		9 45
		12	14 4	203 4	29.53		9 9
		13	14 7	206 13	29.50		7 58
		14	14 29	209 14	29.50		7 43
		15	14 48	213 4	29.50		6 2
		16	15 1.52		29.50		5 51
		17	15 44	217 8	29.55		4 30
		18	16 34	220 21	29.55		2 33
		19	17 12	224 2	29.55		
		20			29.30			
		21			29.20			
		22			28.00			"Heavy gale, then typhoon"
		23	16 10		29.55			
		24			29.50			
		25	17 58		29.60			
		26	18 48	231 39	29.60			
		27	19 59	234 30	29.70			
		28	21 25	237 28	29.80			
		29	21 42	240 21	29.95			
		30						
	12	1						South point of the Great Landrone N.56dW
1806	2	12						
		13	19 43	246 1	29.45	74.0		
		14	18 41	246 12	29.45	76.0	1 13	
		15	16 45	245 16	29.45	76.0		
		16	15 7	246 25	29.50	76.0	
		17	13 19	248 9	29.50	78.0	
		18	11 20	249 51	29.50	80.0	
		19	9 9	251 21	29.40	77.0	2 8
		20	7 2	253 34	29.33	78.0	3 6
		21	5 18	254 37	29.40	80.0	2 55
		22	4 8	255 8	29.40	81.5	3 24
		23	3 6	255 10	29.40	81.0	
		24	1 27	254 35	29.48	80.0	2 8
		25	0 43 S	253 37	29.43	82.0	3 5
		26					
	3	7	8 28	254 13	29.40	83.0	0 55
		8	9 46	254 7	29.40	82.0	
		9			29.35	80.0	2 5
		10	11 32		29.40	81.0	
		11	11 33	256 54			
		12	11 41	257 12	29.45	84.0	1 16
		13	11 42	257 27	29.38	84.0	
		14	11 52	257 50	29.35	85.0	0 12
		15	12 29	258 22	29.35	84.5	0 52
		16	13 50	260 25	29.35	83.0	0 22
		17			29.35	77.5	
		18			29.40	79.0	1 59
		19	16 26	269 6	29.40	79.0	2 6
		20	17 35	272 33	29.40	79.0	1 43
		21	18 41	275 22	29.38	79.0	
		22	19 14	278 36	29.40	79.0	
		23	19 57	281 46	29.30	79.0	
		24	20 52		29.30	79.0	
		25			29.40	76.0	
		26	22 27	292 19	29.30	79.0	
		27	23 23	295 40	29.35	79.0	
		28	24 2	298 42	29.45	78.0	10 21
		29	24 49	301 26	29.45	78.0	13 15
		30	25 51	304 1	29.50	76.5	14 47
		31	26 30	305 46	29.50	79.0	15 2
	4	1			29.45	74.0	18 2
		2	26 24	307 9	29.45	74.0	19 10
		3	26 40	308 15	29.55	74.0	
		4	27 52	310 44	29.70	75.0	20 00
		5	29 14	313 5	29.70	76.0	2 27
		6	29 42	314 35	29.70	74.0	24 43
		7	30 25	316 49	29.80	73.5	24 46
		8	30 41	318 27	29.80	71.5	26 13
		9	31 17	321 16	29.70	74.0	26 25
		10	31 45		29.65	75.0	27 44
		11	32 8	325 00	29.60	80.0	27 32
		12			29.38	78.0	28 49
		13	33 8	328 52	29.35		
		14			29.73	64.5	
		15			29.60	68.0	
		17	35 49	335 32	29.58	68.0	
		18	36 18	338 37	29.60	69.0	25 55
		19	36 16	340 33	29.40	69.0	24 44
		20	35 31	341 00	29.50	67.0	26 20
		21	34 44	342 40	29.35	66.0	21 6
		22	34 15	343 33	29.30		
		23	32 11	345 5	29.60	60.0	
		24	29 59	347 37	29.60	61.0	
		25	27 54	350 35	29.55	64.0	
		26	26 36	351 50	29.50	65.0	22 35
		27		358 15	29.58	68.0	21 27
		28	22 31	354 58	29.63	68.0	20 9
		29			29.63	71.0	21 32
		30	18 56		29.60	71.0	
	5	1	17 31	1 15	29.63	74.0	20 36
		2	16 20	2 58	29.60	72.0	
		3	14 48	4 36	29.60	72.0	20 26
		4	13 1	6 27	29.50	74.0	19 23
		5			29.55	80.0	18 53
		6	9 11	9 54	29.50	78.0	
		7	7 17	11 34	29.50	79.0	16 54
		8	5 21	13 9	29.48	80.0	16 12
		9			29.50	80.0	
		10	1 25	16 9	29.50	80.5	15 18
		11	0 37 N	16 48	29.48	84.0	
		12	2 15	18 26	29.50	82.0	15 2
		13			29.50	77.0	14 40
		14			29.50	75.0	
		15	6 11	20 35	29.50	82.0	
		16	6 48	21 5	29.50	85.0	15 46
		17	7 11	22 1	29.45	83.0	12 32
		18	7 48	23 2	29.50	83.0	13 16
		19	8 36	24 27	29.50	81.0	
		20	9 14.3	25 43	29.50	79.0	
		21	9 41	26 12	29.50	78.5	11 50
		22	10 12	27 18	29.50	77.0	12 15
		23	11 15	28 26	29.53	78.0	11 56
		24	12 50	29 45	29.60	77.0	9 26
		25			29.60	76.0	9 44
		26	16 7	32 25	29.65	75.5	8 30
		27	18 26	34 10	29.65	76.0	8 52
		28	21 5	35 34	29.70	75.5	
		29	23 26	36 9	29.75	76.0	
		30	26 10	36 33	29.83	75.0	10 39
		31	28 11	36 34	29.85	75.0	11 7
	6	1	29 53	37 11	29.88	75.0	12 41
		2	31 34	37 49	29.50	75.0	13 44
		3	32 24	38 4	30.00	80.5	14 22
		4	32 51	38 7	29.90	72.5	14 52
		5	34 21	37 7	29.80	76.0	16 44
		6	36 36	35 55	29.50	72.0	17 00
		7	38 10	34 55	29.50	60.0	
		8	39 41	34 16	29.60	64.0	
		9	40 13	31 34	29.65		19 53
		10			29.50	62.0	21 52
		11	43 58	24 45	29.55	65.0	
		12	45 22	21 46	29.80	61.0	
		13	45 53	19 20	29.70	61.5	26 14
		14	45 36	17 8	29.90	60.0	27 13
		15	45 37	16 9	29.90	64.0	
		16	42 26	14 17	29.90	60.0	
		17	45 30	13 28	29.80	60.0		
		18	45 50	12 52	29.70	61.5		
		19			29.80	62.5		
		20	48 11	14 24	29.90	62.0	25 20	
		21	48 35	14 00	29.85	59.0	25 12	
		22	48 20	13 16	29.85	59.5	27 47	
		23	47 48	10 48	29.78	59.5		
		24	48 23	9 40	29.78	57.8	25 56	
		25			29.55	60.5		
		26	49 48		29.35	63.0		
		27			29.40	63.0		
		28	50 31		29.50			
		29						Spithead
