YEAR	MONTH	DAY	THERMOMETER						BAROMETER	
			400	800	1200	1600	2000	2400	1200	2400
1838	10	27	78.5	84.0	87.5	86.0			29.98	
1838	10	28		84.0	87.5	86.0	82.0	80.0	29.98	29.97
1838	10	29	79.0	87.0	87.0	88.0		82.0	29.98	29.95
1838	10	30		83.0	85.5	90.0	83.0	84.0	29.95	29.94
1838	10	31	85.0	85.0	87.0	85.0			29.95	
1838	11	1		83.5	86.0	87.0	83.0	82.0	29.97	29.96
1838	11	2	82.0	82.0	85.0	87.0	84.0	83.0	30.00	29.99
1838	11	3	83.0	82.0	86.0	89.0	86.0		30.03	
1838	11	4	80.0	83.0	87.0	88.5		82.0	29.96	29.96
1838	11	5	82.0	83.0	86.0	85.5	82.0	85.0	29.98	29.97
1838	11	6	80.0	82.0	87.0	85.0	82.0	82.0	29.97	29.91
1838	11	7	81.0	82.0	87.0	87.0	82.0		29.96	
1838	11	8	82.0	80.0		82.5	81.0	85.0		29.86
1838	11	9		83.0	85.0	84.0		80.0	29.90	29.86
1838	11	10	80.0	84.0	86.0	86.0	83.0	81.0	29.95	29.90
1838	11	11	83.0	85.0	85.0	84.0	83.0	83.0	29.90	29.86
1838	11	12		83.5	85.0		83.0		29.90	
1838	11	13	81.0	84.0	85.5	84.5	84.0	80.0	29.92	29.87
1838	11	14	83.0	83.0	85.5	84.5	84.0	83.0	29.85	29.86
1838	11	15	83.0	84.0	86.0	82.0	83.0	83.0	29.87	29.87
1838	11	16	82.0	84.0	85.5	84.5	83.0	83.0	29.88	29.85
1838	11	17	83.0	84.0	88.0	86.5		84.0	29.90	29.87
1838	11	18		86.0	89.0	85.5	85.0	84.0	29.87	29.83
1838	11	19	85.0	86.5	89.0	88.0	85.0	85.0	29.85	29.83
1838	11	20	85.0	88.0	90.0	94.5	90.0	85.0	29.84	29.86
1838	11	21	85.0		91.5	88.0	87.0	86.0	29.88	29.93
1838	11	22		86.0	88.0	88.5	85.0		29.83	
1838	11	23	86.0	85.0	89.0			86.0	29.86	
1838	11	24		89.0	88.0	88.0	85.0	86.0	29.90	29.88
1838	11	25	87.0	87.0	88.5		88.5		29.88	
1838	11	26	84.0	85.0	88.5	91.0	85.5	83.0	29.88	29.85
1838	11	27	83.0	83.0	90.5	87.0	87.0	79.0	29.89	29.90
1838	11	28	81.5	86.0	85.5		82.5	84.0	29.85	29.88
1838	11	29	84.0	85.0				85.0		29.95
1838	11	30	85.0	86.0	91.0	90.0	85.0		29.91	29.90
1838	12	1	86.0	86.5	87.0	87.0	87.0	84.0	29.95	29.90
1838	12	2	83.0	84.0	87.0	87.0	80.0	85.0	29.90	29.90
1838	12	3	85.0	90.0	90.0	86.5	84.0	83.0	29.90	29.84
1838	12	4	83.0	86.0	87.0		85.0	84.0	29.90	29.90
1838	12	5	84.0	85.0						
1838	12	6			89.5	85.5	83.5	83.0	29.92	29.90
1838	12	7	84.5	87.0	88.0	89.0	84.0	80.0	29.88	29.85
1838	12	8	84.0	84.0	86.5	88.0	88.0	86.0	29.80	29.82
1838	12	9		85.0	88.0	87.5	85.0	83.5	29.86	29.84
1838	12	10	83.0	86.0	86.5	84.5	85.0	80.0	29.87	29.90
1838	12	11	83.0	86.0	87.5	85.0	85.0	83.0	29.87	29.90
1838	12	12	83.0	84.0	82.0	85.0	82.0	83.0	29.86	29.90
1838	12	13	83.5	86.0	83.5	83.5	84.5	84.0	29.82	29.85
1838	12	14	82.0	81.0	84.0	85.0	84.0	84.0	29.87	29.90
1838	12	15	84.0	86.0	87.0	85.0	85.0	84.0	29.85	29.90
1838	12	16	83.0	86.0	88.0	88.0	84.0	84.0	29.93	29.88
1838	12	17	84.0	86.0	88.0	89.0	85.0	84.0	29.85	29.84
1838	12	18		84.0						
1838	12	19		84.0	92.0	87.0	85.0	84.0	29.87	29.88
1838	12	20	83.0	88.0	87.0	85.0	86.0	84.0	29.87	29.90
1838	12	21	83.0	84.0	90.0	88.0			29.88	
1838	12	22	85.0		84.0	83.0	81.0	80.0	29.88	29.88
1838	12	23	80.0	80.0	83.0	88.0	84.0		29.80	
1838	12	24	81.0		86.0	88.0	87.0	83.0	29.83	29.76
1838	12	25	82.0	83.0	86.0	85.0	83.0		29.85	
1838	12	26		81.0		88.0	86.0	85.0		29.87
1838	12	27	84.0		83.0		84.0	85.0	29.80	29.80
1838	12	28	85.0	85.0	82.5	86.0		83.0	29.77	29.83
1838	12	29	81.0	81.0	80.0	83.0	83.0	83.0	29.80	29.87
1838	12	30	83.0	84.0	86.0	89.0	87.0	84.0	29.78	29.78
1838	12	31	84.0	91.0	91.0	86.0	86.0	84.0	29.76	29.84
1839	1	1		84.0	87.0				29.78	
1839	1	2			87.0				29.81	
1839	1	3		84.0	86.0	86.0	83.0	84.0	29.83	29.84
1839	1	4	84.0	84.0	86.0	87.5	85.0	85.0	29.86	29.82
1839	1	5	85.0	85.5	84.5	84.0	81.0	84.0	29.87	29.90
1839	1	6	83.0	83.0	86.0	83.0	84.0		29.87	
1839	1	7		83.0	82.0	87.0	85.5	84.0	29.87	29.79
1839	1	8	84.0	84.5	82.0	80.0	79.0	79.0	29.72	29.72
1839	1	9	80.0	78.0	81.0				29.68	
1839	1	10								
1839	1	11					82.0	83.0		29.78
1839	1	12		83.0	84.5	87.0	85.0	85.0	29.84	29.80
1839	1	13	82.0	83.0	87.0	85.0	86.0	84.0	29.82	29.80
1839	1	14	84.0	87.0	88.0	86.0	85.0	84.0	29.83	29.80
1839	1	15	84.0	85.0	87.5	86.0	84.0	84.0	29.84	29.82
1839	1	16	83.0	84.0	85.5	88.0	86.0	82.0	29.80	29.79
1839	1	17	82.0	83.0	85.0	83.0	82.0	82.0	29.80	29.80
1839	1	18	83.0	81.0	81.0	83.0	84.0	79.0	29.80	29.78
1839	1	19	79.0	87.0	79.0		80.0	79.0	29.76	29.74
1839	1	20	79.0	84.0	85.0	84.0	82.0	82.0	29.76	29.82
1839	1	21	82.0	82.0	84.0	87.0	82.0	84.0	29.79	29.77
1839	1	22	81.0	82.0	85.0	80.0	83.0	81.0	29.76	29.75
1839	1	23	82.0	83.0	82.0	81.0	81.0		29.72	
1839	1	24	83.0		84.5	81.0	81.0	80.0	29.76	29.76
1839	1	25	80.0	82.0	84.5	85.0	83.0	81.0	29.75	29.70
1839	1	26	83.0	84.0	89.0	87.0	85.0	85.0	29.87	29.75
1839	1	27	82.0	83.0	89.0	88.5	85.0		29.80	
1839	1	28	83.0	84.0	80.0			82.0	29.88	29.85
1839	1	29		85.0	85.0	84.0	85.0		29.79	29.76
1839	1	30		83.0	87.0		82.5	80.0	29.82	29.78
1839	1	31	82.0	84.0	84.0	85.0	84.0	82.0	29.82	29.83
1839	2	1	80.0	81.0		87.0		84.0		29.73
1839	2	2	82.0	85.0		87.0	85.0	85.0		29.79
1839	2	3			88.0	89.0			29.78	
1839	2	4	82.0	84.0	87.0	89.0	87.0		29.79	
1839	2	5	83.0	84.0	85.5	86.0	86.0	85.0	29.80	29.80
1839	2	6	82.0	84.0	86.5	87.0	84.0	83.0	29.84	29.83
1839	2	7	82.0	83.0	87.0	89.0	85.0	86.0	29.87	29.85
1839	2	8	84.0	83.0	89.5	83.5	86.0	85.0	29.88	29.81
1839	2	9	82.0	84.0	86.5	87.0	85.0	83.0	29.84	29.88
1839	2	10	83.0	84.0	89.0	89.0	86.0	85.0	29.86	29.80
1839	2	11	84.0	83.5	90.0	87.0	87.5	84.0	29.87	29.85
1839	2	12	84.0	86.0	88.5	88.0	85.0	84.0	29.84	29.85
1839	2	13	84.0	84.5	87.5	84.5	84.0	85.0	29.83	29.83
1839	2	14	84.0	85.0	87.0	86.0	84.0	82.0	29.90	29.80
1839	2	15	82.0	86.0	88.0	87.0	84.0		29.87	
1839	2	16	82.0	84.0	80.5	81.0	82.0	81.0	29.83	29.78
1839	2	17	82.0	83.0	88.0	88.0	84.0	82.0	29.81	29.84
1839	2	18		85.0	88.0	86.0	84.5		29.83	
1839	2	19	80.0	84.0		86.0		85.0	29.77	29.77
1839	2	20	80.0	82.0	83.0		82.0	82.0	29.85	29.88
1839	2	21		82.0	84.0	85.0	83.0	82.0	29.82	29.80
1839	2	22	82.0					81.0		29.63
1839	2	23			80.5	80.0	80.0	79.0	29.75	29.77
1839	2	24		80.0	78.0		77.0	78.0	29.83	29.80
1839	2	25	79.0	80.0	82.0	84.0	80.5	80.0	29.84	29.86
1839	2	26	80.0	79.0		89.0	84.0	84.0		29.86
1839	2	27	82.0	85.0	87.0	85.0	85.0	82.0	29.83	29.85
1839	2	28	83.0	84.0	86.0	89.0	83.0	84.0	29.79	29.80
1839	3	1	80.0	83.0		82.0	83.0	82.0		29.80
1839	3	2	82.0	84.0	86.0	85.0	83.0	81.0	29.80	29.80
1839	3	3	82.0	83.0	88.0	88.0	85.0	83.0	29.85	29.82
1839	3	4	82.0	83.0	87.0		83.5	82.0	29.83	29.81
1839	3	5	82.0	85.0	86.0	88.0	83.0	83.0	29.79	29.80
1839	3	6		84.0	85.0	84.0	84.0	85.0	29.82	29.80
1839	3	7	82.0	83.0	83.0	85.0	83.0	82.0	29.83	29.84
1839	3	8	83.0	83.0	87.0	82.0	82.0	82.0	29.86	29.89
1839	3	9	82.0	82.0	86.0	89.0	84.0	83.0	29.88	29.88
1839	3	10	83.0	84.0	88.0	89.0	84.0	84.0	29.87	29.88
1839	3	11	83.0	87.0	88.0	91.0	86.0		29.86	
1839	3	12		87.0	89.0	86.0			29.86	
1839	3	13	82.0	83.0	89.0	85.0	83.0	83.0	29.86	29.85
1839	3	14	83.0	83.0	86.0		84.0	84.5	29.85	29.85
1839	3	15	84.0	85.0	89.0	88.0	82.0	86.0	29.87	29.88
1839	3	16	83.0	84.0	88.5	87.0	86.0	84.0	29.81	29.80
1839	3	17	84.0	85.0			82.0	80.0		29.75
1839	3	18	81.5	82.0	88.0		86.0		29.78	
1839	3	19		82.5	87.0		83.0		29.78	
1839	3	20		82.0	85.0	85.0	82.0	85.0	29.77	29.77
1839	3	21		82.0	84.0	87.0	83.0	83.0	29.79	29.78
1839	3	22		80.0	85.0	87.0	84.0		29.80	
1839	3	23		83.0	86.5	87.0	84.0		29.78	
1839	3	24	86.0	83.0	83.0		83.0		29.80	
1839	3	25		82.0	85.0	86.0	83.0		29.76	
1839	3	26	82.0	83.0	85.0	89.0	85.0		29.77	
1839	3	27		84.5	87.0	89.0	85.0	80.0	29.79	29.82
1839	3	28		84.0	88.0	91.0	85.0	83.0	29.84	29.85
1839	3	29	85.0	84.0	88.0		85.0	84.0	29.89	29.83
1839	3	30		84.5	87.5	88.0	85.0	82.0	29.83	29.85
1839	3	31	82.0	82.5	89.0	91.0	85.0	82.0	29.86	29.86
1839	4	1		85.0	87.0	91.0	83.5		29.90	
1839	4	2	83.5	84.0	85.0		83.0		29.94	
1839	4	3		81.5	83.0				29.93
1839	4	4		81.0	85.0	85.0	82.0		29.90
1839	4	5		80.0	83.0	88.0	82.0		29.93
1839	4	6		83.0	93.0				29.94
1839	4	7			87.0	87.0	87.0	83.0	29.88
1839	4	8		82.0	88.0	87.0			29.90
1839	4	9		82.0	86.0		84.0		29.90
1839	4	10		84.0	89.0	92.0	85.0		29.89
1839	4	11		80.0	85.0		84.0		29.86
1839	4	12		84.0	86.0		83.0		29.87
1839	4	13					84.0		
1839	4	14		84.0	85.0	86.0	83.0		29.90
1839	4	15		84.0	87.0		83.0		29.89
1839	4	16		84.0		89.0			
1839	4	17		84.0	87.0	89.0	85.0		29.93
1839	4	18	83.0	83.0	87.0	88.0	85.0		29.89
1839	4	19		83.0		86.0	83.0	82.5		29.87
1839	4	20		83.0	88.0		84.5	83.0	29.88	29.87
1839	4	21	83.0	86.0	88.0	87.0		89.0	29.86	29.86
1839	4	22		83.0	88.0		83.5	82.0	29.90	29.86
1839	4	23		81.5	87.0		83.0	83.0	29.91	29.86
1839	4	24		83.0	87.0		83.0		29.86	
1839	4	25		82.0	86.0	87.5	83.0	84.0	29.90	29.86
1839	4	26		83.0	87.0	87.0	83.5	83.0	29.87	29.86
1839	4	27	83.0	85.0	86.5		83.0		29.85	
1839	4	28		84.5	86.0	76.0	84.0	83.0	29.85	29.86
1839	4	29		85.0	85.0		84.0		29.86	
1839	4	30		83.5	88.0		84.0	82.0	29.89	29.87
1839	5	1	80.0	82.0		82.0	85.0			
1839	5	2		81.0		89.0	84.0			
1839	5	3		81.5	86.0	88.0	83.0	83.0	29.96	29.94
1839	5	4	79.0	81.0			82.0			
1839	5	5		81.0	83.0	87.0	83.0	80.0	29.97	30.00
1839	5	6		79.0	81.0		81.0		29.99	
1839	5	7		78.0	84.0	85.0	81.0	79.0	29.97	29.97
1839	5	8		77.0	84.0		80.0	79.0	29.99	29.97
1839	5	9		80.0	84.0	78.0	81.0		29.96	
1839	5	10		80.0	85.0		81.0	81.5	29.98	29.99
1839	5	11		80.0	84.0	80.0	80.0		29.98	
1839	5	12	80.0	79.0	86.0		81.0		29.98	
1839	5	13	78.0	80.0	82.0		81.0		29.97	
1839	5	14		84.0	85.0	85.0	82.0		29.97	29.99
1839	5	15	80.0	81.0	84.0	85.0	82.0		30.03	
1839	5	16		82.0	83.0		82.0		29.98	
1839	5	17	77.0	79.0	82.0		81.0		29.94	
1839	5	18	77.0	80.0						
1839	5	19		79.0	82.0	83.0	80.0		29.93	
1839	5	20		78.0			80.0			
1839	5	21		80.0			82.0			
1839	5	22		80.0	85.0	85.0	82.0		29.94	
1839	5	23		81.0			81.0	80.0		29.92
1839	5	24		78.0	85.0			80.0	29.86	29.88
1839	5	25		78.5	87.0		87.0		29.87	


























































































































































































































































































































































































































































































































































































































































































































































































































































































































































































































































































































































































































































































































































































































































































































































































































































































































































































































































































































































































































































































































































































































































































































































































































































































































































































































































































































































































































































































































































































































































































































































































			
