YEAR	MONTH	DAY	LAT		LONG		THERMOMETER			BAROMETER			WATER	WINDS	WEATHER
							8 a.m.	Noon	8 p.m.	8 a.m.	Noon	8 p.m.			
1833	6	1					60.0	61.0	65.0	29.80	29.85	29.82		S and E	Fair
1833	6	2					59.0	60.0	63.0	29.75	29.75	29.85		SE and SW	Fair
1833	6	3					59.0	60.0	61.0	29.72	29.80	29.80		Variable	Cloudy
1833	6	4					57.0	60.0	64.0	29.80	29.83	29.82		Ditto	Fair
1833	6	5					58.0	60.0	58.0	29.84	29.85	29.80		NE to SW	Fair
1833	6	6					59.0	62.0	60.0	29.75	29.75	29.78		Ditto	Light passing clouds
1833	6	7					62.0	62.0	63.0	29.78	29.72	29.75		Variable	Fair
1833	6	8					65.0	63.0	66.0	29.70	29.70	29.75		N	Cloudy and rain
1833	6	9					61.0	61.0	56.0	30.00	30.00	30.00		N and W	Fair
1833	6	10					56.0	60.0	62.0	29.75	29.72	29.75		Ditto	Fair
1833	6	11					62.0	63.0	65.0	29.78	29.80	29.85		Variable	Fair
1833	6	12					62.0	63.0	65.0	29.90	29.95	29.95		Ditto	Cloudy
1833	6	13					60.0	62.0	66.0	29.88	29.85	29.80		S	Fair
1833	6	14					62.0	60.0	65.0	29.70	29.70	29.82		N and W	Thick and foggy
1833	6	15					62.0	63.0	66.0	29.85	29.85	29.85		S and W	Fair
1833	6	16					60.0	62.0	65.0	29.82	29.85	29.95		N	Hazy
1833	6	17					61.0	63.0	64.0	29.95	29.90	29.88		N and E	Fair
1833	6	18					59.0	58.0	64.0	29.88	29.85	29.88		S and E	Fair
1833	6	19					58.0	62.0	64.0	29.80	29.75	29.75		N	Fair
1833	6	20					58.0	58.0	63.0	29.72	29.75	29.75		N and W	Cloudy
1833	6	21					58.0	59.0	63.0	29.73	29.72	29.72		Variable	Cloudy
1833	6	22					59.0	58.0	62.0	29.72	29.72	29.75		Ditto	Cloudy
1833	6	23					60.0	60.0	60.0	29.75	29.80	29.80		Light airs	Cloudy
1833	6	24					59.0	61.0	60.0	29.80	29.85	29.85		Variable	"Cloudy, with rain"
1833	6	25					62.0	60.0	64.0	29.85	29.85	29.85		S and W	Fair
1833	6	26					58.0	59.0	62.0	29.90	29.95	29.90		Ditto	Fair
1833	6	27					58.0	60.0	63.0	29.90	29.85	29.75		Variable	Fair
1833	6	28					62.0	63.0	64.0	29.70	29.70	29.75		S and W	Fair
1833	6	29					62.0	63.0	64.0	29.80	29.80	29.80		N	Cloudy
1833	6	30					60.0	62.0	62.0	29.80	29.80	29.80		Calm	Fair
1833	7	1					58.0	59.0	62.0	29.80	29.80	29.80		S and E	Fair
1833	7	2					56.0	56.0	56.0	29.80	29.80	29.80		Ditto	Fair
1833	7	3					56.0	55.0	62.0	29.80	29.80	29.95		Variable	Fair
1833	7	4					58.0	62.0	60.0	29.95	29.95	29.80		S and E	Fair
1833	7	5					58.0	59.0	58.0	29.75	29.75	29.90		Variable	Cloudy
1833	7	6					55.0	60.0	62.0	29.90	29.90	29.90		Light airs	Cloudy
1833	7	7					56.0	58.0	56.0	29.85	29.75	29.75		Ditto	Cloudy
1833	7	8					55.0	57.0	56.0	29.80	29.85	29.80		Ditto	Fair
1833	7	9	29.32	S	71.53	W	54.0	55.0	58.0	30.05	30.00	30.00	58.0	Variable	Fair
1833	7	10	25.54	S	74.15	W	56.0	60.0	60.0	30.00	29.90	29.90	60.5	SSE	
1833	7	11	22.42	S	76.06	W	62.0	63.0	63.0	29.95	29.85	29.85	62.0	SE and SW	
1833	7	12	19.12	S	77.18	W	64.0	66.0	66.0	29.75	29.75	29.75	62.0	Ditto	
1833	7	13	15.53	S	77.40	W	67.0	66.0	66.0	29.75	29.65	29.75	65.0	SE and SW	
1833	7	14	13.20	S	77.16	W	64.0	66.0	64.0	29.75	29.70	29.75	61.0	Ditto	
1833	7	15	12.24	S	77.04	W	64.0	65.0	65.0	29.75	29.75	29.75	62.0	S amd E	
1833	7	16	Callao				64.0	66.0	64.0	29.78	29.78	29.78		Ditto	
1833	7	17					62.0	65.0	64.0	29.80	29.70	29.70		Ditto
1833	7	18					64.0	65.0	64.0	29.75	29.75	29.75		Ditto
1833	7	19					64.0	67.0	66.0	29.75	29.75	29.75		Calm
1833	7	20					64.0	64.0	63.0	29.75	29.70	29.70		Ditto
1833	7	21					66.0	67.0	65.0	29.70	29.75	29.78		S and E
1833	7	22					64.0	65.0	66.0	29.80	29.75	29.75		S
1833	7	23					64.0	66.0	68.0	29.72	29.72	29.72		S and E
1833	7	24					66.0	64.0	67.0	29.72	29.72	29.72		s
1833	7	25					66.0	68.0	69.0	29.70	29.70	29.72		S and E
1833	7	26					66.0	68.0	67.0	29.75	29.75	29.75		Ditto
1833	7	27					66.0	67.0	68.0	29.80	29.80	29.80		S
1833	7	28					64.0	66.0	68.0	29.85	29.80	29.80		S and E
1833	7	29					66.0	66.0	66.0	29.80	29.80	29.80		S
1833	7	30					64.0	64.0	65.0	29.75	29.75	29.75		Calm
1833	7	31					63.0	64.0	64.0	29.72	29.72	29.72		S and E
1833	8	1					65.0	65.0	67.0	29.75	29.75	29.75		Ditto
1833	8	2					64.0	66.0	66.0	29.80	29.80	29.80		Ditto
1833	8	3					65.0	66.0	64.0	29.75	29.75	29.75		Ditto
1833	8	4					64.0	66.0	67.0	29.70	29.70	29.70		Ditto
1833	8	5					67.0	66.0	68.0	29.70	29.70	29.70		Ditto
1833	8	6					67.0	66.0	67.0	29.75	29.75	29.75		Ditto
1833	8	7					67.0	67.0	67.0	29.75	29.78	29.78		S
1833	8	8					67.0	67.0	65.0	29.75	29.75	29.75		S and E
1833	8	9					67.0	67.0	66.0	29.78	29.78	29.78		Ditto
1833	8	10					67.0	66.0	66.0	29.78	29.78	29.78		Ditto
1833	8	11					67.0	67.0	67.0	29.75	29.75	29.75		Ditto
1833	8	12					67.0	67.0	68.0	29.75	29.75	29.75		Ditto
1833	8	13					66.0	67.0	68.0	29.78	29.78	29.78		Ditto
1833	8	14					67.0	68.0	68.0	29.72	29.72	29.72		Ditto
1833	8	15					67.0	67.0	67.0	29.75	29.75	29.75		Variable
1833	8	16					67.0	67.0	68.0	29.75	29.75	29.75		S and E
1833	8	17					67.0	68.0	68.0	29.72	29.72	29.72		Ditto
1833	8	18					66.0	67.0	66.0	29.72	29.72	29.72		Variable
1833	8	19					67.0	69.0	67.0	29.72	29.72	29.70		S
1833	8	20					66.0	67.0	67.0	29.70	29.72	29.72		S and E
1833	8	21					66.0	66.0	66.0	29.72	29.72	29.72		Ditto
1833	8	22					66.0	67.0	66.0	29.72	29.72	29.75		Ditto
1833	8	23	10.22	S	78.35	W	68.0	68.0	69.0	29.78	29.70	29.70		Ditto
1833	8	24	7.56	S	80.18	W	68.0	71.0	71.0	29.75	29.75	29.75	68.0	Ditto
1833	8	25	5.39	S	81.14	W	69.0	69.0	70.0	29.78	29.78	29.78	68.0	Ditto
1833	8	26	Payta				70.0	72.0	71.0	29.78	29.78	29.78		Variable
1833	8	27	3.40	S	83.12	W	70.0	70.0	71.0	29.78	29.78	29.78	66.0	S and E
1833	8	28	2.03	S	86.07	W	70.0	72.0	70.0	29.78	29.78	29.78	68.0	S
1833	8	29	1.31	S	88.55	W	71.0	70.0	70.0	29.75	29.75	29.75	67.0	Variable
1833	8	30	1.12	S			71.0	71.0	72.0	29.78	29.78	29.78	70.0	Ditto
1833	8	31					69.0	70.0	71.0	29.78	29.78	29.78		S and E
1833	9	1	Essex Bay Galapagos				71.0	72.0	71.0	29.78	29.78	29.78		Ditto
1833	9	2					71.0	72.0	70.0	29.75	29.75	29.75		Variable
1833	9	3					70.0	71.0	70.0	29.75	29.75	29.75		S and E	
1833	9	4					72.0	74.0	72.0	29.75	29.75	29.72		Variable	
1833	9	5					72.0	71.0	72.0	29.72	29.70	29.72		S and E	
1833	9	6					72.0	72.0	72.0	29.72	29.72	29.72		Variable	
1833	9	7					72.0	73.0	75.0	29.72	29.72	29.72		SSW	
1833	9	8					73.0	71.0	71.0	29.70	29.72	29.72		Variable	
1833	9	9					72.0	72.0	73.0	29.72	29.70	29.70		S	
1833	9	10	1.31	S	90.51	W	71.0	72.0	72.0	29.70	29.70	29.70	70.0	S and E	
1833	9	11	2.02	S	90.41	W	70.0	70.0	72.0	29.70	29.70	29.70	68.0	Ditto	
1833	9	12	1.35	S	88.22	W	70.0	70.0	72.0	29.72	29.72	29.72	74.0	S and E	Variable
1833	9	13	1.37	S	85.33	W	72.0	73.0	72.0	29.72	29.72	29.72	72.0	Ditto	Cloudy
1833	9	14	2.00	S	83.36	W	71.0	72.0	72.0	29.72	29.72	29.72	70.0	Variable	Ditto
1833	9	15	2.40	S	81.37	W	70.0	70.0	73.0	29.72	29.75	29.75	70.0	S	Ditto
1833	9	16	3.18	S	 		72.0	74.0	75.0	29.75	29.68	29.68	76.0	Variable	Fair
1833	9	17	Puna Guayaquil Gulf				75.0	78.0	78.0	29.70	29.70	29.70		N and W	Ditto
1833	9	18					76.0	78.0	79.0	29.70	29.70	29.70		Variable	Cloudy
1833	9	19					75.0	76.0	76.0	29.70	29.70	29.68		W	Fair
1833	9	20					74.0	76.0	76.0	29.68	29.68	29.68		Variable	Cloudy
1833	9	21					75.0	77.0	78.0	29.68	29.70	29.70		W	Ditto
1833	9	22					73.0	76.0	77.0	29.70	29.70	29.70		N and W	Ditto
1833	9	23					74.0	77.0	76.0	29.70	29.70	29.70		Variable	Fair
1833	9	24					75.0	77.0	76.0	29.70	29.70	29.70		W	Ditto
1833	9	25					74.0	78.0	76.0	29.70	29.70	29.70		S and W	Ditto
1833	9	26					75.0	77.0	77.0	29.70	29.70	29.70		W	Cloudy
1833	9	27					75.0	76.0	75.0	29.70	29.70	29.72		S and W	Fair
1833	9	28					74.0	77.0	76.0	29.72	29.70	29.70		Ditto	Ditto
1833	9	29	3.21	S	80.28	W	75.0	76.0	74.0	29.65	29.65	29.65	79.0	Variable	Ditto
1833	9	30	4.07	S			74.0	72.0	69.0	29.65	29.65	29.65	76.0	S and W	Ditto
1833	10	1	4.51	S	80.40	W	69.0	69.0	69.0	29.65	29.65	29.65	62.0	S and E	Ditto
1833	10	2	Payta				69.0	69.0	67.0	29.65	29.65	29.65		Ditto	Ditto
1833	10	3					68.0	74.0	72.0	29.65	29.65	29.65		Ditto	Ditto
1833	10	4					70.0	72.0	70.0	29.65	29.65	29.65		Ditto	Ditto
1833	10	5					72.0	72.0	70.0	29.68	29.65	29.65		Ditto	Ditto
1833	10	6					69.0	72.0	72.0	29.60	29.55	29.55		S	Ditto
1833	10	7					70.0	72.0	72.0	29.65	29.65	29.65		Ditto	Ditto
1833	10	8					71.0	73.0	72.0	29.70	29.70	29.65		S and E	Ditto
1833	10	9					75.0	79.0	75.0	29.65	29.65	29.65		Ditto	Ditto
1833	10	10	5.33	S			68.0	71.0	68.0	29.65	29.65	29.65	71.0	Ditto	Ditto
1833	10	11	6.13	S	81.51	W	67.0	70.0	69.0	29.70	29.70	29.70	71.0	Ditto	Ditto
1833	10	12	6.22	S	81.02	W	68.0	69.0	69.0	29.75	29.75	29.75	67.0	Ditto	Ditto
1833	10	13	6.46	S	80.31	W	69.0	69.0	69.0	29.75	29.75	29.75	63.0	Ditto	Ditto
1833	10	14	Lambayeq'e				70.0	70.0	70.0	29.70	29.70	29.70		Ditto	Ditto
1833	10	15					70.0	70.0	70.0	29.70	29.70	29.70		Ditto	Ditto
1833	10	16	6.53	S	80.10	W	66.0	66.0	69.0	29.75	29.75	29.75	64.0	Ditto	Ditto
1833	10	17	7.27	S	80.02	W	67.0	68.0	68.0	29.75	29.75	29.75	65.0	Ditto	Ditto
1833	10	18	7.57	S	79.47	W	65.0	68.0	66.0	29.70	29.70	29.70	65.0	Ditto	Ditto
1833	10	19	8.29	S	79.23	W	64.0	66.0	68.0	29.70	29.70	29.70	67.0	Ditto	Ditto
1833	10	20	9.04	S	79.24	W	65.0	67.0	68.0	29.70	29.70	29.70	66.0	Ditto	Ditto
1833	10	21	9.31	S	79.00	W	67.0	69.0	69.0	29.70	29.70	29.70	67.0	Ditto	Cloudy
1833	10	22	9.41	S	78.27	W	67.0	67.0	67.0	29.70	29.70	29.70	66.0	Ditto	Fair
1833	10	23	10.06	S	78.17	W	65.0	66.0	66.0	29.70	29.70	29.70	65.0	Ditto	Cloudy
1833	10	24	10.55	S	78.37	W	66.0	68.0	69.0	29.70	29.70	29.70	68.0	Ditto	Fair
1833	10	25	11.15	S	78.14	W	66.0	68.0	68.0	29.65	29.65	29.65	66.0	Ditto	Cloudy
1833	10	26	11.47	S	77.52	W	66.0	67.0	67.0	29.65	29.70	29.70	66.0	Ditto	Fair
1833	10	27	Callao				66.0	66.0	66.0	29.70	29.68	29.68		Ditto	Ditto
1833	10	28					66.0	68.0	67.0	29.68	29.68	29.68		Variable	Ditto
1833	10	29					66.0	68.0	68.0	29.65	29.65	29.65		N and W	Ditto
1833	10	30					68.0	72.0	72.0	29.65	29.65	29.65		Variable	Ditto
1833	10	31					68.0	70.0	70.0	29.68	29.68	29.68		S and W	Ditto
1833	11	1					66.0	68.0	68.0	29.68	29.65	29.68		Ditto	Ditto
1833	11	2					68.0	68.0	68.0	29.68	29.68	29.68		Variable	Ditto
1833	11	3					69.0	69.0	68.0	29.68	29.68	29.68		Ditto	Cloudy
1833	11	4					66.0	67.0	67.0	29.68	29.68	29.65		Ditto	Ditto
1833	11	5					66.0	69.0	69.0	29.65	29.65	29.65		S and E	Fair
1833	11	6					69.0	69.0	69.0	29.65	29.65	29.65		Ditto	Ditto
1833	11	7					69.0	70.0	70.0	29.68	29.68	29.68		Ditto	Cloudy
1833	11	8					67.0	69.0	69.0	29.68	29.65	29.65		Variable	Ditto
1833	11	9					69.0	70.0	70.0	29.68	29.68	29.68		S and E	Ditto
1833	11	10					68.0	70.0	69.0	29.68	29.68	29.68		Variable	Ditto
1833	11	11					67.0	70.0	69.0	29.68	29.68	29.68		S and E	Fair
1833	11	12					67.0	68.0	68.0	29.65	29.65	29.65		Ditto	Cloudy
1833	11	13					68.0	69.0	69.0	29.65	29.65	29.65		Ditto	Fair
1833	11	14					68.0	70.0	70.0	29.65	29.65	29.65		Ditto	Ditto
1833	11	15					69.0	70.0	70.0	29.65	29.65	29.65		Ditto	Ditto
1833	11	16					67.0	67.0	67.0	29.65	29.65	29.65		S and E	Cloudy
1833	11	17					66.0	67.0	67.0	29.68	29.68	29.68		Variable	Ditto
1833	11	18					67.0	69.0	69.0	29.68	29.68	29.68		S and E	Fair
1833	11	19					69.0	70.0	70.0	29.68	29.68	29.68		Ditto	Ditto
1833	11	20					66.0	68.0	68.0	29.65	29.65	29.65		Ditto	Ditto
1833	11	21					67.0	69.0	69.0	29.65	29.65	29.65		Ditto	Cloudy
1833	11	22	13.07	S	78.42	W	68.0	67.0	67.0	29.68	29.68	29.68	67.0	Ditto	Fair
1833	11	23	15.13	S	80.30	W	67.0	68.0	67.0	29.68	29.68	29.68	67.0	Ditto	Ditto
1833	11	24	16.50	S	81.51	W	67.0	68.0	68.0	29.70	29.70	29.70	67.0	Ditto	Cloudy
1833	11	25	17.56	S	82.56	W	68.0	70.0	68.0	29.75	29.75	29.75	69.0	Ditto	Ditto
1833	11	26	19.40	S	84.06	W	68.0	70.0	68.0	29.75	29.75	29.78	68.0	Ditto	Ditto
1833	11	27	21.56	S	85.27	W	66.0	68.0	68.0	29.80	29.80	29.85	68.5	Ditto	Fair
1833	11	28	23.34	S	87.20	W	67.0	70.0	68.0	29.85	29.85	29.85	69.0	Ditto	Ditto
1833	11	29	25.55	S	88.37	W	67.0	68.0	68.0	29.90	29.90	29.90	69.0	Ditto	Ditto
1833	11	30	26.48	S	89.11	W	68.0	69.0	68.0	29.90	29.90	29.90	69.0	Ditto	Ditto
1833	12	1	28.23	S	89.17	W	66.0	68.0	68.0	30.00	30.00	30.00	68.0	Variable	Ditto
1833	12	2	29.17	S	89.05	W	69.0	69.0	70.0	30.00	30.00	30.00	68.0	Ditto	Ditto
1833	12	3	29.46	S	89.12	W	70.0	70.0	69.0	30.00	30.00	30.00	68.0	S and E	Ditto
1833	12	4	30.56	S	89.05	W	66.0	67.0	70.0	29.95	29.95	29.95	68.0	Variable	v
1833	12	5	31.22	S	89.08	W	68.0	68.0	68.0	29.95	30.00	30.00	69.0	S and E	Fair
1833	12	6	32.00	S	89.12	W	68.0	72.0	71.0	30.00	30.00	30.00	68.0	Variable	Ditto
1833	12	7	31.58	S	88.37	W	70.0	72.0	72.0	30.00	30.00	30.00	72.0	Ditto	Ditto
1833	12	8	32.16	S	86.23	W	70.0	70.0	70.0	29.95	29.95	29.95	67.0	S	Ditto
1833	12	9	31.36	S	83.00	W	67.0	68.0	66.0	29.95	29.95	30.00	63.0	S and E	Cloudy
1833	12	10	31.19	S	81.52	W	63.0	64.0	63.0	30.05	30.05	30.05	64.0	Ditto	Fair
1833	12	11	31.49	S	81.52	W	63.0	63.0	66.0	30.05	30.05	30.00	64.0	Ditto	Ditto
1833	12	12	31.54	S	80.31	W	62.0	62.0	65.0	30.00	30.00	30.00	64.0	Ditto	Cloudy
1833	12	13	31.53	S	77.53	W	65.0	63.0	67.0	29.85	29.85	29.85	62.0	Ditto	Ditto
1833	12	14	32.00	S	75.35	W	64.0	63.0	65.0	29.85	29.85	29.85	62.0	Ditto	Ditto
1833	12	15	32.32	S	75.26	W	64.0	63.0	64.0	29.85	29.85	29.85	62.0	Ditto	Fair
1833	12	16	33.04	S	72.22	W	62.0	62.0	62.0	29.75	29.75	29.75	58.0	S	Ditto
1833	12	17	Valparaiso				63.0	69.0	69.0	29.75	29.75	29.75		S and E	Ditto
1833	12	18					63.0	69.0	70.0	29.75	29.75	29.75		Ditto	Ditto
1833	12	19					63.0	69.0	69.0	29.75	29.75	29.75		Ditto	Ditto
1833	12	20					64.0	64.0	70.0	29.68	29.68	29.68		Variable	Cloudy
1833	12	21					64.0	63.0	65.0	29.70	29.70	29.70		S and E	Fair
1833	12	22					64.0	67.0	66.0	29.70	29.70	29.70		Variable	Cloudy
1833	12	23					64.0	66.0	66.0	29.70	29.70	29.70		S and E	Fair
1833	12	24					65.0	70.0	65.0	29.70	29.68	29.65		Variable	Ditto
1833	12	25					64.0	68.0	66.0	29.60	29.60	29.65		N and W	Cloudy
1833	12	26					64.0	66.0	67.0	29.65	29.65	29.65		Ditto	Ditto
1833	12	27					66.0	68.0	69.0	29.70	29.75	29.75		Ditto	Ditto
1833	12	28					66.0	70.0	70.0	29.78	29.78	29.78		S and W	Fair
1833	12	29					68.0	69.0	70.0	29.78	29.78	29.78		Variable	Cloudy
1833	12	30					68.0	70.0	72.0	29.78	29.70	29.70		S and E	Fair
1833	12	31					67.0	72.0	72.0	29.70	29.70	29.70		Ditto	Ditto
1834	1	1					67.0	72.0	72.0	29.65	29.65	29.65		S and W	Ditto
1834	1	2					67.0	72.0	70.0	29.65	29.60	29.60		S and E	Ditto
1834	1	3					66.0	72.0	68.0	29.65	29.65	29.65		Ditto	Ditto
1834	1	4					64.0	68.0	68.0	29.70	29.70	29.70		Variable	Ditto
1834	1	5					64.0	64.0	66.0	29.65	29.65	29.65		Ditto	Ditto
1834	1	6					63.0	68.0	67.0	29.65	29.65	29.65		N and E	Ditto
1834	1	7					64.0	70.0	71.0	29.65	29.65	29.65		Variable	Ditto
1834	1	8					63.0	65.0	68.0	29.75	29.75	29.75		N and E	Ditto
1834	1	9					66.0	68.0	70.0	29.75	29.75	29.70		N and W	Ditto
1834	1	10					65.0	66.0	68.0	29.65	29.65	29.65		Variable	Ditto
1834	1	11					65.0	66.0	67.0	29.65	29.65	29.65		Ditto	Ditto
1834	1	12					66.0	68.0	68.0	29.65	29.65	29.65		Ditto	Ditto
1834	1	13					64.0	70.0	68.0	29.70	29.70	29.75		S and W	Ditto
1834	1	14					64.0	70.0	72.0	29.78	29.75	29.75		S and E	Ditto
1834	1	15					68.0	77.0	78.0	29.70	29.65	29.60		Ditto	Ditto
1834	1	16					68.0	80.0	78.0	29.55	29.60	29.60		Ditto	Ditto
1834	1	17					68.0	68.0	70.0	29.65	29.65	29.65		Ditto	Cloudy
1834	1	18					66.0	71.0	73.0	29.68	29.65	29.65		Variable	Fair
1834	1	19					66.0	71.0	70.0	29.60	29.60	29.60		Variable	Fair
1834	1	20					64.0	66.0	68.0	29.60	29.58	29.60		S and W	Ditto
1834	1	21					66.0	77.0	65.0	29.65	29.65	29.65		Variable	Cloudy
1834	1	22					63.0	77.0	78.0	29.70	29.70	29.70		N	Fair
1834	1	23					64.0	66.0	68.0	29.65	29.65	29.65		Variable	Ditto
1834	1	24					66.0	74.0	72.0	29.65	29.65	29.65		S and E	Ditto
1834	1	25					66.0	70.0	70.0	29.65	29.65	29.65		Variable	Ditto
1834	1	26					66.0	67.0	70.0	29.70	29.70	29.70		N	Cloudy
1834	1	27					67.0	70.0	70.0	29.70	29.70	29.70		S amnd E	Fair
1834	1	28					66.0	71.0	72.0	29.70	29.75	29.75		Variable	Ditto
1834	1	29					69.0	71.0	72.0	29.80	29.80	29.75		Ditto	Ditto
1834	1	30					68.0	70.0	70.0	29.70	29.70	29.70		Ditto	Ditto
1834	1	31					69.0	70.0	72.0	29.68	29.68	29.70		Ditto	Ditto
1834	2	1					66.0	72.0	73.0	29.70	29.70	29.75		Ditto	Ditto
1834	2	2					67.0	71.0	72.0	29.78	29.78	29.78		S and E	Cloudy
1834	2	3					68.0	72.0	70.0	29.75	29.75	29.75		N	Fair
1834	2	4					66.0	70.0	71.0	29.75	29.75	29.75		Ditto	Cloudy
1834	2	5					67.0	71.0	69.0	29.75	29.75	29.75		Variable	Ditto
1834	2	6					67.0	70.0	71.0	29.78	29.78	29.78		N	Ditto
1834	2	7					69.0	72.0	73.0	29.78	29.78	29.78		Ditto	Ditto
1834	2	8					71.0	71.0	71.0	29.78	29.78	29.78		S and E	Fair
1834	2	9					69.0	72.0	70.0	29.70	29.70	29.70		Variable	Ditto
1834	2	10	32.26	S	74.52	W	69.0	68.0	69.0	29.70	29.75	29.75	68.5	Ditto	Ditto
1834	2	11	32.52	S	78.56	W	70.0	72.0	69.0	29.85	29.85	29.85	72.0	S and E	Ditto
1834	2	12	32.47	S	80.42	W	71.5	72.0	70.0	29.90	29.90	29.90	73.0	Variable	Ditto
1834	2	13	32.46	S	82.20	W	72.0	73.0	74.0	29.95	29.95	29.95	72.0	S and E	Ditto
1834	2	14	33.12	S	82.54	W	74.0	76.0	75.0	29.85	29.80	29.80	75.0	Variable	Ditto
1834	2	15	35.04	S	83.28	W	72.0	74.0	70.0	29.80	29.80	29.75	71.0	Ditto	Cloudy
1834	2	16	35.50	S	83.41	W	68.0	66.0	65.0	29.75	29.80	29.80	68.0	S and W	Rain
1834	2	17	35.49	S	86.00	W	66.0	66.0	69.0	30.00	30.10	30.10	68.0	S and E	Squalls
1834	2	18	36.55	S	85.01	W	67.0	68.0	64.0	30.00	30.00	29.90	66.5	S and W	Cloudy
1834	2	19	38.47	S	84.09	W	67.0	68.0	66.0	29.85	29.85	29.55	64.0	Ditto	Ditto
1834	2	20	40.08	S	83.54	W	63.0	62.0	66.0	29.65	29.75	29.80	60.0	S	Rain
1834	2	21	40.42	S	85.50	W	62.0	64.0	61.0	29.85	29.80	29.80	62.0	S and E	Fair
1834	2	22	42.28	S	85.10	W	61.0	61.0	55.0	29.75	29.75	29.75	58.0	N and W	Squalls
1834	2	23	42.58	S	83.50	W	56.0	61.0	55.0	29.75	29.80	29.80	67.0	S	Fair
1834	2	24	44.42	S	81.48	W	53.0	54.0	53.0	29.60	29.60	29.80	56.0	S and W	Ditto
1834	2	25	44.20	S	84.43	W	54.0	52.0	54.0	29.85	29.95	30.00	55.0	S and E	Ditto
1834	2	26	46.00	S	81.20	W	55.0	54.5	55.0	30.00	30.00	30.00	54.5	S	Cloudy
1834	2	27	46.42	S	80.43	W	53.0	57.0	55.0	30.10	30.20	30.10	55.0	S and W	Ditto
1834	2	28	46.36	S	81.26	W	54.0	56.0	54.0	30.10	30.00	30.00	54.0	Ditto	Ditto
1834	3	1	47.04	S	81.45	W	52.0	51.0	53.0	29.80	29.75	29.70	54.0	Ditto	Ditto
1834	3	2	49.59	S	79.50	W	54.0	55.5	51.0	29.30	29.22	29.20	53.0	W	Ditto
1834	3	3	53.21	S	77.45	W	50.0	52.0	48.0	29.00	29.00	28.95	49.0	Ditto	Ditto
1834	3	4	55.23	S	73.31	W	47.0	47.0	45.0	29.00	29.00	29.10	48.0	SW	Ditto
1834	3	5	56.28	S	70.04	W	46.0	46.0	50.0	29.20	29.20	29.20	47.0	W	Ditto
1834	3	6	57.00	S	68.35	W	50.0	48.0	45.0	29.05	29.05	29.05	48.5	N and E	Squalls
1834	3	7	55.54	S	64.53	W	40.0	40.0	42.0	29.50	29.50	29.65	43.0	S and E	Ditto
1834	3	8	53.27	S	63.16	W	44.0	48.0	46.0	29.65	29.60	29.45	48.0	E	Cloudy
1834	3	9	52.39	S	58.52	W	48.5	49.0	47.0	29.30	29.30	29.30	49.0	Variable	Squalls
1834	3	10	49.12	S	55.34	W	48.0	49.0	52.0	29.30	29.30	29.30	46.0	S and W	Fair
1834	3	11	46.31	S	53.19	W	58.0	57.0	56.0	29.20	29.30	29.40	57.0	W	Cloudy
1834	3	12	45.41	S	53.02	W	59.0	64.0	58.0	29.50	29.50	29.50	58.0	S and W	Fair
1834	3	13	44.36	S	50.23	W	58.0	58.0	57.0	29.60	29.60	29.60	56.0	N and W	Cloudy
1834	3	14	43.30	S	47.46	W	61.0	62.0	64.0	29.40	29.40	29.30	57.0	Ditto	Foggy
1834	3	15	41.00	S	45.48	W	59.0	59.0	57.0	29.60	29.60	29.70	59.0	W	Fair
1834	3	16	38.28	S	45.30	W	67.0	69.0	66.0	29.70	29.70	29.65	69.0	N and E	Ditto
1834	3	17	36.52	S	44.38	W	68.0	67.0	66.0	29.40	29.50	29.60	68.0	W	Ditto
1834	3	18	35.18	S	43.30	W	69.0	72.0	69.0	29.65	29.65	29.65	71.0	S and W	Ditto
1834	3	19	34.42	S	42.18	W	70.0	70.0	72.0	29.60	29.60	29.60	72.0	N	Ditto
1834	3	20	33.00	S	41.40	W	71.0	72.0	72.0	29.60	29.60	29.40	72.0	W	Ditto
1834	3	21	30.40	S	40.16	W	71.0	72.0	72.0	29.40	29.55	29.65	72.0	N and W	Ditto
1834	3	22	28.53	S	40.36	W	73.0	72.0	75.0	29.90	29.90	29.90	76.0	S and W	Ditto
1834	3	23	27.57	S	40.50	W	74.0	73.0	77.0	29.90	29.90	29.85	77.0	Variable	Ditto
1834	3	24	26.50	S	40.55	W	76.0	76.0	76.0	29.85	29.85	29.85	79.0	S	Ditto
1834	3	25	24.29	S	41.27	W	76.0	74.0	78.0	29.85	29.85	29.85	80.0	S and E	
1834	3	26					77.0	80.0	81.0	29.75	29.75	29.75		E	
1834	3	27	Rio de Janeiro				77.0	80.0	79.0	29.65	29.50	29.50		S	
1834	3	28	 				80.0	80.0	81.0	29.68	29.68	29.70		Ditto	
1834	3	29					76.0	75.0	77.0	29.78	29.78	29.78		Ditto	
1834	3	30					75.0	77.0	77.0	29.78	29.85	29.80		Ditto
1834	3	31					77.0	78.0	80.0	29.80	29.78	29.75		Ditto
1834	4	1					78.0	80.0	82.0	29.70	29.65	29.65		Ditto
1834	4	2					79.0	76.0	75.0	29.78	29.78	29.78		Ditto
1834	4	3					75.0	77.0	76.0	29.85	29.85	29.85		Ditto
1834	4	4					76.0	78.0	78.0	29.80	29.80	29.80		Ditto
1834	4	5					77.0	78.0	79.0	29.80	29.75	29.75		Ditto
1834	4	6					78.0	78.0	79.0	29.72	29.70	29.70		Ditto
1834	4	7					77.0	74.0	76.0	29.75	29.75	29.75		Ditto
1834	4	8					72.0	75.0	76.0	29.85	29.80	29.80		Ditto
1834	4	9					75.0	77.0	76.0	29.80	29.80	29.80	78.0	Ditto
1834	4	10	24.52	S	41.35	W	78.0	79.0	78.0	29.80	29.80	29.80	80.0	E
1834	4	11	24.14	S	41.13	W	80.0	80.0	81.0	29.85	29.85	29.85	79.0	Ditto
1834	4	12	24.24	S	40.20	W	80.0	81.0	80.0	29.85	29.85	29.85	80.0	N and E
1834	4	13	24.08	S	39.18	W	80.0	80.0	81.0	29.80	29.75	29.75	80.0	Ditto
1834	4	14	24.16	S	36.48	W	79.0	81.0	80.0	29.75	29.75	29.75	80.0	Ditto
1834	4	15	23.53	S	35.10	W	80.0	80.0	80.0	29.70	29.75	29.75	79.0	N
1834	4	16	22.51	S	32.25	W	80.0	81.0	79.0	29.75	29.75	29.75	81.0	Ditto
1834	4	17	21.03	S	31.10	W	80.0	80.0	82.0	29.75	29.75	29.75	81.0	N and W
1834	4	18	20.36	S	31.04	W	80.0	81.0	80.0	29.80	29.80	29.80	81.0	Variable
1834	4	19	19.27	S	31.29	W	81.0	82.0	80.0	29.80	29.80	29.75	82.0	N and E
1834	4	20	16.51	S	32.53	W	81.0	82.0	82.0	29.75	29.75	29.80	82.0	Ditto
1834	4	21	13.55	S	33.21	W	82.0	81.0	82.0	29.80	29.80	29.80	81.0	E
1834	4	22	10.29	S	33.30	W	82.0	82.0	82.0	29.75	29.75	29.70	82.0	Ditto
1834	4	23	6.45	S	32.57	W	82.0	81.0	81.0	29.70	29.70	29.70	83.0	SE
1834	4	24	4.22	S	32.17	W	82.0	80.0	81.0	29.70	29.70	29.70	82.0	S and E
1834	4	25	3.55	S	31.57	W	81.0	81.0	80.0	29.70	29.70	29.70	81.0	Variable
1834	4	26	1.39	S	33.34	W	81.0	83.0	82.0	29.75	29.75	29.75	84.0	E
1834	4	27	0.55	S	34.28	W	81.0	82.0	81.0	29.75	29.75	29.75	81.0	N and E
1834	4	28	0.28	N	35.41	W	81.0	82.0	80.0	29.75	29.75	29.75	81.0	Ditto
1834	4	29	1.25	N	36.20	W	78.0	79.0	79.0	29.70	29.70	29.70	81.0	Ditto
1834	4	30	1.41	N	36.32	W	80.0	80.0	80.0	29.70	29.70	29.70	82.0	Variable
1834	5	1	2.40	N	36.39	W	80.0	81.0	82.0	29.75	29.75	29.75	82.0	Ditto
1834	5	2	4.10	N	38.05	W	80.0	80.0	80.0	29.75	29.75	29.75	82.0	N and E
1834	5	3	6.33	N	41.08	W	80.0	81.0	80.0	29.75	29.75	29.75	80.0	Ditto
1834	5	4	8.54	N	44.03	W	80.0	80.0	80.0	29.70	29.70	29.70	79.0	Ditto
1834	5	5	10.59	N	46.23	W	80.0	81.0	80.0	29.75	29.75	29.75	80.0	Ditto
1834	5	6	13.15	N	48.40	W	79.0	80.0	79.0	29.75	29.75	29.75	79.0	NE
1834	5	7	15.43	N	51.18	W	80.0	80.0	80.0	29.80	29.80	29.80	79.0	N and E
1834	5	8	17.58	N	53.47	W	78.0	80.0	78.0	29.85	29.85	29.85	79.0	NE
1834	5	9	20.09	N	56.24	W	78.0	79.0	78.0	29.85	29.85	29.85	78.0	N and E
1834	5	10	22.49	N	59.25	W	78.0	78.0	77.0	29.85	29.85	29.85	76.0	Ditto
1834	5	11	24.50	N	61.35	W	78.0	78.0	78.0	29.80	29.80	29.80	76.0	E
1834	5	12	26.36	N	62.50	W	77.0	78.0	79.0	29.85	29.85	29.85	76.0	S and E
1834	5	13	28.25	N	64.06	W	78.0	77.0	78.0	29.90	29.90	29.90	77.0	S and W
1834	5	14	30.26	N	65.10	W	75.0	77.0	76.0	29.80	29.80	29.75	74.0	SW
1834	5	15	32.45	N	66.25	W	73.0	73.0	73.0	29.70	29.70	29.70	70.0	SSW
1834	5	16	34.15	N	67.20	W	72.0	65.0	64.0	30.00	30.10	30.10	67.0	Variable
1834	5	17	34.28	N	68.06	W	64.0	64.0	66.0	30.18	30.10	30.00	68.0	N and W
1834	5	18	34.46	N	69.30	W	66.0	68.0	68.0	29.90	29.90	29.90	72.0	N
1834	5	19	35.50	N	69.22	W	72.0	73.0	74.0	29.90	29.90	29.90	76-69	W
1834	5	20	38.17	N	69.33	W	73.0	73.0	70.0	30.00	30.10	30.10	68-78	Variable
1834	5	21	39.29	N	69.16	W	68.0	68.0	69.0	29.90	29.85	29.85	61-76	
1834	5	22	41.45	N	69.11	W	56.0	56.0		29.85	29.85	29.85	48.0	
1834	5	23	Boston							29.90				
