	VOYAGE DE LA PEROUSE AUTOUR DU MONDE							

Pg. 311		"ROUTE DE LA BOUSSOLE, FOR YEARS 1785 TO 1788"						

YEAR	MONTH	DAY	LAT	LONG	LONG	LONG	THERM	BAR.
					PAR LA 	PAR LES 		PARIS 
					MONTRE 	DISTANCES		LINES
					NO. 19	OF SUN & MOON		
1785	8	1	48 11 N  	7 33 E 			11.50	28 02 0
		2	47 08 38	9 03 30			14.00	27 11 0
		3	46 55 49	10 23  			12.25	27 07 5
		4	45 33 19	11 23  			14.00	27 10 5
		5	44 15  	11 53  	11 04 00 E		14.50	28 04 0
		6	43 23 22	12 37  	11 42 00		15.00	28 04 0
		7	41 19  	14 01  			15.00	28 04 0
		8	38 59  	15 43  	14 45 00		15.00	28 02 5
		9	36 52  	16 16  	15 19 00		15.50	28 04 2
		10	34 40  	16 42  			16.50	28 03 0
		11	33 02  	17 13  	16 21 00		17.00	28 02 8
		12	32 57  	18 37  	17 45 00		17.00	28 02 8
		13	32 59  	19 23  			18.00	28 04 0
		14	Madere					
		15						
		16	32 31  	19 15  				
		17	31 28  	19 08  				
		18	30 18  	18 22  	18 10 00			
		19	28 32  	18 52  			18.00	28 05 5
		20	Tenerife					
		21						
		22						
		23						
		24						
		25						
		26						
		27						
		28						
		29						
		30	28 21  	18 31 				
		31	27 11  	18 43 			19.00	28 03 5
	9	1	25 37  	19 09			18.00	28 03 0
		2	23 56 	19 09			18.25	28 03 0
		3	22 13  	20 31			19.00	28 03 0
		4	21 18  	20 58			19.00	28 04 0
		5	19 26  	21 36	22 18 40		20.00	28 03 0
		6	17 34   	21 57			20.00	28 02 8
		7	16 16  	22 01	22 34		20.25	28 02 8
		8	15 17  	22 04			22.00	28 02 3
		9	14 58  	22 10			22.00	28 02 1
		10	14 12  	22 11			22.50	28 02 1
		11	13 57	22 21			21.00	28 02 3
		12	13 07	22 32			20.80	28 02 8
		13	12 09	22 38	22 10		19.00	28 03 0
		14	11 02	22 42	21 58		21.80	28 02 5
		15	10 22	22 43			21.00	28 02 1
		16	9 10	22 10			21.00	28 02 6
		17	8 30	21 33	19 47		20.50	28 02 4
		18	7 37	20 56	18 56 27		20.25	28 02 0
		19	7 03	20 51	18 53		21.00	28 02 8
		20	6 07	20 48			19.00	28 02 5
		21	5 21	20 31			20.00	28 02 7
		22	4 42	19 44			20.00	28 03 0
		23	3 41	19 21	16 10	16 22	20.00	28 03 1
		24	2 54	18 47			20.50	28 03 3
		25	2 22	18 00	14 28 12		20.00	28 03 2
		26	1 39	18 46	15 37 15	15 46 15	20.00	28 03 2
		27	1 17	19 24			20.00	28 03 0
		28	0 50	20 12	17 31		19.50	28 02 5
		29	0 11	21 02	18 33		19.50	28 02 5
		30	0 42 S	21 47	19 12		19.00	28 03 0
	10	1	1 43	22 10	19 41		19.00	28 03 0
		2	3 00	22 38	20 21 42		19.00	28 03 3
		3	4 17	23 03	21 03		19.00	28 03 5
		4	5 37	23 32	21 41 31		19.00	28 03 6
		5	6 50	24 00	22 12 18		19.00	28 03 5
		6	8 05	24 26	23 01 30		19.00	28 03 2
		7	9 29	24 54	23 38 36		19.50	28 03 6
		8	10 57	25 25			19.50	28 04 4
		9	12 14	25 56			18.50	28 04 0
		10	13 23	26 18	25 22 36		18.50	28 03 6
		11	14 29	26 40	25 46 32	25 23 32	18.00	28 03 8
		12	15 46	27 02	26 30 30	26 12 30	18.00	28 04 7
		13	17 03	27 24	27 14		17.20	28 04 3
		14	18 39	28 04	28 09 02		17.00	28 04 8
		15	20 23	28 51	28 52 20		17.50	28 03 9
		16	20 38	30 33	30 37		17.50	28 03 3
		17	20 39	31 24				
		18	20 39	31 24	31 19		14.50	28 02 5
		19	21 01	33 15			18.05	28 02 9
		20	20 33	34 34			17.00	28 02 7
		21	20 34	35 21			17.00	28 02 3
		22	20 28	36 33			17.00	28 03 0
		23	20 29	37 53	37 32 40		16.50	28 04 6
		24	21 27	38 38			16.00	28 03 6
		25	23 26	40 03	39 57		16.50	28 00 6
		26	24 11	41 14	40 56 20	41 06 20	16.50	28 01 1
		27	25 03	42 00	41 26 30	41 45 30	17.00	28 00 2
		28	24 45	42 22	41 53 52		17.00	28 02 0
		29	24 49	43 19			16.50	28 02 0
		30	25 32	44 55			16.80	28 01 0
		31	25 57	45 43			17.50	28 00 7
	11	1	26 48	47 01	46 41		16.30	28 02 2
		2	27 33	48 05			15.50	28 01 2
		3	27 30	49 13			15.00	28 01 1
		4	27 11	49 14			14.50	27 09 8
		5	26 51	49 35	49 49		14.80	28 02 0
		6	27 20	49 42				
		7	Ste. Catherine				15.50	28 01 0
		8						
		9						
		10						
		11						
		12						
		13						
		14						
		15						
		16						
		17						
		18						
		19	27 21	50 00				
		20	27 27	49 15			17.30	28 02 0
		21	27 59	48 33		48 53	15.50	28 02 3
		22	28 52	48 02			16.50	28 01 0
		23	30 50	46 50		47 40	15.50	28 00 0
		24	31 34	46 20		46 43 30	16.40	28 02 8
		25	32 35	45 38	45 38		17.03	28 02 0
		26	33 36	44 32			15.00	28 01 2
		27	35 03	43 19			14.00	28 00 1
		28	35 24	43 39	44 10		13.30	27 11 7
		29	35 44	42 53	42 59		13.80	28 02 2
		30	36 26 44	41 58	41 41		14.00	28 03 1
	12	1	37 38	40 21	39 29		14.00	28 03 1
		2	38 36	39 30			13.10	27 11 5
		3	40 01	37 58			11.10	27 11 5
		4	40 49	37 02			10.00	28 00 1
		5	42 31	36 51			10.50	28 02 0
		6	43 48	36 26 44			8.80	27 10 3
		7	44 34	35 38	33 09	34 10	6.80	27 11 6
		8	45 03	35 28			7.50	27 11 5
		9	44 13	35 45	34 44	35 50	9.00	27 10 5
		10	44 44	36 39			9.00	27 09 2
		11	44 51	37 11	34 09		5.00	27 05 0
		12	44 38	38 02			7.00	28 00 7
		13	45 19	38 52			7.00	27 10 4
		14	44 00	39 10			7.00	28 01 6
		15	43 27	40 16	36 26		8.00	28 04 2
		16	44 13	41 34			9.50	27 10 7
		17	44 42	41 49	38 06		7.00	28 02 0
		18	44 53	42 55	39 25		7.30	28 00 8
		19	44 35	44 32			10.00	28 01 7
		20	44 47	45 35	42 25 24		9.00	28 00 4
		21	44 50	46 20			9.00	28 00 4
		22	44 44	46 50	44 08	44 41	9.50	28 00 2
		23	43 26	46 58			10.00	27 10 0
		24	43 26	47 37			10.00	28 00 4
		25	42 23	48 10			10.00	27 07 1
		26	42 23	48 37			9.00	28 00 3
		27	42 42	49 17	47 50		9.50	28 00 3
		28	42 02	49 59	47 59		10.50	27 11 0
		29	41 45	51 06	48 57 24		10.00	27 11 4
		30	42 09	51 58	49 20		10.00	28 00 2
		31	42 19	53 07			12.00	28 01 4
1786	1	1	41 33 21	53 27	51 05		12.00	28 00 4
		2	41 29	54 19	52 11		14.00	28 02 6
		3	42 34 41	55 50	53 20		14.00	27 11 0
		4	42 44 41	56 50	54 42	55 47	10.50	28 00 6
		5	43 38 21	58 11	55 44	57 04	12.00	27 09 6
		6	44 44	59 00			12.00	27 09 2
		7	44 55	59 51	57 23		10.00	27 11 6
		8	45 31 21	60 48	58 17	59 17	10.00	27 06 9
		9	46 48	61 48	59 47		9.50	27 06 7
		10	47 47	62 17			8.00	27 05 9
		11	48 12 22	62 44	60 26		10.00	27 11 0
		12	47 58 21	63 22	61 15		8.50	27 08 4
		13	46 50 20	64 20			8.00	28 02 0
		14	47 59 50	65 44			10.00	27 08 9
		15	48 55 20	66 59			10.50	27 05 8
		16	49 40 30	67 07	64 43		9.00	27 09 6
		17	50 04 50	68 01			7.10	28 01 9
		18	50 56 22	68 41	66 43		9.00	28 04 9 
		19	50 14 43	69 27	67 39		9.00	28 05 0
		20	50 57 02	70 45	68 48	69 46	8.50	28 02 2
		21	51 35 20	71 08			9.00	28 00 9
		22	52 21 26	70 58	68 55	69 38	10.50	28 02 3
		23	53 39 42	70 17	68 06	68 06	8.50	28 02 4
		24	54 35 	69 03	66 41	68 04	10.00	28 01 3
		25	55 48	68 00			9.00	27 08 3
		26	57 13	68 25	66 36		6.00	27 07 0
		27	57 59	69 17			4.50	27 03 2
		28	57 58	70 58	68 18		4.50	27 04 0
		29	58 22	72 07			4.50	27 04 7
		30	57 54	72 27			5.00	27 04 8
		31	58 23	72 43			6.00	27 06 3
	2	1	58 03	73 26	71 25		6.00	27 07 7
		2	58 24	74 37			6.00	27 04 1
		3	58 50 40	76 17			6.00	27 04 1
		4	58 50	76 42			4.50	27 01 4
		5	59 48 22	77 23			4.50	27 05 6
		6	60 38	78 32	77 21		4.50	26 11 6
		7	59 20	80 26	78 41		3.80	27 04 2
		8	58 38	81 42	79 52		3.80	27 01 2
		9	57 21	84 36	82 38		5.00	27 04 7
		10	56 01	86 23			4.50	27 05 4
		11	53 39	87 23	84 10		5.50	27 09 0
		12	53 05	87 55	84 14		4.80	27 09 0
		13	51 17	88 01			5.50	27 06 6
		14	49 58	87 58			5.50	27 10 9
		15	48 03	87 38			7.00	27 08 7
		16	45 17	87 18	82 22		7.00	27 09 8
		17	43 25	86 27	81 24		9.50	28 01 5
		18	42 13	85 55	80 36		10.50	28 01 5
		19	41 04	84 55	79 20	80 25	12.00	28 01 5
		20	39 54	83 31	77 42	78 32	13.10	28 02 8
		21	39 08	81 56	76 17	77 18	13.00	28 03 0
		22	37 51	80 50	75 13	76 10	13.00	28 03 0
		23	36 42	80 15	75 00	75 53	12.50	28 04 6
		24	36 43 26		75 30		9.50	28 01 6
		25	Talcaguana Observatory					
		26						
		27						
		28						
	3	1						
		2						
		3						
		4						
		5						
		6						
		7						
		8						
		9						
		10						
		11	36 43 26		75 30			
		12						
		13						
		14						
		15						
		16						
		17						
		18	36 26 52	75 34 25			11.30	28 02 4
		19	35 28 25	76 44				28 03 4
		20	33 44 	78 57			11.30	28 02 8
		21	32 31 37	81 21			13.00	28 04 3
		22	31 28	83 34			13.80	28 04 6
		23	30 03 27	86 01	85 52	85 39 27	14.50	28 04 0
		24	29 46 10	87 54	87 44	87 33	15.00	28 02 9
		25	29 12	89 34	89 12 30	89 14 59	14.00	28 02 4
		26	28 31 10	91 15	90 52		15.20	28 04 0
		27	27 55 40	93 27			16.50	28 05 2
		28	27 32 40	95 52			16.00	28 05 1
		29	27 16	97 51	97 49		17.00	28 04 7
		30	27 07	99 36	99 11		16.50	28 03 9
		31	27 01	101 37	101 01		17.00	28 04 0
	4	1	27 03 38	103 37	103 02		17.50	28 04 3
		2	27 09 09	105 55	105 17		18.00	28 04 7
		3	27 04 31	107 41	107 19		18.00	28 04 8
		4	27 11 58	109 30	108 49		19.00	28 03 0
		5	27 04 53	109 46			19.00	28 02 6
		6	27 02 08	109 41	109 22		19.00	28 00 7
		7	26 58	110 01	109 53		18.00	28 02 0
		8	27 08	111 16	110 56		17.00	28 01 6
		9	27 08 50	112 18	111 51		17.50	28 06 0
		10	27 09		111 55 37		17.50	28 02 0
		11	26 24	112 06	111 51		17.00	28 03 5
		12	25 00 28	111 59	111 51 52		17.50	28 03 9
		13	23 22	111 57	111 47 20		17.50	28 03 6
		14	21 47	111 51	111 54		17.50	28 02 9
		15	20 34 10	111 45	111 52		18.50	28 03 0
		16	19 04 07	111 50	112 14		19.00	28 03 6
		17	17 30	112 18	112 55		19.00	28 03 6
		18	16 01	112 31	113 06		18.00	28 03 3
		19	14 08	112 29	113 16		19.00	28 02 4
		20	12 15	112 25	113 31	113 15 34	19.50	28 02 7
		21	10 07	112 23	113 28	113 25 16	19.80	28 02 3
		22	8 18 53	112 39	114 10 30		20.00	28 02 2
		23	6 37	112 56	114 40	114 34 37	21.00	28 01 8
		24	5 26 10	113 23	115 43		20.30	28 02 1
		25	4 16 40	114 09 06	116 48 40		20.50	28 03 1
		26	3 21	114 53	117 49		20.50	28 02 2
		27	2 15	115 26	118 26		20.75	28 01 8
		28	0 54	116 02	118 45		20.60	28 01 9
		29	0 18 N	116 33	118 00		19.80	28 01 9
		30	1 40 30	117 11	119 07		21.00	28 01 4
	5	1	2 59	118 00	119 53		21.00	28 01 3
		2	4 06 30	118 54	120 35		21.00	28 01 0
		3	5 07 05	119 32	121 14		21.00	28 01 4
		4	5 49	119 46	121 02		21.00	28 01 5
		5	6 10 50	119 55			21.50	28 01 4
		6	7 05 50	120 50	121 46		21.30	28 01 4
		7	8 16 36	121 33	122 55		21.00	28 01 4
		8	9 25	122 11	123 54		21.50	28 01 8
		9	10 44	123 25	125 34		21.00	28 02 4
		10	11 52 13	124 36	127 01		20.00	28 02 7
		11	13 34 30	125 39	128 19 30		20.00	28 02 7
		12	14 46 10	126 46	129 38		19.50	28 02 2
		13	16 20 50	127 59	131 51		19.50	28 03 3
		14	17 48	129 13	132 35		16.50	28 03 6
		15	19 11	130 27	134 01		16.30	28 03 4
		16	19 51	132 22	135 50		16.30	28 03 6
		17	19 59	133 34	137 36		17.50	28 03 5
		18	20 03	135 09	139 00		17.00	28 03 8
		19	20 03 30	136 51	140 52	140 48	16.00	28 03 6
		20	19 58	138 33	142 31	142 20	17.80	28 03 3
		21	19 57	140 12	144 11	144 01 45	17.30	28 03 4
		22	20 02 50	142 16	146 24		17.50	28 03 6
		23	20 07	143 52	148 07		16.80	28 04 3
		24	20 47 10	145 54	150 26		18.00	28 04 2
		25	20 58 30	148 05	152 36		19.00	28 03 8
		26	21 00 20	150 04	154 34		18.00	28 04 6
		27	21 03 40	151 54	156 12		18.00	28 04 6
		28	20 50 30	152 56	157 19		18.00	28 04 2
		29	20 34 30	153 56	158 25		18.00	28 04 4
		30					19.00	28 04 5
		31	21 14 36	159 34	159 41		20.00	28 04 6
	6	1	22 52 50	159 59	160 21		18.00	28 05 4
		2	24 48 50	160 05	160 21 40	160 16 45		28 05 8
		3	26 29	160 25	161 00		18.50	28 06 1
		4	28 02 05	160 45	161 15		18.00	28 05 4
		5	29 08 40	160 45	161 15		19.00	28 04 5
		6	30 46 50	160 22	160 40		17.00	28 02 3
		7	32 14 40	159 56	161 30		16.50	28 02 2
		8	33 53 50	159 24	159 31		16.50	28 04 4
		9	34 57 	159 03			15.00	28 05 2
		10	35 51	158 43			15.00	28 04 5
		11	37 02	158 34			12.00	28 05 1
		12	38 02	158 15			12.00	28 04 3
		13	39 19	157 47			12.50	28 05 1
		14	41 17	157 03	156 15		11.50	28 03 0
		15	43 12	155 48	154 54		8.00	28 04 0
		16	44 59	154 25			7.50	28 01 1
		17	46 52	152 58			7.00	28 02 0
		18	48 22	152 04	149 42		5.80	28 01 5
		19	50 05	151 10	148 29		5.50	27 01 4
		20	51 50 06	150 17	147 27	148 04	5.30	27 09 7
		21	53 17 20	149 31			5.50	28 01 2
		22	55 41 30	147 48	145 08		5.50	28 01 2
		23	57 46	146 00	143 42		6.50	28 02 9
		24	59 22	145 03	143 04 15		11.00	28 00 9
		25	59 33 30	142 52	142 37		7.50	28 00 8
		26	59 40 50	143 23	142 41		6.00	28 01 2
		27	59 18	142 41			5.80	27 08 6
		28	59 20	142 35	142 35		7.00	27 11 5
		29	59 20 30	142 02			7.00	27 11 5
		30	58 54	141 43	141 21		6.00	28 00 6
	7	1	59 07	141 03	140 52		7.00	28 02 5
		2	58 38 20	140 28			7.30	28 03 8
		3	58 38 10	140 22	139 46		5.50	28 02 0
		4					6.00	27 09 8
		5					8.00	28 01 2
		6					6.00	28 01 8
		7					8.20	28 02 2
		8					7.50	28 02 1
		9					8.00	27 10 5
		10						
		11						
		12						
		13						
		14						
		15	58 39 15					
		16						
		17					8.00	27 10 5
		18					11.00	27 08 3
		19					7.50	27 11 5
		20					5.00	28 03 6
		21					6.80	28 02 8
		22					6.80	28 04 3
		23					7.00	28 03 1
		24					7.00	28 02 5
		25					7.80	28 03 7
		26					8.00	28 01 6
		27					7.80	27 11 5
		28					6.00	27 11 8
		29					5.50	28 00 6
		30					6.00	28 01 9
		31					5.00	28 02 2
	8	1	58 22 25	139 46			8.00	28 02 5
		2	58 24	139 40				
		3	58 12	139 30 50				
		4	57 47	138 39				
		5	57 24	138 00			9.00	28 02 6
		6	57 18	138 13	138 32		8.80	28 01 0
		7	56 30	137 19	137 25		9.80	28 01 4
		8	55 41	136 40	136 48		9.00	28 03 4
		9	54 46 08	135 49	136 06 40		10.00	28 03 1
		10	54 23	135 27	135 03 25		9.50	28 02 4
		11	54 12 29	135 21	135 14 10		9.50	28 02 3
		12	54 06	136 11			8.80	28 01 3
		13	54 04	136 15			9.00	28 01 8
		14	53 50	135 51	135 46		9.50	28 03 8
		15	53 50 21	135 40	135 59 10		9.80	28 03 6
		16	53 20	136 17			10.50	28 01 3
		17	53 12	136 07	136 35 37		10.00	28 00 4
		18	52 35 11	134 21	134 01 25		10.30	28 00 9
		19	52 03 20	134 01	134 01		11.00	28 01 6
		20	51 40	133 19	133 33		11.00	28 01 3
		21	52 01	132 48	132 50 11		11.00	28 00 9
		22	55 22	131 38			10.00	28 03 2
		23	51 47	132 05	131 43 30		11.00	28 03 1
		24	51 01	131 23	131 27 25		11.50	28 03 7
		25	49 58 31	129 58	130 05 30		12.00	28 03 2
		26	49 16	129 25	129 37 		12.70	28 00 3
		27	48 59	129 46			12.00	28 00 1
		28	48 37	128 45	128 55		12.50	28 00 2
		29	48 39	127 57	128 04 22		12.50	28 02 5
		30	48 39	127 39			12.50	28 02 1
		31	47 58	127 45	127 58		12.00	28 01 3
	9	1	46 39	126 20	126 44 45	126 37 06	11.00	28 01 7
		2	45 57	125 58	126 30		11.00	28 03 8
		3	45 55	126 17	126 16		11.00	28 04 4
		4	44 41	126 31	126 38		12.00	28 03 5
		5	43 00	126 34	126 48		12.00	28 02 2
		6	41 27 21	126 17			11.30	28 01 6
		7	40 48 30	126 23	126 59 45		10.80	28 02 6
		8	39 53 45	126 50	127 07 30		12.00	28 02 4
		9	39 01 45	126 29			12.00	28 00 4
		10	38 15 45	126 18			11.50	28 00 6
		11	37 02	125 45	126 14 45		12.00	28 00 6
		12	36 56 30	124 05	124 52		10.50	28 00 5
		13	36 42	123 53	123 47		12.00	28 00 5
		14	36 51	123 16	123 45 45		12.00	28 00 5
		15						
		16						
		17						
		18						
		19						
		20						
		21						
		22						
		23						
		24	36 38	123 44	123 45 45			
		25	36 43	123 50				
		26	36 41	124 23	123 24			
		27	35 44 12	125 07			13.00
		28	34 12	126 39			13.00
		29	32 44	128 52	127 49 22	128 23 52	13.80
		30	30 58	130 55			14.50
	10	1	29 24	132 34			14.50
		2	28 39	134 00			15.00
		3	28 09 51	135 13			15.00
		4	27 54	135 49	134 50		15.80
		5	27 28 58	136 16	135 29		15.50
		6	27 35	137 34	136 55		15.50
		7	27 55	138 36			16.00
		8	28 03	139 57			16.00
		9	27 59 38	141 21	140 31		17.00
		10	27 59 48	143 03			17.00
		11	27 53	144 42	143 42		17.00
		12	27 52	145 12			16.30
		13	27 51	145 32	144 52		16.30	
		14	27 44 16	146 36	146 01	147 44 25	17.30	28 03 8
		15	27 52 16	148 14	148 04		17.80	28 03 2
		16	27 54 36	148 14			17.50	28 03 2
		17	27 49	148 46	148 08	149 26	18.00	28 03 8
		18	27 44 15	149 49			18.00	28 04 4
		19	28 02	149 11			17.00	28 03 1
		20	27 37	149 48			17.00	28 03 2
		21	27 44 13	149 48	149 42		17.00	28 01 2
		22	28 07	151 21			17.00	28 00 2
		23	28 04	151 42	150 51		17.50	28 02 9
		24	27 46	153 42	152 51		17.80	28 01 7
		25	27 27 30	153 56			16.80	28 02 5
		26	27 24	154 41	153 57	155 14 07	17.00	28 02 6
		27	27 00	155 17			18.50	28 02 1
		28	26 52	158 38			19.50	28 01 6
		29	27 09 11	159 11	157 23		18.00	28 01 1
		30	26 20	159 04	157 22		17.50	28 01 4
		31	26 27	159 23			18.30	28 02 3
	11	1	25 40	160 50			18.00	28 03 2
		2	24 30	163 05	161 00 02		18.50	28 02 3
		3	24 04	165 02			20.00	28 02 1
		4	23 29	166 38	164 40		20.00	28 02 6
		5	23 35	167 25	165 40		20.00	28 02 5
		6	23 37 45	168 39	166 47		20.00	28 02 4
		7	23 33 30	169 20			19.80	28 01 8
		8	22 52	170 28			17.00	28 01 2
		9	21 31	172 32			15.00	28 01 2
		10	21 11	174 22	173 55		16.00	28 02 1
		11	21 06 50	175 33	175 19	176 46 45	17.00	28 01 3
		12	21 13	175 59	175 57 47	177 25 40	19.30	28 00 5
		13	21 07 50	177 53			18.50	27 11 9
		14	20 47	178 14	176 50		19.00	28 00 9
		15	20 30 50	178 32	177 14 42	178 43 48	19.30	28 01 4
		16	20 13	179 27 E	179 06 E		19.00	28 02 2
		17	20 06	177 45	179 13		19.50	28 02 6
		18	19 54	176 51	178 35		20.00	28 02 1
		19	19 28	176 12	178 00		20.00	28 02 0
		20	19 36	175 15	176 56		20.50	28 02 1
		21	19 57	174 18	176 04		20.00	28 02 1
		22	20 08 03	173 36	175 11		21.00	28 01 8
		23	19 30	172 42	174 11		19.00	28 01 8
		24	19 41	172 03			20.00	28 01 5
		25	20 39	171 02	172 32		21.00	28 00 3
		26	20 29 29	169 58	171 30	170 05 E	21.50	28 02 1
		27	20 43 54	168 18	170 01	168 42	20.00	28 02 9
		28	20 18 05	166 38	168 09	166 47	19.00	28 03 2
		29	20 38 39	165 04	166 28	164 54	19.00	28 02 9
		30	20 26 11	163 41	165 02		19.50	28 02 6
	12	1	20 50 40	163 01	164 25		19.50	28 01 3
		2	21 34 13	162 28			20.50	28 01 8
		3	20 47 11	162 01			19.00	28 01 3
		4	20 46 21	160 24	161 54		19.50	28 02 0
		5	20 59 21	158 19	159 50		19.50	28 02 4
		6	20 58 10	156 24	158 05		19.50	28 02 1
		7	21 23	155 54			18.80	28 01 8
		8	21 19	154 42	155 51		18.50	28 02 5
		9	20 49	152 40	153 36		18.00	28 03 5
		10	20 56 35	150 49			19.00	28 03 5
		11	20 46	148 58	150 05	148 34	19.80	28 03 3
		12	20 28 21	147 05	148 10	146 33	20.00	28 02 9
		13	20 21 19	145 55	146 46 49		20.20	28 02 8
		14	20 15	144 33	145 16		19.00	28 02 5
		15	19 43	144 03	144 46		19.80	28 02 4
		16	20 02	141 51	143 21		20.00	28 02 1
		17	19 53	140 38	142 04		19.10	28 02 0
		18	20 02	139 34	140 58		20.20	28 01 5
		19	19 48 43	139 02	140 28		20.00	28 01 8
		20	19 38 53	137 53	138 55		18.50	28 02 1
		21	19 36 30	136 16	137 37		17.50	28 02 3
		22	19 58	134 43	136 19		19.00	28 02 5
		23	20 08 23	133 07			19.00	28 03 2
		24	20 41 19	130 26			18.50	28 03 4
		25	20 34 25	128 26	129 48	127 43	18.00	28 03 2
		26	20 23 19	125 32			16.00	28 04 7
		27	21 13	123 25	125 03 45	123 20 54	14.00	28 04 3
		28	21 08	121 32	122 48	120 57 28	16.50	28 04 0
		29	21 15	120 40	121 43	119 44	17.50	28 03 4
		30	21 18 40	118 40	120 25		18.80	28 04 0
		31	22 20	116 19			17.00	28 01 8
1787	1	1	22 19	113 54	115 55		14.50	28 04 4
		2	22 10	112 29			12.00	28 04 8
		3	Macao				12.50	28 04 5
		4						
		5						
		6						
		7						
		8						
		9						
		10						
		11						
		12						
		13						
		14						
		15						
		16						
		17
		18
		19
		20
		21
		22
		23
		24
		25
		26
		27
		28
		29
		30
		31
	2	1
		2						
		3						
		4						
		5	21 59 39	111 39			12.00	28 01 4
		6	21 59	112 26			11.50	28 01 7
		7	22 06	112 39			13.50	28 01 6
		8	21 36	112 50			16.00	28 02 1
		9	20 55	113 27			17.00	28 02 3
		10	19 57	114 44			18.00	28 02 6
		11	18 52	115 41			18.50	28 02 2
		12	18 31	115 57			20.50	28 02 1
		13	18 15	116 27			21.00	28 01 5
		14	18 11	117 20			21.50	28 01 2
		15	18 15	117 24			22.00	28 01 2
		16	17 54	118 00			22.00	28 00 7
		17	17 40	117 52			21.00	28 00 8
		18	18 01	117 41	118 16		28.00	28 01 3
		19	17 40	117 54	118 01		21.00	28 01 9
		20	15 44	117 28			21.50	28 02 0
		21	14 49	117 25			22.50	28 02 0
		22	14 30	117 52			21.80	28 01 2
		23	14 23	118 13			22.00	28 02 5
		24	Mirabelle					
		25					21.50	28 01 9
		26					23.00	28 01 9
		27			118 50			
		28						
	3	1						
		2						
		3						
		4						
		5						
		6						
		7						
		8					24.00	28 01 7
		9					24.00	28 01 9
		10						
		11						
		12						
		13						
		14						
		15						
		16						
		17						
		18	Port Cavite					
		19						
		20						
		21						
		22
		23
		24
		25
		26
		27
		28
		29
		30
		31
	4	1
		2
		3
		4
		5
		6
		7						
		8						
		9						
		10						
		11	14 24		117 58		21.00	28 02 5
		12	15 42	117 36			20.80	28 02 5
		13	16 23	117 02	117 20		21.00	28 03 2
		14	16 47	117 09	117 42		21.00	28 01 5
		15	17 01	117 07	117 41		20.50	28 01 6
		16	17 28	117 09	118 00		21.00	28 02 0
		17	18 09	116 59	117 44		21.00	28 02 9
		18	19 28	117 00	117 38		21.00	28 01 5
		19	20 59	117 39	117 39		21.50	28 01 8
		20	21 24	117 47	117 20		18.00	28 01 6
		21	21 38	117 17			17.20	28 03 2
		22	22 02	117 13	117 14		16.50	28 03 0
		23	22 02	117 38			16.50	28 03 1
		24	22 24	118 07	118 01	117 58 30	16.50	28 03 0
		25	22 47	117 16	117 07		16.50	28 03 1
		26	22 56	116 45	116 39		16.00	28 05 4
		27	22 32	117 42	117 59	118 16	18.00	28 03 0
		28	22 52	117 49	117 42		18.00	28 02 5
		29	23 24		117 45			
		30	22 09		117 55 30			
	5	1	21 45		118 19 20			
		2	21 44		119 22			
		3	21 45	119 33	119 29		20.00	28 03 0
		4	22 14	120 11	120 13		20.00	28 01 4
		5	22 40	120 29	120 37		19.00	28 02 7
		6	24 30	120 32	120 47		19.50	28 01 2
		7	26 03	121 02	121 22		19.80	28 01 3
		8	27 07	121 06	121 18		19.50	27 11 5
		9	27 43	120 30	121 15		16.00	27 11 3
		10	28 19	120 55			16.00	28 00 4
		11	28 36	121 09			15.00	28 00 1
		12	28 41	121 10			14.00	28 00 2
		13	29 27	121 16			15.00	27 11 5
		14	29 46	121 05	121 59		14.00	28 00 6
		15	30 01	121 56			13.20	28 00 6
		16	30 29	121 47			13.50	28 00 6
		17	30 47	121 46			12.00	28 00 5
		18	31 15	122 05	121 42		12.50	28 00 7
		19	31 47	122 04	122 00 		12.50	28 00 8
		20	32 08	122 10			11.50	27 11 2
		21	32 34	123 45	123 50		10.50	27 11 3
		22	32 59	124 16	124 21	124 06	11.50	28 00 6
		23	33 40	125 13	125 27		13.50	28 01 1
		24	34 23	126 07	126 27		13.00	27 10 0
		25	34 31	126 46	126 48		12.00	27 11 0
		26	35 29	127 25	127 35	127 12 30	12.50	27 11 1
		27	36 23	128 07			12.00	27 09 3
		28	36 41	128 17	128 11		11.00	27 11 4
		29	37 09	128 42	128 59		11.00	28 00 9
		30	38 12	129 47	129 45		12.00	28 01 4
		31	38 22	130 34	130 41		11.50	28 01 4
	6	1	38 12	131 27	131 35		12.50	28 01 9
		2						
		3						
		4						
		5						
		6						
		7						
		8						
		9						
		10						
		11						
		12						
		13						
		14						
		15						
		16						
		17						
		18	44 10	134 47			8.00	27 09 2
		19	44 30	134 52	135 13		8.00	27 10 5
		20	44 44	134 59	135 21	135 05	7.50	27 09 4
		21	44 46	135 35			8.00	27 10 2
		22	45 01	135 48	135 42		8.00	27 10 2
		23	45 10	135 37	135 19		6.00	27 10 4
		24	45 13		135 09			
		25					8.00	28 00 7
		26					8.00	28 00 7
		27	45 13	135 15	135 15	135 15	6.00	28 01 3
		28	46 08	136 28	136 24		7.50	28 01 7
		29	46 51	136 54	137 34		8.50	27 11 7
		30	47 20	137 33	137 37		8.00	28 00 5
	7	1	47 50	137 34	137 22		9.00	28 00 4
		2	47 52	137 22 30				28 00 4
		3	47 51	137 25			8.00	28 00 3
		4	47 51	137 25				27 11 3
		5	47 43	137 28	137 48		9.00	27 10 0
		6	48 00	138 20	139 19		10.00	27 07 6
		7	48 31	139 19	139 11		9.50	27 08 8
		8	48 23	139 32	139 41		10.00	27 07 4
		9	48 15	139 38	139 54		9.50	27 08 1
		10	48 22	139 53	139 57		10.50	27 11 5
		11	48 04	140 10	140 16	139 20	10.50	27 11 5
		12	47 53	140 10	140 25		11.00	27 11 4
		13	47 49		140 29		13.00	27 10 5
		14	48 13	140 00			13.50	27 10 5
		15	48 27	139 29			11.00	27 10 7
		16	48 22	139 09			12.00	27 11 3
		17	48 20	138 47			10.00	27 10 5
		18	48 12	138 42			11.80	27 10 6
		19	48 59		140 32		13.00	27 10 6
		20	49 26	140 32	140 32	140 16	14.00	27 10 5
		21	49 53	140 31			13.00	27 10 6
		22	50 31	140 26	140 30		14.00	27 10 8
		23	50 52	140 31	140 38	139 59	14.50	27 11 2
		24	51 29	140 26	140 29		14.00	28 00 2
		25						
		26						
		27						
		28						
		29						
		30						
		31						
	8	1						
		2						
		3						
		4						
		5	50 35	139 52	140 16		10.00	27 11 4
		6	50 18	139 53	139 50		14.00	27 07 3
		7	50 06	140 07			13.00	27 06 8
		8	49 13	139 41	139 28		15.00	27 10 2
		9	48 25	140 55	140 01	138 53	13.50	27 09 3
		10	46 45	140 24	140 11	138 37	13.20	27 10 5
		11	45 57	140 32	140 25		15.00	27 11 9
		12	45 40	140 48			11.00	28 00 2
		13	45 21	140 03	141 13		10.40	28 00 4
		14	47 27	141 43			11.50	28 00 0
		15	46 09	142 44	142 57		12.50	28 01 6
		16	46 20	143 48			12.50	28 01 6
		17	46 09	144 18	144 11		12.50	27 11 5
		18	45 57	144 52	144 58		12.00	27 11 2
		19	46 19	146 07	146 21		13.00	27 09 8
		20	46 27	148 06	148 09		13.00	27 10 7
		21	47 10	148 50	148 56		10.80	27 11 5
		22	47 14	148 47			12.00	28 00 4
		23	47 12	148 49	148 09		13.00	28 01 1
		24	47 22	149 24	149 15		10.80	27 11 5
		25	47 28	149 47			10.00	27 11 2
		26	47 20	149 48			11.00	27 10 7
		27	47 11	150 03	150 03		9.40	27 11 6
		28	47 07	149 44	149 44		9.20	27 01 8
		29	46 19	149 59			7.00	28 01 4
		30	45 57	150 48	151 10		8.00	28 01 4
		31	46 15	152 18			10.80	28 01 4
	9	1	47 03	153 58			12.00	28 01 0
		2	48 29	155 38	155 32		9.90	27 11 8
		3	49 16	156 24	156 23		9.00	28 02 0
		4	50 23	156 25	156 52	156 23	10.00	28 02 5
		5	50 56	157 17	157 40	157 15	9.80	27 11 8
		6	52 26	157 56	157 36	157 14	8.80	27 09 3
		7	52 47	156 54	156 57	156 42	7.80	27 10 4
		8	53 01		156 42			
		9						
		10						
		11						
		12						
		13						
		14
		15
		16
		17
		18
		19
		20
		21
		22
		23
		24
		25
		26
		27
		28
		29
		30				CORRECT		
	10	1	51 18	157 00	157 00		5.40	27 05 3
		2	49 44 21	157 43	157 43 15		4.20	27 10 7
		3	47 56 34	157 46	157 46 30		5.90	27 09 1
		4	46 26 45	158 04	158 04		5.90	27 08 1
		5	44 42 30	158 49 45	158 31 45		5.50	27 10 4
		6	43 16 04	159 36 30	159 40 30	00 04	8.00	28 03 8
		7				00 06	9.90	28 04 6
		8	43 17 08	161 47 10	161 55 10	00 08	12.00	28 00 7
		9	41 23 24	162 30 10	162 40 10	00 10	11.50	28 01 2
		10	40 26 28	162 28 30	162 41 30	00 13	11.50	28 02 3
		11	39 41 21	162 54 45	163 10 45	00 16	11.50	27 10 4
		12	38 45 51	163 16	163 35	00 19	12.00	28 02 1
		13	38 46 25	164 18	164 38	00 22	12.80	28 01 8
		14	38 04 49	164 14 15	164 39 15	00 25	14.10	28 04 5
		15	37 36 34	165 51	166 19	00 28	16.50	28 02 2
		16	37 36 55	167 34 30	168 05 30	00 31	16.80	28 01 7
		17	37 27 57	170 17 30	170 51 30	00 34	15.00	28 00 6
		18	37 28 37	171 33	172 10	00 37	14.00	28 02 3
		19	37 24 50	173 06 20	173 46 20	00 40	14.90	27 10 5
		20	37 15 17	175 32 57	176 15 07	00 42	12.90	28 04 0
		21	37 04 23	177 40	178 25	00 45	10.20	27 09 4
		22	37 19	179 31 45	179 40 30	00 47 45	11.00	27 10 8
		23	36 06 20	179 22 05	179 48 15	00 49 40	11.00	28 02 1
		24	35 44 51	179 10 55 W	178 20 30 W	00 50 25	16.00	27 11 7
		25	34 55 31	178 20 05	177 28 15	00 51 50	16.10	28 01 4
		26					16.80	28 00 3
		27	32 37 08	176 52 35	175 59 15	00 53 20	17.00	28 00 8
		28	31 31 21	176 08 40	175 15 	00 53 40	18.00	28 01 4
		29	29 37 16	176 16 	175 22	00 54	17.00	28 04 4
		30	27 33 27	176 41 30	175 47 15	00 54 15	18.50	28 03 1
		31		177 03 30	176 18	00 54 30	20.00	28 01 6
	11	1	26 26 35	175 38 15	174 43 30	00 54 45	21.00	28 01 8
		2	26 21 23	175 37 15	174 42 15	00 55	18.10	28 02 0
		3	25 12 45	175 42 01	174 52 45	00 55 16	20.50	28 02 9
		4	23 40 30	175 58 47	175 03 15	00 55 32	20.00	28 03 5
		5	21 39	176 09 46	175 14	00 55 46	20.00	28 02 7
		6					20.00	28 02 2
		7	17 54 02	176 02 22	175 05 30	00 56 52	20.10	28 01 7
		8	16 16	176 03 20	175 06 30	00 56 50	20.00	28 02 8
		9	14 48 39	176 03 55	175 06 45	00 57 10	20.50	28 01 3
		10	12 55 38	176 05 34	175 08	00 57 24	21.00	28 01 0
		11					21.00	28 00 8
		12					20.70	28 00 0
		13					21.00	28 00 4
		14	7 38	175 27 15	174 28 30	00 58 45	21.00	27 11 2
		15					20.80	27 11 6
		16	4 31				21.00	28 00 0
		17	3 39 50	175 09 04	174 08 35	1 00 29	21.00	28 00 2
		18	3 08 52	175 55 53	174 44 45	1 01 08	20.50	28 00 2
		19	2 04 28	176 21 50	175 20	1 01 50	21.00	28 00 4
		20	0 53 52	176 29 22	175 27	1 02 22	20.50	28 00 2
		21	0 34 S	176 35 37	175 32 30	1 03 07		
		22	1 48	176 10 27	175 06 33	1 03 54	20.50	28 00 4
		23	2 47 18	175 50 29	174 45 45	1 04 44	20.70	28 00 2
		24	3 28 13	175 15 36	174 10	1 05 36	21.00	28 00 4
		25	3 47	174 25 46	173 19 15	1 06 31	22.00	28 00 0
		26	3 51 56	173 52 59	172 45 30	1 07 29	20.80	27 11 6
		27	4 16 42	173 41 30	172 33	1 08 30	21.30	27 11 8
		28	5 25 06	173 02 04	171 52 30	1 09 34	22.00	28 00 3
		29	6 16 30	172 24 25	171 13 45	1 10 40	21.50	28 00 0
		30				1 11 48	19.00	28 00 5
	12	1	8 59	170 39 12	169 26 15	1 12 57	20.00	27 11 4
		2	10 26 25	170 08 48	168 54 30	1 14 16	20.60	27 10 4
		3	11 34 47	170 07 01	168 51 30	1 15 31	19.80	27 11 1
		4	12 10 02	169 57 50	168 41	1 16 50	21.00	27 11 8
		5	12 41 50	170 26 53	169 08 44	1 18 09	21.40	28 00 5
		6	13 19 11	170 47	169 27 30	1 19 30	21.00	28 00 6
		7	14 07 20	171 27 07	170 06 15	1 20 52	20.50	28 00 7
		8	13 58 52	172 18 31	170 56 15	1 22 16	20.10	28 00 4
		9	14 12 41	172 30 10	171 06 30	1 23 40	21.00	28 00 4
		10					21.00	28 00 5
		11	14 16 47	172 47 04	171 20 30	1 26 34	20.50	28 00 3
		12	14 12 25	172 48 48	171 20 45	1 28 03	21.00	28 00 2
		13	14 07	172 57 48	171 28 15	1 29 33	21.50	27 11 9
		14	13 51 50	173 24 05	171 53	1 31 05	21.50	27 11 9
		15	13 33 27	173 48 38	172 16	1 32 38	21.00	28 00 3
		16	13 20 17	174 17 43	172 43 30	1 34 13		
		17	13 24 19	174 49 10	173 14	1 35 40	21.00	28 00 3
		18	13 58 43	175 26 28	173 49 08	1 37 20	20.80	28 00 3
		19	14 22 04	175 47 16	174 08 06	1 39 10	21.00	28 00 3
		20	14 47 44	176 14 10	174 33 15	1 40 55	21.00	28 00 3
		21	15 26 28	176 28 56	174 46 16	1 42 40	21.00	28 00 3
		22		176 20 37	174 36 15	1 44 28	21.00	27 11 8
		23	16 03 31	176 16 16	174 30	1 46 16	21.00	27 11 8
		24	17 11 35	175 21 51	173 33 45	1 48 06	20.20	27 11 4
		25	18 11 02	175 06 29	173 16 30	1 49 59	19.00	27 11 8
		26		175 21 40	173 29 45	1 51 55	19.50	28 04 0
		27	18 35 19	175 46 03	173 52 10	1 53 53	19.00	28 00 0
		28	18 25 30	176 13 18	174 17 25	1 55 53	19.00	27 11 1
		29	18 43	176 52 56	174 55	1 57 56	18.80	27 10 4
		30	19 55 01	177 25 46	175 25 45	2 00 01	19.50	27 11 5
		31	21 04 34	177 38 52	175 36 45	2 02 07	19.50	27 11 4
1788	1	1	21 38 35	177 47 01	175 42 47	2 04 14	19.50	27 11 4
		2	22 25 34	177 48 22	175 42	2 06 22	19.50	27 11 6
		3	22 35 44	178 03 40	175 55 10	2 08 30	19.00	27 11 8
		4	22 19 40	178 45 20	176 35	2 10 20	18.80	28 00 1
		5	22 40 35	179 50 28	177 38	2 12 28	19.80	28 00 4
		6	23 21 32				19.00	28 00 6
		7					17.80	27 11 9
		8	25 00 31	174 31 01 E	176 49 30 E	2 18 29	18.00	28 00 2
		9	25 51 04	172 20 55	174 41 15	2 20 20	18.00	28 00 5
		10	26 42 26	170 24 09	172 46 15	2 22 06	18.00	28 00 4
		11	28 00	169 27 43	171 51 30	2 23 47	15.00	27 11 0
		12	28 57 29	167 22 23	169 47 45	2 25 22	16.50	27 08 5
		13	29 01 30	166 04 46	168 31 40	2 26 54	16.00	27 10 4
		14	29 07 23	164 42 46	167 11 12	2 28 26	16.00	27 11 9
		15	29 26 22	162 36 31	165 06 23	2 29 42	16.50	28 01 1
		16	30 25 48	160 40 19	163 11 19	2 31	17.30	28 01 7
		17	31 27 51	158 37 37	161 09 47	2 32 10	18.00	28 02 5
		18	32 17 09	156 49 10	159 22	2 32 50	18.00	28 01 6
		19	32 48 20	155 22 33	157 55 23	2 32 50	18.00	28 02 6
		20	33 16 35	153 17 36	155 51 11	2 33 35	18.00	28 03 6
		21	34 01 34	152 03 45	154 38	2 34 15	18.00	28 03 7
		22	34 08 33	151 25 15	153 59 50	2 34 35	18.00	28 03 4
		23	33 43 02	150 05	152 40	2 35	18.00	28 03 6
		24	34 09 24	150 08 20	152 43 45	2 35 25	17.00	28 01 8
