	S.M.S. PLANET 1906/1907							

Pg. 3								

YEAR	MONTH	DAY	HOUR	LAT	LONG	BAR	TEMP (C)	SST
1906	1	22	800			772.3	0.1	
			1200	53 40	5 32 E	774.2	4.8	
			1600			775.7	2.2	
			2000			776.3	1.5	
			2400			777.8	1.6	
		23	400			778.6	1.2	
			800			779.1	1.1	
			1200	51 8	2 9	779.2	2.3	
			1600			779.0	6.8	
			2000			779.2	2.2	
			2400			778.2	3.0	
		24	400			778.2	3.7	
			800			777.4	3.9	
			1200	49 46	2 0 W	776.5	5.2	
			1600			773.7	5.8	
			2000			772.3	6.3	
			2400			771.3	8.0	
		25	400			767.5	9.5	
			800			765.0	9.5	
			1200	48 36	5 11	764.0	10.6	
			1600			763.0	10.2	
			2000			763.9	10.6	
			2400			763.8	11.2	
		26	400			765.1	10.2	11.3
			800			767.3	10.6	11.4
			1200	46 52	7 5	768.4	11.2	12.0
			1600			769.0	11.3	11.9
			2000			769.5	11.2	13.0
			2400			771.0	11.2	13.0
		27	400			770.9	11.0	13.0
			800			770.5	11.3	12.7
			1200	44 19	9 17	770.8	11.6	13.0
			1600			769.6	11.0	13.0
			2000			769.3	11.3	12.9
			2400			769.7	11.3	13.2
		28	400			769.4	11.3	14.0
			800			769.4	11.3	13.9
			1200	41 19	11 31	770.0	13.7	14.0
			1600			769.7	15.1	14.4
			2000			770.3	12.8	14.7
			2400			770.9	12.8	14.6
		29	400			771.1	12.7	14.0
			800			771.1	15.3	14.9
			1200	38 50	9 32	771.5	17.5	14.9
			1600			771.5	17.5	14.8
			2000			772.2	16.4	14.7
			2400			771.7	11.3	12.2
	2	3	1200	38 38	9 13	770.0	17.5	13.0
			1600			768.7	17.5	14.5
			2000			768.2	13.5	14.8
			2400			766.0	13.3	14.7
		4	400			763.0	13.0	14.7
			800			762.5	13.5	15.5
			1200	35 58	7 54	761.0	14.0	16.8
			1600			760.2	16.2	16.2
			2000			760.2	13.8	16.5
			2400			760.5	13.2	15.5
		5	400			760.2	13.3	15.6
			800			761.2	13.6	15.8
			1200	34 25	11 33	761.8	14.3	16.0
			1600			761.8	14.2	16.0
			2000			763.2	14.4	16.2
			2400			764.0	14.2	16.0
		6	400			763.4	14.1	16.5
			800			765.7	14.9	16.8
			1200	33 3	14 36	766.2	15.1	17.0
			1600			766.7	13.9	17.0
			2000			767.8	14.5	17.0
			2400			767.9	14.8	
		7	400			767.9	15.2	17.1
			800			768.8	15.2	17.2
			1200	31 23	17 40	769.4	16.6	17.6
			1600			768.5	16.0	17.7
			2000			770.0	15.5	17.7
			2400			770.1	16.1	17.7
		8	400			769.4	15.6	17.5
			800			770.5	16.6	18.4
			1200	30 1	20 47	770.2	18.0	18.6
			1600			770.9	19.5	17.4
			2000			771.8	17.2	18.0
			2400			770.9	17.3	17.2
		9	400			771.1	17.7	17.7
			800			771.9	17.8	18.5
			1200	27 16	21 34	771.3	19.0	17.0
			1600			769.6	19.9	19.3
			2000			770.2	18.1	19.5
			2400			770.1	18.0	19.4
		10	400			768.6	18.3	19.5
			800			768.5	17.2	19.8
			1200	24 20	22 37	767.1	20.7	19.9
			1600			765.8	18.0	19.0
			2000			768.0	17.3	19.6
			2400			766.7	16.9	19.4
		11	400			765.9	18.1	19.5
			800			766.7	19.2	18.6
			1200	22 3	22 27	766.9	21.9	20.9
			1600			764.2	20.2	20.0
			2000			764.9	18.3	19.5
			2400			765.8	18.6	19.3
		12	400			763.0	18.0	19.1
			800			764.3	19.3	19.6
			1200			764.5	18.8	20.4
			1600			763.2	18.1	19.9
			2000			765.0	18.0	19.5
			2400					19.2
		13	400			763.2	19.0	21.0
			800			764.0	20.1	22.0
			1200	17 25	24 27	764.1	24.2	23.0
			1600			761.5	23.7	21.9
			2000			762.0	20.0	21.0
			2400			762.1	20.0	21.2
		17	1200	Porto Grande		763.9	20.8	20.4
			1600			762.6	21.8	20.5
			2000			763.5	19.8	20.3
			2400			763.5	19.8	21.0
		18	400			762.7	19.8	21.4
			800			763.6	20.6	21.6
			1200	14 56	24 35	762.9	22.2	21.7
			1600			761.8	22.8	21.7
			2000			762.5	20.6	21.6
			2400			762.6	20.6	21.0
		19	400			761.9	20.5	21.7
			800			763.4	20.7	22.8
			1200	13 17	23 30	763.4	21.7	23.9
			1600			761.7	22.0	23.8
			2000			762.7	21.9	23.0
			2400			762.5	21.6	23.2
		20	400			762.4	21.2	23.0
			800			762.9	22.5	23.5
			1200	11 8	22 7	762.0	23.2	
			1600			762.0	23.3	23.8
			2000			762.0	23.2	24.8
			2400			762.0	23.3	24.4
		21	400			761.3	23.8	24.5
			800			762.5	24.6	24.5
			1200	9 52	19 55	761.8	24.6	25.9
			1600			759.5	24.4	27.1
			2000			760.9	25.0	27.0
			2400			762.4	24.5	26.9
		22	400			760.8	24.6	26.2
			800			763.3	25.8	27.0
			1200	7 57	17 18	762.8	26.8	27.4
			1600			760.9	26.7	28.0
			2000			762.6	27.5	27.7
			2400			762.3	26.4	27.2
		23	400			760.8	26.3	27.5
			800			762.7	27.7	27.8
			1200	6 51	15 15	762.0	27.3	27.5
			1600			761.5	27.1	27.6
			2000			761.7	26.8	27.2
			2400			761.7	26.3	27.2
		24	400			760.6	26.1	28.6
			800			760.9	28.1	
			1200	Freetown		761.5	30.6	28.9
			1600			759.8	27.5	28.6
			2000			760.8	26.6	28.3
			2400			761.8	26.1	28.1
		28	1200			761.0	29.5	29.6
			1600			758.8	28.4	28.7
			2000			758.9	27.3	27.5
			2400			760.1	27.0	27.2
	3	1	400			759.7	26.4	27.1
			800			760.8	26.9	27.1
			1200	7 20	13 55	760.2	29.0	28.2
			1600			758.6	29.0	28.6
			2000			758.9	27.7	27.8
			2400			759.7	28.0	27.7
		2	400			758.4	27.9	27.8
			800			760.4	28.9	28.0
			1200	6 6	11 54	759.6	30.3	28.2
			1600			758.9	29.0	29.5
			2000			760.8	28.2	29.1
			2400					29.0
		3	400			759.8	28.0	28.6
			800			761.2	28.6	28.8
			1200	4 50	10 11	759.9	30.0	29.5
			1600			758.1	29.5	29.4
			2000			760.3	28.7	29.1
			2400			760.8	28.1	29.0
		4	400			760.0	27.8	28.5
			800			761.0	26.5	28.5
			1200	3 50	8 31	760.1	29.2	28.3
			1600			758.8	27.5	28.4
			2000			760.5	28.0	28.3
			2400			760.1	27.8	28.7
		5	400			759.2	27.6	
			800			760.7	28.1	28.5
			1200	2 39	6 18	760.0	30.5	29.0
			1600			758.3	28.8	29.0
			2000			759.5	28.2	28.8
			2400			760.6	28.0	28.5
		6	400			758.2	27.8	28.4
			800			760.0	28.0	28.4
			1200	1 20	5 11	759.3	28.1	28.5
			1600			758.7	28.2	28.7
			2000			760.4	27.8	28.6
			2400			760.0	27.4	28.5
		7	400			760.0	27.2	27.6
			800			761.3	27.6	27.8
			1200	1 18 S	5 8	760.6	27.8	28.0
			1600			759.6	27.7	28.5
			2000			760.8	27.8	28.5
			2400			760.8	27.4	28.0
		8	400			758.5	27.3	27.8
			800			760.5	26.5	27.7
			1200	3 42	4 57	760.5	27.5	
			1600			759.5	28.1	27.9
			2000			760.9	27.8	27.8
			2400			760.9	27.0	27.8
		9	400			758.0	27.1	27.4
			800			761.4	27.5	27.4
			1200	4 52	4 59	760.9	28.0	28.0
			1600			759.2	27.4	27.6
			2000			760.4	27.1	27.6
			2400			760.7	26.8	27.5
		10	400			758.9	26.6	28.1
			800			760.4	27.5	27.1
			1200	6 35	5 20	760.0	27.0	27.7
			1600			758.8	26.8	27.2
			2000			760.3	26.3	27.0
			2400			759.8	26.2	26.8
		11	400			759.3	25.8	27.0
			800			760.8	26.0	26.5
			1200	7 51	5 28	760.8	26.0	26.9
			1600			759.7	26.0	26.3
			2000			761.9	26.0	25.9
			2400			761.7	25.5	
		12	400			759.9	25.5	25.8
			800			761.8	25.5	25.7
			1200	9 23	5 42	761.3	25.8	26.0
			1600			760.1	27.7	26.2
			2000			761.2	25.4	26.0
			2400			761.1	25.8	25.8
		13	400			760.6	24.5	25.7
			800			761.5	23.5	25.7
			1200	11 16	5 47	761.8	24.8	25.9
			1600			759.9	25.0	26.1
			2000			761.0	24.5	25.7
			2400			761.4	24.6	25.5
		14	400			760.1	24.3	25.5
			800			761.0	23.7	24.5
			1200	13 49	5 53	760.0	23.8	25.4
			1600			760.5	23.9	24.2
			2000			761.2	23.7	24.0
			2400			761.2	23.3	23.6
		15	400			760.5	23.1	23.7
			800			762.2	26.6	24.0
			1200	"Jamestown, St Helena"		762.6	24.4	25.6
			1600			760.9	24.4	24.1
			2000			764.4	23.4	23.8
			2400			763.1	23.0	23.9
		18	1200	"Jamestown, St Helena"		763.0	24.5	25.2
			1600			761.8	24.7	25.3
			2000			762.5	23.1	24.8
			2400			762.6	23.0	24.5
		19	400			761.5	22.3	
			800			762.6	22.5	24.5
			1200	16 37	4 38	762.1	22.4	24.5
			1600			759.7	22.0	24.0
			2000			760.0	22.3	23.6
			2400			760.9	22.4	23.0
		20	400			760.2	22.0	23.4
			800			760.8	22.1	23.2
			1200	16 59	2 56	759.3	20.6	23.3
			1600			758.5	22.8	24.0
			2000			760.8	22.2	23.2
			2400			760.2	22.0	22.8
		21	400			759.4	21.7	22.9
			800			762.2	22.2	23.2
			1200	17 24	0 32	760.5	22.0	23.5
			1600			759.3	22.2	23.5
			2000			760.8	21.6	23.2
			2400			761.4	22.1	23.0
		22	400			759.7	22.0	22.9
			800			762.1	22.0	22.9
			1200	17 27	1 50 E	761.8	22.7	23.4
			1600			760.8	22.3	23.6
			2000			763.4	22.5	
			2400			762.8	22.1	
		23	400			762.2	23.5	22.5
			800			763.0	21.9	22.6
			1200	19 20	2 17	762.0	22.4	22.6
			1600			761.3	22.2	22.4
			2000			762.5	21.7	22.2
			2400			762.9	21.7	22.0
		24	400			761.5	21.0	21.3
			800			762.8	21.4	21.3
			1200	21 7	3 25	761.4	22.0	22.3
			1600			760.8	21.8	22.2
			2000			761.2	21.9	22.0
			2400			761.8	21.7	21.7
		25	400			761.8	21.3	21.2
			800			762.7	22.1	22.0
			1200	22 7	5 0	763.3	22.4	22.2
			1600			761.9	21.6	22.4
			2000			763.4	21.1	22.1
			2400			764.5	20.5	22.0
		26	400			763.2	20.8	21.7
			800			764.6	21.0	21.5
			1200	23 18	6 5	765.3	21.4	22.1
			1600			765.0	21.2	22.0
			2000			765.1	20.9	21.9
			2400			765.3	20.6	21.6
		27	400			764.5	20.0	21.4
			800			766.0	20.1	21.2
			1200	24 19	7 25	765.8	20.9	21.5
			1600			764.5	22.6	21.5
			2000			765.0	20.4	21.0
			2400			763.9	20.5	20.9
		28	400			763.0	20.1	21.0
			800			763.4	21.0	21.3
			1200	22 33	7 51	762.3	22.6	22.0
			1600			761.3	24.1	21.5
			2000			761.5	20.6	21.3
			2400			761.5	20.5	21.0
		29	400			762.0	20.2	21.0
			800			762.5	21.0	21.5
			1200	20 37	8 12	761.7	22.0	21.7
			1600			760.6	21.8	21.9
			2000			762.0	20.8	21.1
			2400			762.9	20.5	21.0
		30	400			762.8	20.0	21.0
			800			763.5	20.6	21.7
			1200	22 37	9 40	762.9	21.5	22.0
			1600			761.3	20.8	22.3
			2000			762.2	20.8	21.1
			2400			762.4	22.0	21.1
		31	400			762.5	20.0	21.0
			800			762.3	20.0	21.0
			1200	24 57	11 14	762.3	20.4	21.9
			1600			761.3	20.2	20.7
			2000			761.4	19.8	20.6
			2400			761.8	19.8	20.5
	4	1	400			761.0	20.0	20.5
			800			762.0	20.3	20.1
			1200	27 3	12 46	761.5	20.3	20.4
			1600			762.0	20.6	21.0
			2000			763.3	20.0	20.9
			2400			762.8	19.8	20.5
		2	400			762.9	19.8	20.8
			800			763.5	20.3	19.1
			1200	29 19	14 30	763.0	20.5	20.0
			1600			763.0	20.0	20.8
			2000			763.0	18.9	20.6
			2400			763.0	18.3	20.6
		3	400			761.5	18.0	19.0
			800			762.0	18.9	19.5
			1200	31 39	16 17	762.6	20.8	20.0
			1600			761.6	21.0	20.0
			2000			762.7	17.7	19.4
			2400			760.6	17.7	
		4	400			762.7	13.3	
			800			762.7	14.0	15.0
			1200	33 40	18 4	763.7	14.8	15.2
			1600			764.9	16.1	
			2000			765.6	15.1	15.9
			2400			766.1	14.7	15.5
		14	1200	33 54	18 26	767.3	18.0	
			1600			765.7	15.1	13.2
			2000			764.7	17.3	13.4
			2400			766.5	17.8	13.0
		15	400			765.0	17.1	17.6
			800			764.3	16.6	19.4
			1200	35 51	18 30	765.1	18.0	20.1
			1600			763.4	18.0	18.0
			2000			763.5	16.3	16.5
			2400			761.7	17.8	16.0
		16	400			759.1	17.5	18.8
			800			756.9	18.1	18.7
			1200	38 27	19 8	755.5	16.0	20.8
			1600			757.3	14.7	20.8
			2000			759.2	11.8	18.0
			2400			761.2	10.8	16.9
		17	400			761.8	10.6	18.2
			800			764.5	11.8	19.6
			1200	39 57	20 7	765.2	11.1	18.8
			1600			766.1	12.7	19.2
			2000			766.9	10.5	13.1
			2400			768.3	10.3	12.7
		18	400			767.5	10.9	13.8
			800			768.1	11.1	15.6
			1200	41 11	21 57	767.2	12.9	15.0
			1600			765.9	12.7	14.0
			2000			763.2	12.7	14.0
			2400			759.0	14.5	15.0
		19	400			757.6	15.2	14.7
			800			753.9	11.4	11.1
			1200	43 16	23 10	752.9	12.1	10.6
			1600			754.0	11.1	12.2
			2000			755.2	9.8	9.8
			2400			751.7	9.3	10.0
		20	400			751.1	8.8	9.1
			800			751.7	8.5	9.1
			1200	45 30	25 3	750.1	7.0	7.4
			1600			750.0	5.5	5.9
			2000			749.6	4.8	5.9
			2400			746.8	3.8	6.4
		21	400			745.9	2.4	5.5
			800			751.1	3.5	3.4
			1200	47 32	26 50	751.1	4.0	4.0
			1600			747.2	4.3	4.0
			2000			740.7	7.1	7.2
			2400			739.6	7.1	7.1
		22	400			738.4	6.5	5.4
			800			738.6	5.0	3.3
			1200	49 31	29 16	737.9	3.0	3.3
			1600			736.0	4.2	2.6
			2000			732.6	2.1	2.3
			2400			730.5	3.7	2.8
		23	400			728.4	3.1	3.1
			800			729.0	2.6	3.5
			1200	50 34	30 41	731.7	3.0	3.5
			1600			732.9	3.0	4.4
			2000			734.9	3.1	5.2
			2400			738.0	2.9	5.2
		24	400			740.1	1.5	4.8
			800			741.7	0.2	2.8
			1200	48 45	33 32	743.5	3.2	3.5
			1600			744.4	2.2	3.0
			2000			745.0		4.9
			2400			747.0	2.3	5.7
		25	400			747.5	2.5	5.0
			800			749.0	3.1	5.5
			1200	47 7	35 42	750.6	5.3	6.2
			1600			752.8	4.0	5.8
			2000			755.3	2.3	5.3
			2400			757.0	2.9	6.2
		26	400			759.4	2.3	6.2
			800			761.0	3.4	7.0
			1200	44 51	33 22	764.0	6.3	7.5
			1600			765.1	5.5	7.6
			2000			766.6	5.3	7.5
			2400			768.2	5.5	9.9
		27	400			768.3	6.6	9.5
			800			769.6	7.6	10.3
			1200	42 58	31 5	768.5	8.2	8.8
			1600			766.9	10.0	10.0
			2000			763.2	9.9	10.2
			2400			763.2	9.6	11.2
		28	400			761.2	12.5	11.0
			800			763.9	13.5	10.6
			1200	41 59	31 8	762.3	13.6	12.0
			1600			764.9	13.7	11.4
			2000			765.2	12.5	14.6
			2400			766.3	14.8	15.2
		29	400			767.9	14.8	16.0
			800			767.9	16.0	14.8
			1200	39 25	31 44	767.6	17.0	15.2
			1600			766.7	17.3	16.2
			2000			767.1	16.1	15.5
			2400			767.6	16.5	15.3
		30	400			767.3	16.8	15.8
			800			769.0	18.1	16.0
			1200	38 9	32 22	768.7	17.8	16.4
			1600			768.5	19.5	16.5
			2000			768.7	18.2	
			2400			768.2	19.1	17.0
	5	1	400			768.9	19.4	19.0
			800			769.1	19.6	19.0
			1200	36 51	32 58	767.9	20.9	19.4
			1600			766.1	20.0	19.5
			2000			765.5	20.1	19.3
			2400			765.0	20.0	19.4
		2	400			764.9	20.1	19.2
			800			765.2	20.5	19.8
			1200	35 22	32 0	764.0	21.3	20.0
			1600			761.8	21.3	19.9
			2000			762.5	21.3	20.0
			2400			764.8	21.3	20.0
		3	400			765.3	21.8	19.9
			800			763.4	22.6	22.0
			1200	33 32	32 10	763.5	22.6	22.0
			1600			762.6	22.2	21.4
			2000			763.5	21.6	21.5
			2400			763.6	22.0	21.4
		4	400			763.0	22.0	21.5
			800			764.0	20.0	22.2
			1200	31 20	32 9	762.8	24.4	22.8
			1600			760.0	24.7	23.8
			2000			758.9	23.2	23.6
			2400			758.8	24.5	23.4
		5	400			758.6	21.6	23.3
			800			760.8	22.1	21.5
			1200	Durban		761.0	23.2	22.4
			1600			761.7	24.7	23.5
			2000			763.4	22.0	23.6
			2400			764.0	20.3	23.4
		14	800			764.6	22.8	20.5
			1200	30 0	31 12	764.7	22.2	22.0
			1600					24.1
			2000					22.0
			2400					22.0
		15	400			763.4	23.4	23.1
			800			763.2	23.2	22.4
			1200	31 36	33 6	763.0	24.6	22.5
			1600			762.1	23.5	22.6
			2000			762.2	23.0	22.4
			2400			762.4	22.3	21.5
		16	400			762.5	21.3	21.0
			800			763.0	21.6	20.1
			1200	33 2	35 30	764.2	22.8	20.4
			1600			764.6	22.0	21.2
			2000			765.9	21.5	21.1
			2400			766.1	21.2	20.8
		17	400			766.6	20.4	19.9
			800			768.0	20.5	20.0
			1200	34 27	37 32	768.6	21.2	19.8
			1600			768.5	20.5	20.4
			2000			769.3	19.7	19.5
			2400			769.6	19.8	19.0
		18	400			768.6	19.8	19.1
			800			769.0	19.4	19.5
			1200	35 51	39 40	769.4	20.1	19.4
			1600			768.7	19.9	19.3
			2000			768.8	19.0	19.2
			2400			767.7	19.0	18.9
		19	400			766.4	19.0	18.2
			800			765.2	19.3	18.5
			1200	36 42	42 4	764.1	18.7	19.2
			1600			761.6	18.5	18.1
			2000			759.0	21.0	16.7
			2400			757.0	17.3	17.2
		20	400			752.6	16.5	18.0
			800			754.3	18.0	18.0
			1200	36 12	41 22	753.0	19.8	18.4
			1600			754.4	18.8	
			2000			755.4	18.1	
			2400			755.4	18.0	
		21	400			756.5	18.0	18.0
			800			758.5	18.1	17.8
			1200	33 38	42 3	759.8	18.8	18.2
			1600			759.8	19.1	18.9
			2000			761.7	18.9	18.1
			2400			761.3	18.7	19.7
		22	400			760.2	18.2	19.4
			800			761.6	18.5	20.0
			1200	31 55	43 45	761.5	19.1	19.6
			1600			761.5	19.5	19.8
			2000			761.8	18.1	19.6
			2400			762.6	18.4	19.1
		23	400			762.5	18.9	18.9
			800			762.9	20.4	20.2
			1200	30 30	45 8	762.4	21.3	20.5
			1600			762.8	21.0	21.6
			2000			762.8	20.8	21.3
			2400			762.2	21.6	21.2
		24	400			762.2	22.0	21.0
			800			762.9	23.5	24.6
			1200	28 11	46 6	763.3	25.9	24.4
			1600			763.1	26.0	24.3
			2000			764.5	22.0	24.3
			2400			764.3	24.3	24.1
		25	400			764.2	22.9	23.9
			800			765.1	24.4	25.4
			1200	25 23	47 19	764.7	24.1	25.1
			1600			763.3	24.2	25.4
			2000			763.9	24.5	25.3
			2400			764.2	24.3	25.0
		26	400			763.4	23.9	23.3
			800			763.8	24.1	24.4
			1200	24 21	48 42	763.2	24.1	24.6
			1600					24.8
			2000					24.3
			2400					24.1
		27	400			763.0	24.5	24.5
			800			763.1	24.3	24.6
			1200	22 42	48 24	762.2	23.8	
			1600			762.2	25.0	24.3
			2000			764.0	24.8	25.4
			2400			763.7	23.8	25.3
		28	400			763.8	24.5	25.8
			800			765.0	24.5	25.0
			1200	21 24	49 24	765.0	24.1	24.2
			1600			764.3	24.3	25.7
			2000			766.0	24.0	25.6
			2400			765.4	23.3	25.2
		29	400			765.1	23.7	24.9
			800			766.6	24.6	25.5
			1200	19 36	49 50	766.6	24.9	25.8
			1600			765.3	24.8	25.8
			2000			766.0	24.3	25.4
			2400			766.0	24.3	25.4
		30	400			764.2	22.0	24.7
			800			766.8	21.5	24.8
			1200	"Tamatave, Madagascar"		766.0	24.0	
			1600			764.9	24.7	25.5
			2000			766.3	24.6	25.3
			2400			766.1	20.2	24.8
	6	3	400			766.8	24.3	24.6
			800			767.3	23.5	25.1
			1200	17 2	49 51	767.6	25.3	25.6
			1600			765.9	25.0	25.2
			2000			767.2	24.7	25.2
			2400			767.7	26.0	24.6
		4	400			765.0	24.6	24.3
			800			766.5	25.1	24.5
			1200	16 32	50 54	765.7	25.2	25.4
			1600			764.4	25.3	25.3
			2000			765.6	25.0	25.4
			2400			765.7	25.0	25.2
		5	400			765.0	24.8	25.1
			800			765.2	24.8	25.3
			1200	16 29	51 48	764.9	24.8	25.6
			1600			763.3	25.2	25.5
			2000			764.0	24.0	25.3
			2400			764.9	25.4	25.3
		6	400			764.8	23.8	25.2
			800			765.0	23.0	25.3
			1200	17 37	53 32	763.9	24.8	25.3
			1600			762.5	25.6	25.6
			2000			762.9	25.2	25.4
			2400			763.1	25.2	25.3
		7	400				24.6	25.3
			800			762.9	24.9	25.2
			1200	18 42	55 8	762.5	25.0	25.4
			1600			761.5	24.6	25.2
			2000			762.2	24.7	24.9
			2400			762.5	24.2	24.7
		8	400			761.6	23.4	24.1
			800			763.2	23.5	24.3
			1200	"Port Louis, Mauritius"		763.1	24.2	24.5
			1600			762.9	25.8	24.5
			2000			763.4	23.2	23.0
			2400			763.8	23.4	23.2
		13	1200	"Port Louis, Mauritius"		763.0	25.7	24.6
			1600			763.4	24.3	24.0
			2000			764.7	22.7	23.8
			2400			765.1	23.3	24.5
		14	400			764.9	22.4	24.4
			800			765.2	23.8	24.3
			1200	19 2	58 55	765.5	23.8	24.9
			1600			764.7		24.6
			2000					24.4
			2400					24.3
		15	400			765.9	23.5	
			800			767.8	24.0	25.2
			1200	19 6	61 33	767.2	24.3	25.4
			1600			767.6	23.4	25.5
			2000			767.3	22.9	25.4
			2400			767.1	23.0	25.1
		16	400			767.5	23.1	23.9
			800			768.1	21.5	24.0
			1200	"Mathurin-Bucht, Rodriguez"		767.8	23.0	24.0
			1600			767.0	22.8	23.2
			2000			768.0	21.1	23.2
			2400			767.6	22.1	23.0
		17	400			766.5	22.2	22.8
			800			767.4	21.8	23.1
			1200	"Mathurin-Bucht, Rodriguez"		766.1	22.9	23.6
			1600			764.9	22.8	23.4
			2000			765.1	23.0	23.1
			2400			764.9	22.7	
		18	400			764.6	23.0	23.1
			800			764.6	24.5	25.0
			1200	17 59	63 53	764.6	25.0	24.8
			1600			764.2	23.0	24.5
			2000			763.7	22.6	24.6
			2400			763.3	24.2	24.7
		19	400			763.2	24.1	24.5
			800			763.0	24.6	25.2
			1200	16 16	64 18	762.3	23.0	25.7
			1600			761.2	25.0	26.3
			2000			761.8	24.1	26.3
			2400			761.3	24.0	26.0
		20	400			760.2	22.3	25.8
			800			761.7	25.1	26.8
			1200	14 1	65 35	760.9	26.3	
			1600			759.3	26.3	26.2
			2000			760.7	25.7	
			2400			760.5	25.4	
		21	400			758.5	25.1	26.1
			800			759.6	26.8	26.4
			1200	11 21	66 32	759.4	26.3	26.8
			1600			758.5	26.4	26.9
			2000			758.3	26.2	26.6
			2400			758.9	26.1	26.4
		22	400			758.3	26.1	26.3
			800			758.9	30.5	27.2
			1200	8 47	66 9	759.6	28.7	27.6
			1600			758.2	30.2	27.3
			2000			759.3	26.7	27.1
			2400			760.2	26.1	26.9
		23	400			758.9	26.2	26.4
			800			761.6	26.5	27.0
			1200	8 42	64 55	759.9	26.3	27.1
			1600			759.2	26.0	27.4
			2000			761.2	23.9	27.3
			2400			761.7	26.3	27.1
		24	400			760.0	26.7	26.8
			800			760.9	27.2	26.8
			1200	7 10	65 42	761.4	27.4	27.6
			1600			759.7	27.8	28.1
			2000			761.7	26.5	28.0
			2400			761.7	26.5	27.8
		25	400			759.3	26.3	27.8
			800			760.1	26.8	27.8
			1200	4 46	67 16	759.7	28.0	28.0
			1600			758.7	28.0	28.5
			2000			759.4	27.8	28.2
			2400			759.3	27.7	28.0
		26	400			758.4	27.7	28.0
			800			759.4	24.7	27.8
			1200	3 7	68 11	759.3	25.8	27.9
			1600					28.2
			2000					28.4
			2400					28.1
		27	400			758.4	27.2	28.0
			800			759.8	27.8	28.4
			1200	2 19	69 8	759.6	28.8	29.3
			1600			759.3	28.5	29.9
			2000			761.2	28.2	30.1
		28	2400			760.8	27.8	29.8
			400			759.4	27.3	29.4
			800			761.3	26.6	29.0
			1200	0 43	71 20	761.2	27.4	28.8
			1600			759.6	28.0	28.7
			2000			761.0	27.7	28.5
			2400			761.9	28.0	28.4
		29	400			759.6	27.9	28.2
			800			760.7	27.3	28.6
			1200	0 25 N	73 11	759.6	27.9	29.0
			1600			759.0	28.5	29.0
			2000			759.1	28.2	28.8
			2400			759.2	28.0	28.6
		30	400			758.8	28.0	28.7
			800			758.7	28.8	29.2
			1200	1 52	74 45	758.0	28.4	29.5
			1600			758.2	28.2	29.0
			2000			757.9	28.2	28.3
			2400			757.8	28.2	28.3
	7	1	400			757.3	28.3	28.3
			800			758.2	27.2	28.3
			1200	3 41	76 10	757.4	29.0	28.8
			1600			757.1	26.7	28.2
			2000			757.2	27.7	28.2
			2400			757.3	28.0	28.0
		2	400			756.5	27.8	27.8
			800			758.4	28.1	27.2
			1200	5 44	78 11	759.0	28.9	27.8
			1600			757.6	28.8	
			2000			757.4	27.7	
			2400			757.1	27.7	
		3	400			755.7	27.2	27.4
			800			758.1	27.4	27.6
			1200	Colombo		756.6	28.0	28.8
			1600			756.4	28.0	29.0
			2000			756.8	28.0	28.6
			2400			756.8	27.8	28.3
		13	1200	Colombo		758.6	27.7	28.4
			1600			757.4	27.6	28.6
			2000			756.9	27.2	28.2
			2400			757.8	26.8	28.0
		14	400			757.9	26.6	26.1
			800			758.9	26.9	26.2
			1200	5 40	80 28	758.5	28.2	26.2
			1600			757.4	28.2	26.4
			2000			758.3	27.1	26.9
			2400			758.0	27.2	26.6
		15	400			757.3	27.0	26.5
			800			760.0	27.8	27.0
			1200	4 39	82 56	757.9	28.1	26.8
			1600			756.5	28.6	27.7
			2000			757.8	28.0	27.6
			2400			757.9	27.9	27.3
		16	400			757.3	27.8	26.9
			800			758.2	28.1	26.9
			1200	4 10	86 12	757.9	28.6	28.2
			1600			756.3	28.4	27.9
			2000			757.6	28.1	27.6
			2400			757.9	28.0	27.4
		17	400			756.9	27.9	27.7
			800			757.0	28.2	27.8
			1200	3 20	88 40	757.3	28.6	28.1
			1600					28.4
			2000					28.1
			2400					27.9
		18	400			757.3	28.0	27.5
			800			757.8	28.1	27.8
			1200	2 57	91 11	757.4	28.8	28.1
			1600			755.9	30.0	28.4
			2000			756.2	28.0	28.1
			2400			756.3	28.0	27.8
		19	400			756.2	27.7	27.8
			800			756.6	28.0	28.1
			1200	2 48	92 35	755.8	28.3	28.7
			1600			754.1	28.3	28.8
			2000			756.5	28.0	28.2
			2400			756.5	27.9	27.8
		20	400			755.8	27.0	28.0
			800			756.5	28.8	28.5
			1200	3 20	94 42	756.5	29.1	29.0
			1600			755.4	26.5	28.5
			2000			755.6	25.5	28.2
			2400			755.7	27.0	28.0
		21	400			756.7	24.8	28.0
			800			756.9	27.1	28.1
			1200	Lugo-Bigo-Bucht		756.7	28.8	30.0
			1600			756.0	28.8	30.0
			2000			756.4	27.8	29.7
			2400			758.3	25.8	29.7
		22	400			757.2	24.8	28.3
			800			757.8	25.8	28.5
			1200	2 51	95 57	757.7	27.4	28.4
			1600			755.3	28.1	28.5
			2000			756.5	28.2	28.6
			2400			756.5	27.0	28.1
		23	400			756.5	25.5	28.0
			800			757.9	27.8	28.5
			1200	1 6	95 41	757.8	25.7	28.0
			1600			755.7	27.3	28.1
			2000			756.8	27.3	28.0
			2400			757.7	27.9	
		24	400			756.5	28.2	28.0
			800			757.5	28.8	28.5
			1200	0 41	97 25	757.3	29.1	29.4
			1600			756.9	29.2	29.2
			2000			757.7	28.7	29.0
			2400			758.8	28.5	28.7
		25	400			758.2	28.5	28.0
			800			758.6	28.7	28.4
			1200	0 59 S	100 10	758.8	29.7	30.0
			1600			758.3	30.2	30.0
			2000			758.7	28.6	29.6
			2400			760.3	26.0	29.5
		29	1200	Padang (Emma-Haven)		759.4	30.5	29.7
			1600			758.3	30.7	29.6
			2000			759.2	28.1	28.4
			2400			759.4	27.4	28.0
		30	400			759.0	27.9	28.2
			800			760.5	27.5	28.6
			1200	2 45	100 11	759.6	31.2	30.0
			1600			759.8	29.0	29.3
			2000			759.8	28.3	28.6
			2400			759.9	28.2	28.5
		31	400			760.1	26.0	27.9
			800			760.1	26.2	28.1
			1200	4 24	100 51	760.3	28.2	28.4
			1600			758.7	26.5	27.5
			2000			760.8	27.2	28.0
			2400			761.2	26.3	27.2
	8	1	400			759.6	26.0	27.2
			800			760.4	27.8	28.8
			1200	5 14	102 49	759.5	28.0	30.3
			1600			759.4		30.2
			2000					30.0
			2400			759.6	27.4	28.5
		2	400			758.5	27.1	28.2
			800			759.4	27.5	28.4
			1200	6 9	105 1	759.7	29.0	29.1
			1600			757.4	28.4	29.5
			2000			759.7	28.1	29.1
			2400			759.5	26.1	28.8
		3	400			758.6	27.4	27.5
			800			759.3	26.8	27.8
			1200	Batavia		759.0	30.0	29.5
			1600			758.4	29.0	29.5
			2000			760.2	28.5	28.5
			2400			760.0	26.2	28.0
		8	800			759.8	25.7	28.2
			1200	5 53	106 18	759.7	31.5	28.9
			1600			758.4	31.8	28.9
			2000			759.7	27.4	28.7
			2400			759.7	25.2	28.5
		9	400			758.5	27.1	28.3
			800			759.4	27.0	28.3
			1200	7 15	105 57	759.2	27.7	28.7
			1600			757.8	27.2	28.5
			2000			758.6	27.4	28.2
			2400			758.5	27.3	27.4
		10	400			758.2	27.3	27.1
			800			759.2	27.7	27.8
			1200	8 28	107 21	758.7	27.9	27.5
			1600			757.9	28.3	27.4
			2000			758.8	26.9	27.2
			2400			759.2	26.8	26.5
		11	400			758.7	26.6	26.2
			800			759.2	27.7	27.9
			1200	9 44	107 54	758.9	27.5	27.7
			1600			757.4	27.1	26.9
			2000			758.7	27.0	
			2400			759.9	26.8	26.4
		12	400			758.2	26.6	26.6
			800			758.4	26.7	26.7
			1200	10 15	108 37	758.7	26.5	27.0
			1600			757.8	26.8	27.0
			2000			758.1	26.2	26.7
			2400			758.9	26.2	26.4
		13	400			757.6	26.1	26.5
			800			759.2	26.5	26.9
			1200	10 22	110 1	759.6	27.0	27.4
			1600			757.7	26.9	27.5
			2000			758.7	26.7	27.4
			2400			758.5	26.4	27.1
		14	400			757.9	26.5	26.9
			800			759.4	26.8	27.1
			1200	9 31	111 44	758.4	26.9	27.3
			1600			758.2	27.0	27.3
			2000			758.5	27.5	27.2
			2400			759.7	27.0	27.0
		15	400			759.0	26.3	26.5
			800			759.7	26.1	26.7
			1200	8 38	113 38	759.0	27.1	26.7
			1600			757.2	28.0	27.3
			2000			759.5	26.8	27.0
			2400			759.9	26.4	26.7
		16	400			759.0	26.3	26.4
			800			759.5	26.6	26.6
			1200	8 33	115 50	758.8	29.1	28.0
			1600			757.9	27.7	28.0
			2000			758.5	27.2	27.8
			2400			759.2	28.0	27.7
		17	400			758.8	27.0	27.0
			800			760.1	27.2	27.1
			1200	7 1	117 22	759.1	27.3	27.6
			1600			757.2	27.4	28.0
			2000			758.0	27.4	27.6
			2400			757.9	27.2	27.7
		18	400			757.9	27.2	27.0
			800			758.8	27.2	27.1
			1200	5 36	119 7	757.6	27.2	27.9
			1600			756.4	29.5	28.0
			2000			758.6	28.6	27.6
			2400			758.4	28.8	27.4
		22	1200	Makassar		758.8	28.1	28.4
			1600			757.1	29.4	28.3
			2000			759.0	27.3	28.0
			2400			758.8	26.4	27.7
		23	400			758.6	25.8	27.5
			800			759.9	26.2	26.9
			1200	5 50	119 52	760.1	26.8	27.1
			1600			758.5	27.0	27.0
			2000			760.1	26.8	27.1
			2400			760.0	26.7	26.8
		24	400			759.6	26.3	26.5
			800			760.8	26.4	26.7
			1200	6 23	121 45	760.8	26.8	26.4
			1600			759.2	26.8	26.2
			2000			760.5	26.3	26.0
			2400			760.6	26.5	25.7
		25	400			759.7	26.5	26.1
			800			760.2	26.7	26.3
			1200	6 59	123 28	760.2	27.1	27.0
			1600			758.9	26.8	27.1
			2000			760.5	26.5	26.7
			2400			760.6	26.5	26.4
		26	400			759.8	26.4	26.5
			800			760.3	27.0	26.5
			1200	7 27	126 12	760.0	27.4	26.9
			1600			758.0	27.8	26.3
			2000			759.5	28.0	25.2
			2400			759.7	25.9	25.0
		27	400			759.1	25.5	25.0
			800			762.5	25.7	26.0
			1200	7 10	127 11	761.5	27.0	26.5
			1600			760.6	26.3	26.4
			2000			761.2	26.0	26.2
			2400			761.4	27.0	26.0
		28	400			760.7	25.7	25.8
			800			761.3	26.0	26.0
			1200	6 34	127 47	760.7	26.5	25.9
			1600			759.3	28.2	26.1
			2000			761.0	25.5	26.1
			2400			761.7	25.4	26.9
		29	400			760.0	26.8	25.9
			800			761.1	26.1	26.0
			1200	3 46	128 6	760.0	26.3	26.4
			1600			759.3	26.1	25.8
			2000			761.4	25.7	25.8
			2400			761.4	25.5	25.2
	9	3	1200	Amboina		761.0	29.5	26.2
			1600			759.3	25.1	26.0
			2000			760.3	25.3	25.9
			2400			761.2	25.8	25.6
		4	400			760.6	25.4	25.4
			800			761.0	26.1	25.8
			1200	2 54	127 47	760.1	28.5	27.8
			1600			758.2	28.0	27.7
			2000			759.4	27.7	27.4
			2400			760.2	27.2	27.6
		5	400			758.7	27.0	27.2
			800			759.4	27.2	27.3
			1200	1 47	129 19	759.6	27.6	27.5
			1600			757.7	28.1	27.7
			2000			758.7	27.5	27.5
			2400			758.4	26.5	27.3
		6	400			758.6	26.7	27.0
			800			759.8	28.0	26.5
			1200	1 14	131 2	759.5	29.3	26.8
			1600			757.0	30.3	26.6
			2000			758.2	28.0	25.8
			2400			759.4	26.3	25.7
		7	400			758.2	26.8	26.0
			800			759.1	27.8	28.8
			1200	0 13	132 14	759.0	28.3	29.1
			1600			757.7	29.0	29.4
			2000			758.7	28.9	29.3
			2400			759.5	28.5	28.8
		8	400			759.0	28.1	28.5
			800			759.8	28.1	28.6
			1200	0 8 N	134 12	759.0	28.0	29.0
			1600			758.0	27.8	29.2
			2000			759.5	27.3	29.1
			2400			759.0	27.4	29.2
		9	400			758.0	27.5	29.1
			800			758.0	27.9	29.3
			1200	0 46	136 7	758.0	28.8	30.2
			1600			757.0	28.8	30.1
			2000			757.8	28.2	30.7
			2400			758.7	28.0	30.3
		10	400			758.1	28.0	28.8
			800			760.1	28.1	28.2
			1200	0 14	137 53	759.6	28.7	29.2
			1600			757.4	29.1	30.0
			2000			758.7	28.0	28.2
			2400			759.6	27.8	28.0
		11	400			759.1	27.4	28.3
			800			760.6	28.8	28.9
			1200	0 17 S	139 10	759.6	27.0	29.0
			1600			758.3	27.8	29.2
			2000			759.5	27.2	29.0
			2400			760.1	27.5	28.9
		12	400			759.6	27.3	28.6
			800			759.9	28.2	29.1
			1200	1 0	140 41	761.3	24.0	28.0
			1600			757.8	26.4	28.2
			2000			759.3	26.4	28.0
			2400			759.8	28.0	28.0
		13	400			759.0	26.8	28.0
			800			759.2	27.0	28.2
			1200	2 37	141 15	759.8	29.0	29.4
			1600			757.9	28.3	29.0
			2000			759.1	28.2	28.7
			2400			759.5	28.0	28.4
		14	400			759.1	27.8	28.2
			800			761.1	28.8	28.5
			1200	1 42	142 50	760.4	30.0	29.6
			1600			758.1	28.5	30.1
			2000			758.1	28.2	28.5
			2400			759.9	28.1	28.4
		15	400			759.1	26.0	28.1
			800			760.8	28.0	28.8
			1200	1 38	144 50	759.8	29.0	31.0
			1600			759.6	29.3	31.8
			2000			759.3	28.6	29.6
			2400			760.6	28.3	28.7
	10	2	800			760.4	30.0	30.1
			1200	1 35	145 5	759.4	30.0	30.4
			1600			757.5	30.1	30.2
			2000			759.4	30.2	29.5
			2400			759.8	29.8	29.3
		3	400			758.2	29.7	29.5
			800			760.2	30.0	29.7
			1200	2 31	146 40	760.1	30.2	30.1
			1600			759.5	29.7	29.6
			2000			759.2	29.3	29.4
			2400			760.5	30.0	29.0
		4	400			758.9	28.3	28.7
			800			760.5	28.3	28.9
			1200	Andrew-Hafen		760.7	28.1	28.8
			1600			759.6	27.3	28.4
			2000			760.2	28.5	28.7
			2400			760.1	28.0	28.5
		5	400			759.8	27.6	29.0
			800			759.5	29.4	29.3
			1200	2 14	147 29	760.9	25.9	29.0
			1600			761.1	26.0	
			2000			761.0	27.1	28.4
			2400			761.0	25.2	28.2
		6	400			761.0	26.5	28.0
			800			760.1	28.8	29.0
			1200	2 3	147 35	760.7	28.5	30.1
			1600			759.6	30.2	30.0
			2000			760.3	27.0	29.2
			2400			761.2	27.5	29.8
		7	400			761.2	25.4	29.3
			800			761.5	27.0	29.1
			1200	Bird Isl.		760.8	25.0	29.3
			1600			759.2	28.1	30.0
			2000			760.8	24.8	29.8
			2400			760.8	23.0	29.5
		10	400			759.0	25.6	29.7
			800			759.8	27.1	30.0
			1200	2 1	147 33	759.2	30.5	30.0
			1600			758.0	29.6	30.0
			2000			759.1	28.3	30.0
			2400			760.0	29.0	29.0
		11	400			759.6	28.2	29.0
			800			760.9	28.4	29.5
			1200	2 39	149 14	761.0	29.2	30.0
			1600			759.3	27.5	29.5
			2000			760.8	28.1	29.5
			2400				25.4	
		12	400			759.4	26.2	28.5
			800			760.9	26.6	29.0
			1200	3 48	151 14	760.4	27.0	29.1
			1600			760.0	26.4	28.2
			2000			761.4	25.8	28.0
			2400			759.9	26.5	28.1
		13	400			759.5	26.1	28.0
			800			759.8	28.3	28.9
			1200	Herbertshohe		759.7	29.7	29.8
			1600			758.0	29.0	30.3
			2000			759.8	26.8	29.8
			2400			760.0	25.3	29.7
1907	1	7	1200	Nusa-Hafen		756.7		30.0
			1600			755.1	25.2	30.0
			2000			755.8	27.0	29.2
			2400			756.7	28.1	30.0
		8	400			755.7	27.8	
			800			757.7	28.2	
			1200	2 28	149 53	756.6	28.1	
			1600			755.9	28.6	
			2000			756.9	28.6	28.4
			2400			756.6	28.2	29.7
		9	400			754.3	27.5	29.8
			800			756.6	28.1	29.1
			1200	1 11	148 40	756.9	28.2	28.6
			1600			757.9	28.1	29.4
			2000			757.7	27.1	28.1
			2400			757.5	27.1	29.1
		10	400			756.1	27.5	29.0
			800			757.5	28.3	28.8
			1200	0 47 N	149 33	757.3	28.8	29.5
			1600			755.5	27.2	29.6
			2000			758.1	27.5	29.0
			2400			757.7	27.8	29.0
		11	400			756.0	26.5	28.7
			800			757.5	27.1	28.8
			1200	2 2	147 27	757.8	27.9	28.9
			1600			757.3	28.7	29.0
			2000			758.5	26.0	28.8
			2400			758.6	27.3	28.5
		12	400			757.3	27.3	28.2
			800			759.9	28.2	28.4
			1200	3 44	145 6	759.6	28.8	28.5
			1600			756.2	28.7	
			2000			757.4	27.8	
			2400			757.1	26.5	
		13	400			756.8	25.4	28.2
			800			758.0	24.8	27.6
			1200	4 38	143 35	757.5	24.2	26.8
			1600			758.1	25.2	28.0
			2000			758.3	25.7	28.0
			2400			757.6	26.4	28.0
		14	400			757.3	26.8	27.8
			800			759.2	27.3	28.0
			1200	7 23	141 14	758.3	28.0	28.6
			1600			757.5	28.3	28.7
			2000			758.4	28.4	28.2
			2400			758.8	25.8	28.3
		15	400			758.2	27.0	28.5
			800			760.9	27.2	28.2
			1200	8 56	139 57	758.7	27.8	28.1
			1600			758.3	27.7	28.3
			2000			759.5	26.8	28.1
			2400			759.6	26.5	27.9
		16	400			758.8	26.5	28.0
			800			759.5	27.2	28.0
			1200	Yap		759.0	29.7	28.6
			1600			757.8	30.2	28.6
			2000			758.6	25.0	28.2
			2400			758.7	25.4	28.2
		20	1200	9 14	138 4	761.8	29.9	28.0
			1600			759.4	28.1	28.0
			2000			761.1	26.9	28.0
			2400			761.5	26.8	27.6
		21	400			761.5	26.5	27.8
			800			762.8	27.6	27.9
			1200	8 36	135 52	760.9	30.8	28.1
			1600			760.9	28.4	28.3
			2000			760.9	27.5	28.1
			2400			760.5	27.2	28.0
		22	400			759.9	27.0	27.9
			800			759.8	28.0	28.0
			1200	"Palau Is, Korror Hafen"		759.5	28.3	28.3
			1600			758.2	27.5	28.3
			2000			760.3	27.4	27.3
			2400			760.2	27.6	27.5
		23	400			759.2	27.2	28.0
			800			761.3	27.8	27.8
			1200	7 36	133 12	761.6	29.0	27.9
			1600			759.5	29.0	28.0
			2000			761.1	27.3	27.8
			2400			761.9	27.4	27.7
		24	400			760.0	27.3	27.6
			800			762.0	28.1	27.6
			1200	7 36	132 0	761.1	28.2	27.8
			1600			761.6	28.0	27.9
			2000			761.7	27.2	27.5
			2400			761.9	27.8	27.2
		25	400			760.2	27.0	27.2
			800			760.9	27.9	27.9
			1200	7 39	130 27	760.0	29.1	29.0
			1600			759.5	28.8	28.0
			2000			760.4	27.8	28.0
			2400			760.4	27.5	27.9
		26	400			759.3	26.8	27.6
			800			761.3	26.7	27.8
			1200	7 35	129 14	761.8	27.0	27.6
			1600			758.7	27.5	27.8
			2000			760.5	27.4	27.7
			2400			760.1	27.3	27.7
		27	400			758.5	27.0	27.7
			800			759.8	27.3	27.6
			1200	7 11	127 36	760.0	29.1	28.0
			1600			758.6	27.5	27.9
			2000			761.8	27.8	27.7
			2400			761.2	26.9	27.3
		28	400			759.4	26.1	27.1
			800			760.6	25.2	27.1
			1200	6 55	126 44	760.5	25.2	27.1
			1600			758.7	25.7	27.0
			2000			759.9	26.2	26.3
			2400			760.7		
		29	400			760.3	26.0	27.0
			800			760.8	23.9	26.8
			1200	7 34	127 03	760.1	25.4	27.2
			1600			759.5	26.5	27.3
			2000			760.5	26.2	27.5
			2400			759.7	26.5	27.5
		30	400			759.4	26.2	27.2
			800			761.0	26.7	27.5
			1200	8 36	127 15	760.2	27.3	27.5
			1600			758.5	26.8	27.2
			2000			760.2	26.8	26.8
			2400			759.9	26.9	26.9
		31	400			758.9	26.8	26.5
			800			760.1	27.0	27.6
			1200	9 13	127 45	761.3	27.3	27.8
			1600				26.8	27.8
			2000				24.7	27.2
			2400				25.5	27.1
	2	1	400			758.6	24.0	26.6
			800			760.1	25.5	27.1
			1200	10 21	128 55	760.1	26.1	27.2
			1600			758.4	27.3	27.1
			2000			758.5	27.1	27.0
			2400			759.9	26.0	27.0
		2	400			758.7	26.9	26.1
			800			760.2	25.1	27.1
			1200	11 35	128 24	759.1	27.4	27.2
			1600			757.1	27.2	27.3
			2000			759.6	27.0	27.4
			2400			758.7	25.5	26.7
		3	400			757.3	26.7	26.5
			800			759.5	27.0	27.0
			1200	11 57	127 8	759.8	27.1	27.1
			1600			758.9	27.0	27.2
			2000			761.3	27.0	27.0
			2400			763.3	26.9	27.0
		4	400			762.7	26.8	27.0
			800			764.0	26.3	26.7
			1200	12 28	125 36	763.9	26.7	26.8
			1600			760.2	26.7	26.8
			2000			761.5	26.1	26.6
			2400			761.4	26.1	26.4
		5	400			760.5	25.7	26.5
			800			762.1	26.2	26.5
			1200	12 33	123 54	762.4	26.7	25.2
			1600			761.7	25.7	25.0
			2000			760.0	28.1	25.3
			2400			761.9	25.1	24.8
		6	400			761.2	24.9	25.7
			800			762.9	25.3	25.8
			1200	13 13	121 49	761.8	26.9	26.3
			1600			761.0	26.2	26.4
			2000			761.6	25.8	26.3
			2400			762.1	25.3	25.9
		7	400			761.3	24.6	25.8
			800			762.1	24.9	26.2
			1200	14 13	120 24	761.5	26.0	26.4
			1600			759.2	28.0	26.5
			2000			761.5	26.2	26.3
			2400			762.1	25.5	26.2
		8	400			760.6	24.6	25.8
			800			762.6	24.1	26.4
			1200	Manila		762.2	26.5	27.1
			1600			759.6	28.6	26.9
			2000			761.7	25.1	26.0
			2400			762.2	22.9	25.0
		12	1200	Manila		760.3	26.1	27.1
			1600			757.9	27.6	28.4
			2000			759.7	25.4	26.3
			2400			760.1	25.0	26.1
		13	400			759.0	25.0	26.1
			800			760.7	25.8	26.3
			1200	15 36	119 31	760.2	27.2	27.2
			1600			758.5	26.3	27.0
			2000			759.4	25.7	25.5
			2400			761.2	25.1	25.1
		14	400			759.1	24.8	25.1
			800			761.2	24.6	25.0
			1200	17 31	118 33	761.4	25.2	24.8
			1600			760.1	24.2	23.9
			2000			761.8	23.8	23.6
			2400			762.8	23.6	23.5
		15	400			761.2	23.0	23.2
			800			762.6	23.4	23.6
			1200	19 5	117 43	761.7	23.9	23.9
			1600			760.5	23.0	23.6
			2000			761.8	22.3	23.1
			2400			762.4	21.8	24.0
		16	400			762.1	21.7	23.8
			800			764.4	20.7	23.2
			1200	20 48	115 38	762.9	21.2	23.1
			1600			761.5	20.3	22.8
			2000			762.5	19.9	22.1
			2400			763.7	19.1	22.1
		17	400			764.9	13.4	20.5
			800			765.4	12.7	19.4
			1200	Tathong Channel		765.0	13.5	19.0
			1600			762.7	15.5	16.6
			2000			764.5	14.9	16.5
			2400			765.1	15.0	16.3
