						
CANAL	DARWIN		18th  Dec 1908	L=54 34S	G=72 38W	
		1	739.5	7.6		
		2	738.8	7.0		
		3	738.6	7.4		
		4	738.2	7.1		
		5	738.1	6.8		
		6	737.7	6.6		
		7	737.5	6.6		
		8	736.8	6.6		
		9	736.1	6.6		
		10	735.3	6.5		
		11	734.8	7.7		
		12	734.6	7.9		
		13	734.4	8.0		
		14	734.2	8.0		
		15	733.7	7.6		
		16	733.6	7.4		
		17	733.7	7.4		
		18	733.7	7.1		
		19	733.2	6.8		
		20	733.3	6.3		
		21	733.2	6.2		
		22	733.3	6.1		
		23	733.5	6.2		
		24	733.6	6.1		
	Mean		735.38	6.98		
BAIS	SAINT-FRANCOIS		19th Dec 1908	L=55 46S	G=75 17W	
		1	733.9	6.1		
		2	734.0	6.1		
		3	734.0	6.2		
		4	734.0	6.9		
		5	734.0	7.4		
		6	734.2	8.2		
		7	734.3	8.3		
		8	734.5	9.5		
		9	734.7	8.5		
		10	735.1	8.9		
		11	735.2	8.9		
		12	735.3	8.6		
		13	735.5	8.9		
		14	736.2	9.0		
		15	736.7	8.8		
		16	737.1	8.7		
		17	737.0	8.3		
		18	738.0	8.2		
		19	738.5	7.7		
		20	739.0	7.9		
		21	739.4	8.8			
		22	739.0	9.2			
		23	739.0	9.8			
		24	739.8	9.7			
	Mean		736.18	8.21			
			20th Dec 1908	L=58 50S	G=69 00W		
		1	739.9	5.7			
		2	739.7	5.6			
		3	739.7	5.3			
		4	739.6	5.2			
		5	739.2	5.1			
		6	739.2	4.3			
		7	739.3	4.0			
		8	739.2	3.7			
		9	739.0	3.2			
		10	738.7	2.9			
		11	738.8	2.8			
		12	738.9	2.7			
		13	738.7	2.0			
		14	738.7	1.8			
		15	738.6	1.7			
		16	738.6	1.7			
		17	738.6	1.6			
		18	738.8	1.4			
		19	739.1	1.4			
		20	739.2	1.3			
		21	739.3	1.1			
		22	739.4	0.9			
		23	739.5	0.6			
		24	739.6	0.5			
	Mean		739.12	2.77			
			21st Dec 1908	L=61 07S	G=69 06W		
		1	739.4	0.2	
		2	739.2	0.1	
		3	739.1	0.3	
		4	738.9	0.5	
		5	738.9	0.8	
		6	738.9	0.9	
		7	738.9	0.8	
		8	738.9	0.8	
		9	739.0	0.7	
		10	739.1	0.7	
		11	739.1	0.8	
		12	739.5	1.0	
		13	740.3	1.0	
		14	740.5	1.2	
		15	741.1	1.0	
		16	741.9	0.9	
		17	742.6	0.8			
		18	743.1	0.8			
		19	744.0	0.4			
		20	744.6	0.0			
		21	745.4	-0.2			
		22	745.6	-0.3			
		23	746.1	-0.1			
		24	746.2	-0.1			
	Mean		741.26	0.54			
			22nd Dec 1908	L=62 36S	G=64 13W		
		1	746.4	-0.2			
		2	746.6	-0.3			
		3	746.9	-0.1			
		4	747.1	-0.3			
		5	747.6	0.0			
		6	747.7	0.0			
		7	747.8	1.1	
		8	747.9	1.9	
		9	748.0	2.0	
		10	748.2	3.6	
		11	748.3	2.0	
		12	748.4	1.1	
		13	748.4	1.3	
		14	748.4	1.9	
		15	748.4	2.1	
		16	748.4	2.0	
		17	748.4	2.0	
		18	748.4	2.7	
		19	748.4	2.4	
		20	748.4	1.8	
		21	748.4	1.5	
		22	748.5	1.1	
		23	748.5	1.0			
		24	748.5	0.9			
	Mean		748.0	1.31			
	ILE DECEPTION		23rd Dec 1908	L=62 55S	G= 62 55W		
		1	748.6	0.8			
		2	748.6	0.8			
		3	748.7	0.4			
		4	748.8	-0.1			
		5	748.8	-0.2			
		6	748.9	-0.1			
		7	748.9	-0.2			
		8	749.0	1.2			
		9	748.8	1.3			
		10	748.8	1.9			
		11	748.8	2.0			
		12	748.8	2.4			
		13	748.8	2.4			
		14	748.7	2.7			
		15	748.6	1.4			
		16	748.5	2.1			
		17	748.5	1.9			
		18	748.5	1.5			
		19	748.6	1.0			
		20	748.4	0.7			
		21	748.2	0.2			
		22	747.6	-0.1			
		23	747.0	-0.1			
		24	746.9	-0.1			
	Mean		748.6	0.99			
	ILE DECEPTION		24th Dec 1908	L=62 55S	G= 62 55W		
		1	746.8	-0.1			
		2	746.7	-0.1			
		3	746.6	0.0	
		4	746.5	0.2	
		5	746.4	0.2	
		6	746.2	0.2	
		7	746.1	0.3	
		8	745.9	0.3	
		9	745.7	0.6	
		10	745.3	0.6	
		11	745.1	1.0	
		12	745.1	1.3	
		13	745.0	1.3	
		14	744.8	2.2	
		15	744.6	1.6	
		16	744.5	1.4	
		17	744.4	1.4	
		18	744.4	1.4	
		19	744.0	1.3			
		20	743.7	1.3			
		21	743.5	1.2			
		22	743.5	1.0			
		23	743.0	1.0			
		24	742.8	1.0			
	Mean		745.03	0.86			
	ILE DECEPTION		25th Dec 1908	L=62 55S	G= 62 55W		
		1	742.5	1.0			
		2	742.4	1.1			
		3	742.4	1.2			
		4	742.3	1.3			
		5	742.1	1.4			
		6	742.0	1.8			
		7	741.9	2.1			
		8	741.5	2.8			
		9	741.3	3.9	
		10	741.3	5.6	
		11	741.2	6.1	
		12	741.2	6.2	
		13	741.2	3.4	
		14	741.3	2.9	
		15	741.5	2.8	
		16	741.5	2.5	
		17	741.7	0.8	
		18	741.9	0.1	
		19	742.2	0.0	
		20	742.5	0.0	
		21	742.7	0.0	
		22	742.8	0.0	
		23	742.9	0.0	
		24	742.9	0.0	
	Mean		741.97	1.94			
	DETROIT DE GERLACHE		26th Dec 1908	L=64 10S	G= 64 20W		
		1	743.0	0.0			
		2	743.1	0.3			
		3	743.3	0.5			
		4	743.5	1.0			
		5	744.0	1.4			
		6	743.8	2.0			
		7	743.9	2.0			
		8	744.0	4.0			
		9	744.5	4.0			
		10	744.7	4.8			
		11	745.0	4.9			
		12	745.2	5.4			
		13	745.7	3.8			
		14	745.7	2.0			
		15	745.9	3.0			
		16	746.0	2.1			
		17	746.1	1.5			
		18	746.2	0.7			
		19	746.5	0.9			
		20	746.8	1.0			
		21	746.8	1.2			
		22	746.8	1.3			
		23	746.6	1.4			
		24	746.6	1.5			
	Mean		745.14	2.11			
	PORT LOCKROY		27th Dec 1908	L=64 29S	G= 65 49W		
		1	746.5	1.7			
		2	746.5	2.0			
		3	746.5	2.1			
		4	746.5	2.4			
		5	746.5	2.8	
		6	746.5	2.8	
		7	746.2	2.7	
		8	746.0	3.4	
		9	746.0	3.2	
		10	745.9	3.1	
		11	746.0	2.5	
		12	746.0	2.7	
		13	746.1	3.0	
		14	746.2	3.2	
		15	746.3	2.9	
		16	746.5	1.9	
		17	746.5	1.0	
		18	746.6	0.5	
		19	746.6	0.0	
		20	746.6	-0.5	
		21	746.6	-0.7			
		22	746.7	-1.1			
		23	746.7	-1.0			
		24	746.6	-1.0			
	Mean		746.38	1.65			
	PORT LOCKROY		28th Dec 1908	L=64 29S	G= 65 49W		
		1	746.6	-1.0			
		2	746.6	-0.9			
		3	746.6	-0.8			
		4	746.6	-0.7			
		5	746.6	-0.7			
		6	746.6	-0.8			
		7	746.6	-0.8			
		8	746.6	-0.8			
		9	746.7	-0.7			
		10	746.7	-0.6			
		11	746.8	0.5			
		12	746.8	0.9			
		13	747.2	0.4			
		14	747.5	0.1			
		15	747.6	0.2			
		16	747.8	0.0			
		17	747.9	-0.3			
		18	748.1	-0.4			
		19	748.5	-0.5			
		20	748.5	-0.7			
		21	748.5	-0.9			
		22	748.5	-1.0			
		23	748.8	-0.9			
		24	748.9	-0.2			
	Mean		747.41	-0.44			
	PORT LOCKROY		29th Dec 1908	L=64 29S	G= 65 49W		
		1	749.1	-0.1	
		2	749.2	0.0	
		3	749.4	0.0	
		4	749.4	0.1	
		5	749.6	0.2	
		6	749.7	0.5	
		7	749.8	1.1	
		8	749.8	1.5	
		9	749.8	1.8	
		10	749.8	2.3	
		11	749.9	3.5	
		12	750.2	5.0	
		13	750.4	4.2	
		14	750.5	3.8	
		15	750.6	3.4	
		16	750.7	3.5	
		17	750.7	-0.1			
		18	750.6	0.0			
		19	750.4	0.0			
		20	750.4	0.0			
		21	750.4	0.2			
		22	749.9	0.2			
		23	749.6	0.4			
		24	748.9	0.5			
	Mean		749.92	1.42			
	ILE WANDEL		30th Dec 1908				
		1	748.6	0.5			
		2	748.4	0.5			
		3	748.2	0.5			
		4	747.9	0.5			
		5	747.5	0.6			
		6	747.3	0.5			
		7	747.3	0.4	
		8	747.2	0.3	
		9	747.2	0.3	
		10	747.3	0.4	
		11	747.3	0.5	
		12	747.5	0.5	
		13	748.0	0.8	
		14	748.1	0.8	
		15	748.2	1.0	
		16	748.3	1.0	
		17	748.2	1.0	
		18	748.1	1.2	
		19	747.8	1.1	
		20	747.9	1.5	
		21	747.9	1.2	
		22	747.6	1.1	
		23	747.4	1.1			
		24	747.4	1.3			
	Mean		747.77	0.78			
	ILE WANDEL		31st Dec 1908				
		1	747.0	1.3			
		2	747.0	1.2			
		3	747.0	1.3			
		4	747.0	1.3			
		5	747.0	1.3			
		6	746.9	1.3			
		7	746.8	1.3			
		8	746.6	1.4			
		9	746.2	1.4			
		10	746.0	1.4			
		11	745.8	1.9			
		12	745.7	2.1			
		13	745.5	2.3			
		14	745.3	2.4			
		15	744.9	3.1			
		16	744.9	2.3			
		17	744.9	3.3			
		18	744.9	2.6			
		19	744.6	2.1			
		20	744.5	2.0			
		21	744.6	2.0			
		22	744.6	1.8			
		23	744.7	1.2			
		24	744.6	1.1			
	Mean		745.7	1.81			
	ILE WANDEL		1st Jan 1909				
		1	744.5	1.2			
		2	744.3	1.1			
		3	743.2	1.7
		4	743.2	1.5
		5	744.0	1.7
		6	743.9	1.8
		7	743.8	1.9
		8	743.6	2.0
		9	743.6	2.2
		10	743.6	2.4
		11	743.7	2.7
		12	743.7	2.9
		13	743.7	3.0
		14	743.8	3.7
		15	743.8	2.4
		16	743.8	3.7
		17	744.1	2.9
		18	744.1	2.9
		19	744.1	2.6			
		20	744.1	2.7			
		21	744.1	2.7			
		22	744.5	2.1			
		23	744.7	2.1			
		24	744.9	2.0			
	Mean		743.95	2.32			
	ILE WANDEL		2nd Jan 1909				
		1	744.9	1.9			
		2	744.9	1.8			
		3	744.9	1.7			
		4	744.8	1.8			
		5	744.7	1.9			
		6	744.5	2.0			
		7	744.2	2.0			
		8	743.7	1.9			
		9	743.2	3.4
		10	742.9	2.4
		11	742.4	2.4
		12	742.1	1.9
		13	741.8	2.2
		14	741.4	2.2
		15	741.0	2.1
		16	740.2	2.1
		17	739.3	3.6
		18	739.1	2.9
		19	738.7	3.5
		20	738.2	3.6
		21	738.0	2.0
		22	737.6	1.6
		23	737.5	2.0
		24	736.9	2.1
	Mean		741.54	2.29			
	ILE WANDEL		3rd Jan 1909				
		1	736.9	1.0			
		2	736.9	1.0			
		3	737.2	0.9			
		4	737.3	0.7			
		5	737.7	0.7			
		6	738.1	0.7			
		7	738.4	0.7			
		8	738.6	0.7			
		9	738.6	0.7			
		10	738.8	0.7			
		11	738.9	0.6			
		12	739.0	0.6			
		13	739.1	0.5			
		14	739.3	0.5			
		15	739.4	0.5			
		16	739.7	0.5			
		17	739.9	0.5			
		18	740.2	0.5			
		19	740.5	0.5			
		20	740.8	0.5			
		21	741.0	0.3			
		22	741.1	0.3			
		23	741.5	0.3			
		24	741.5	0.1			
	Mean		739.18	0.58			
	ILE PETERMANN		4th Jan 1909	L=65 10S	G= 66 34W		
		1	741.5	0.1			
		2	741.6	0.2			
		3	741.7	0.2			
		4	741.9	0.1			
		5	742.1	0.1
		6	742.3	0.2
		7	742.4	0.2
		8	742.5	1.0
		9	742.5	2.0
		10	742.5	3.0
		11	742.8	3.3
		12	742.8	3.3
		13	743.2	3.7
		14	743.1	3.2
		15	742.8	3.5
		16	742.5	3.5
		17	742.0	2.2
		18	741.6	1.5
		19	741.4	1.1
		20	741.0	0.8
		21	740.9	0.4			
		22	740.4	0.4			
		23	739.0	0.6			
		24	739.0	0.6			
	Mean		741.9	1.38			
	ILE PETERMANN		5th Jan 1909	L=65 10S	G= 66 34W		
		1	738.7	0.7			
		2	738.7	0.8			
		3	738.7	0.9			
		4	738.9	0.9			
		5	740.2	0.9			
		6	740.3	1.0			
		7	740.7	1.2			
		8	740.9	1.4			
		9	741.1	1.4			
		10	741.4	1.7			
		11	741.7	1.3			
		12	741.7	1.0			
		13	741.9	1.0			
		14	742.2	1.1			
		15	742.3	1.1			
		16	742.8	1.0			
		17	742.9	1.4			
		18	743.2	1.3			
		19	743.8	1.3			
		20	744.0	1.3			
		21	744.4	1.0			
		22	744.6	1.0			
		23	745.1	1.0			
		24	745.1	1.0			
	Mean		741.89	1.11			
	ILE PETERMANN		6th Jan 1909	L=65 10S	G= 66 34W		
		1	745.4	1.1
		2	745.5	1.1
		3	745.6	1.0
		4	746.0	1.2
		5	746.4	1.0
		6	746.5	1.3
		7	746.8	1.3
		8	747.3	1.4
		9	747.7	1.6
		10	747.9	1.9
		11	748.3	2.0
		12	748.7	2.2
		13	749.1	2.6
		14	749.5	3.0
		15	749.7	2.4
		16	749.9	2.2
		17	750.2	2.1			
		18	750.4	2.1			
		19	750.4	1.8			
		20	750.4	1.8			
		21	750.4	1.7			
		22	750.3	1.5			
		23	750.2	1.4			
		24	750.2	1.3			
	Mean		748.45	1.71			
	ILE PETERMANN		7th Jan 1909	L=65 10S	G= 66 34W		
		1	749.7	1.3			
		2	749.4	1.3			
		3	747.5	1.3			
		4	746.7	1.5			
		5	747.1	1.9			
		6	746.3	1.9			
		7	745.5	1.8
		8	744.7	1.8
		9	743.5	1.8
		10	743.1	1.9
		11	741.9	2.2
		12	741.4	2.0
		13	741.4	2.5
		14	741.4	2.2
		15	741.3	2.3
		16	741.3	1.6
		17	741.2	1.5
		18	740.8	1.3
		19	740.7	1.5
		20	740.4	1.4
		21	740.2	1.2
		22	739.8	1.1
		23	739.7	1.0			
		24	739.1	1.0			
	Mean		743.09	1.63			
	CAPE TUXEN		8th Jan 1909				
		1	739.0	1.0			
		2	738.8	1.3			
		3	738.8	1.5			
		4	738.8	1.8			
		5	738.6	2.0			
		6	738.6	2.2			
		7	738.2	2.8			
		8	737.8	2.3			
		9	737.2	2.4			
		10	736.8	2.4			
		11	736.4	3.6			
		12	736.0	3.4			
		13	735.6	2.4			
		14	735.4	2.7			
		15	735.0	3.3			
		16	734.8	4.0			
		17	734.5	2.1			
		18	734.3	1.9			
		19	733.9	2.1			
		20	733.8	1.9			
		21	733.7	1.3			
		22	733.6	1.2			
		23	733.5	1.1			
		24	733.5	1.1			
	Mean		736.11	2.15			
	ILE PETERMANN		9th Jan 1909				
		1	733.4	0.9			
		2	733.4	1.2			
		3	733.4	1.2
		4	733.3	1.3
		5	733.2	1.4
		6	733.2	1.3
		7	733.2	1.4
		8	733.2	1.4
		9	733.2	1.6
		10	733.4	1.8
		11	733.4	1.9
		12	733.7	2.2
		13	734.0	2.9
		14	734.4	3.3
		15	734.8	3.7
		16	734.9	3.5
		17	734.9	2.9
		18	735.1	2.5
		19	735.3	2.1			
		20	735.4	2.0			
		21	735.6	1.8			
		22	735.8	1.5			
		23	735.8	1.3			
		24	736.4	1.3			
	Mean		734.27	1.91			
	ILE PETERMANN		10th Jan 1909				
		1	736.4	1.0			
		2	736.6	1.0			
		3	736.8	1.0			
		4	737.2	0.9			
		5	737.4	0.8			
		6	737.8	0.8			
		7	738.0	0.8			
		8	738.2	0.9			
		9	738.3	1.1
		10	738.4	1.4
		11	738.9	2.3
		12	739.0	3.4
		13	739.1	4.1
		14	739.4	4.2
		15	739.7	3.1
		16	739.7	1.9
		17	740.0	2.0
		18	740.1	2.2
		19	740.4	2.2
		20	740.5	1.7
		21	740.5	1.7
		22	740.5	2.1
		23	740.7	2.7
		24	740.8	1.6
	Mean		738.93	1.83			
	ILE PETERMANN		11th Jan 1909				
		1	740.8	1.2			
		2	740.8	1.0			
		3	740.8	1.0			
		4	740.8	1.0			
		5	740.8	1.3			
		6	740.7	1.5			
		7	740.7	1.6			
		8	740.6	1.8			
		9	740.6	2.1			
		10	740.5	2.1			
		11	740.6	2.0			
		12	740.6	2.6			
		13	740.6	3.2			
		14	740.6	4.6			
		15	740.5	4.6			
		16	740.5	4.6			
		17	740.4	3.8			
		18	740.2	3.2			
		19	740.2	2.8			
		20	740.0	2.4			
		21	739.8	2.0			
		22	739.8	1.4			
		23	739.8	1.3			
		24	739.8	1.2			
	Mean		740.44	2.26			
	ILE PETERMANN		12th Jan 1909				
		1	739.8	1.1			
		2	739.8	1.0			
		3	739.8	1.0			
		4	739.8	1.0			
		5	739.8	1.0
		6	739.7	1.0
		7	739.7	0.9
		8	739.6	1.4
		9	739.6	1.6
		10	739.6	2.0
		11	739.7	1.8
		12	739.8	1.3
		13	740.0	1.3
		14	740.3	0.8
		15	740.6	0.9
		16	740.8	0.7
		17	740.8	0.9
		18	741.0	0.7
		19	741.0	2.0
		20	741.2	0.4
		21	741.7	0.0			
		22	742.0	-0.8			
		23	742.1	-0.5			
		24	742.2	0.0			
	Mean		740.43	0.89			
	ILE PETERMANN		13th Jan 1909	L=65 33S	G= 68 31W		
		1	742.7	0.4			
		2	742.9	0.6			
		3	743.0	0.6			
		4	743.2	0.6			
		5	743.7	0.7			
		6	743.9	0.7			
		7	744.1	0.7			
		8	744.3	0.6			
		9	744.3	0.6			
		10	744.3	0.6			
		11	744.2	0.6			
		12	744.0	0.6			
		13	743.8	0.5			
		14	743.8	0.5			
		15	743.7	0.5			
		16	743.7	0.6			
		17	743.5	0.6			
		18	743.5	0.6			
		19	743.2	1.4			
		20	742.9	1.0			
		21	742.6	0.5			
		22	742.3	0.0			
		23	742.0	-0.1			
		24	741.9	0.0			
	Mean		743.4	0.55			
	BAIE MATHA		14th Jan 1909	L=66 36S	G= 70 14W		
		1	741.0	0.0
		2	740.6	0.0
		3	740.3	0.0
		4	740.0	-0.2
		5	739.6	-0.5
		6	739.4	0.2
		7	739.2	0.3
		8	738.8	0.5
		9	738.4	0.8
		10	738.0	0.5
		11	737.9	0.4
		12	737.8	0.2
		13	737.7	0.5
		14	737.7	0.4
		15	737.6	0.5
		16	737.6	0.5
		17	737.5	0.4			
		18	737.4	0.3			
		19	737.4	0.0			
		20	737.3	-0.6			
		21	737.3	-1.0			
		22	737.3	-1.0			
		23	736.8	-1.0			
		24	736.3	-1.2			
	Mean		738.29	0.00			
	BAIE MARGUERITE		15th Jan 1909	L=67 43S	G= 70 45W		
		1	735.4	-1.2			
		2	735.3	-1.2			
		3	734.7	-1.2			
		4	734.3	-1.3			
		5	734.2	-1.3			
		6	734.0	-1.4			
		7	733.7	-0.6
		8	733.4	-0.2
		9	732.9	-0.5
		10	732.5	0.0
		11	732.0	4.0
		12	731.7	6.4
		13	731.6	3.2
		14	731.6	3.0
		15	731.6	3.6
		16	731.6	2.4
		17	731.6	2.2
		18	731.6	1.8
		19	731.4	1.5
		20	731.2	0.0
		21	731.2	-0.6
		22	731.2	-1.6
		23	731.1	-2.0			
		24	731.3	-1.9			
	Mean		732.56	0.54			
			16th Jan 1909	L=68 18S	G= 72 03W		
		1	732.0	-2.5			
		2	732.0	-2.5			
		3	732.1	-2.3			
		4	732.5	-2.7			
		5	733.0	-2.5			
		6	733.3	-2.3			
		7	733.7	-2.3			
		8	734.0	-2.3			
		9	734.0	-3.0			
		10	734.1	-2.7			
		11	734.2	-2.5			
		12	734.6	-2.0			
		13	735.1	-1.4			
		14	735.4	-0.7			
		15	735.7	1.6			
		16	735.9	3.0			
		17	736.0	2.0			
		18	736.1	0.0			
		19	736.1	0.0			
		20	736.3	0.0			
		21	736.3	-1.3			
		22	736.3	-1.3			
		23	736.5	-1.3			
		24	736.6	-1.2			
	Mean		734.66	-1.25			
	BAIE MARGUERITE		17th Jan 1909				
		1	736.6	-1.0			
		2	736.6	-0.8			
		3	736.6	-0.9
		4	736.6	-0.9
		5	736.6	-1.0
		6	736.6	-0.9
		7	736.5	-0.5
		8	736.4	-0.2
		9	735.9	0.0
		10	735.5	1.0
		11	735.2	1.2
		12	734.9	1.6
		13	734.2	1.5
		14	733.7	2.2
		15	733.2	3.0
		16	732.4	4.4
		17	731.8	0.9
		18	731.2	0.0
		19	730.7	-0.7			
		20	730.4	-0.8			
		21	730.2	-0.7			
		22	729.6	-0.7			
		23	729.6	-0.7			
		24	729.6	-0.8			
	Mean		733.78	0.17			
	BAIE MARGUERITE		18th Jan 1909				
		1	729.6	-0.9			
		2	729.6	-0.9			
		3	729.5	-0.9			
		4	729.5	-0.8			
		5	729.3	0.0			
		6	729.2	0.2			
		7	729.2	0.9			
		8	729.2	1.0			
		9	729.2	1.5
		10	729.2	2.5
		11	729.4	2.2
		12	729.7	2.2
		13	730.0	1.8
		14	730.5	1.7
		15	730.7	1.3
		16	730.8	1.1
		17	730.9	1.1
		18	731.5	1.0
		19	731.5	0.8
		20	731.3	0.0
		21	731.0	-0.6
		22	730.8	-1.5
		23	730.7	-1.6
		24	730.5	-1.6
	Mean		730.06	0.44			
	BAIE MARGUERITE		19th Jan 1909				
		1	730.2	-2.6			
		2	730.1	-2.6			
		3	730.1	-2.4			
		4	730.1	-2.4			
		5	730.1	-2.0			
		6	730.2	-0.2			
		7	730.5	0.0			
		8	730.7	0.7			
		9	730.7	1.3			
		10	730.7	2.1			
		11	730.7	3.0			
		12	730.8	3.5			
		13	730.8	3.1			
		14	731.0	3.1			
		15	731.2	3.3			
		16	731.3	2.2			
		17	731.6	2.0			
		18	732.0	1.7			
		19	732.2	1.3			
		20	732.3	1.1			
		21	732.4	1.0			
		22	732.5	0.6			
		23	732.5	0.5			
		24	732.5	0.4			
	Mean		731.06	0.97			
	BAIE MARGUERITE		20th Jan 1909				
		1	732.5	0.4			
		2	732.5	0.3			
		3	732.6	0.3			
		4	732.7	0.2			
		5	732.7	0.4
		6	732.8	0.8
		7	732.8	1.0
		8	732.9	1.2
		9	733.1	1.9
		10	733.3	2.3
		11	733.6	2.6
		12	733.6	2.6
		13	733.6	2.4
		14	733.7	3.2
		15	733.6	2.8
		16	733.6	2.6
		17	733.3	1.0
		18	733.6	1.3
		19	733.7	1.2
		20	733.9	1.1
		21	734.5	0.8			
		22	734.9	0.2			
		23	734.9	0.2			
		24	734.9	0.0			
	Mean		733.42	1.28			
	BAIE MARGUERITE		21st Jan 1909				
		1	734.9	-0.2			
		2	734.9	-0.1			
		3	734.8	-0.8			
		4	734.6	-0.8			
		5	734.5	-1.0			
		6	734.5	-0.8			
		7	734.3	-0.3			
		8	734.2	1.0			
		9	734.2	1.3			
		10	734.1	3.3			
		11	734.0	2.6			
		12	734.0	2.0			
		13	734.0	3.9			
		14	734.0	4.0			
		15	734.0	6.0			
		16	734.1	6.2			
		17	734.4	2.0			
		18	734.5	0.2			
		19	735.0	0.2			
		20	735.3	0.2			
		21	735.6	0.2			
		22	735.7	0.3			
		23	736.0	0.3			
		24	736.4	0.3			
	Mean		734.67	1.19			
			22nd Jan 1909	L=68 34S	G= 72 37W		
		1	736.5	0.4
		2	736.6	0.3
		3	737.4	0.2
		4	737.6	0.1
		5	738.0	0.1
		6	738.4	0.1
		7	738.8	-0.3
		8	739.4	-2.0
		9	739.8	-1.9
		10	740.3	-1.8
		11	740.4	-1.0
		12	740.7	-0.8
		13	740.9	0.0
		14	741.1	1.9
		15	741.5	2.1
		16	741.5	1.7
		17	741.5	1.0			
		18	741.3	0.2			
		19	741.2	0.0			
		20	741.0	-0.5			
		21	740.8	-1.0			
		22	740.7	-1.7			
		23	740.8	-2.0			
		24	740.9	-4.2			
	Mean		739.88	-0.29			
	BAIE MARGUERITE		23rd Jan 1909				
		1	741.0	-3.0			
		2	741.1	-2.0			
		3	741.1	-1.5			
		4	741.1	-1.5			
		5	741.1	-1.2			
		6	741.0	-1.0			
		7	740.8	-1.0
		8	740.6	-1.0
		9	740.5	-0.8
		10	740.2	0.0
		11	740.2	0.5
		12	739.9	1.3
		13	739.5	2.5
		14	739.5	3.0
		15	739.4	4.0
		16	739.4	4.0
		17	739.7	4.5
		18	739.8	4.7
		19	740.3	4.0
		20	740.6	4.5
		21	740.9	2.0
		22	741.1	-0.2
		23	741.4	-0.4			
		24	741.5	-0.4			
	Mean		740.49	0.87			
	BAIE MARGUERITE		24th Jan 1909				
		1	741.7	-0.7			
		2	741.8	0.2			
		3	742.3	0.0			
		4	742.5	-0.1			
		5	742.7	-0.1			
		6	742.9	0.1			
		7	743.3	0.9			
		8	743.3	2.0			
		9	743.3	3.5			
		10	743.3	4.8			
		11	743.5	4.0			
		12	743.6	3.8			
		13	743.7	3.5			
		14	743.8	5.0			
		15	743.9	3.5			
		16	744.0	2.4			
		17	744.0	2.0			
		18	744.0	1.0			
		19	744.2	0.5			
		20	744.2	0.4			
		21	743.8	-0.5			
		22	743.5	-0.7			
		23	743.5	-0.8			
		24	743.3	-1.0			
	Mean		743.34	1.40			
	BAIE MARGUERITE		25th Jan 1909				
		1	742.8	-1.0			
		2	742.6	-1.0			
		3	742.5	-1.0
		4	742.5	-0.9
		5	742.8	-1.0
		6	742.8	-0.9
		7	743.3	-0.1
		8	743.6	0.5
		9	743.8	1.0
		10	743.8	1.4
		11	744.0	1.9
		12	744.0	2.0
		13	743.9	3.0
		14	743.9	3.1
		15	743.9	2.7
		16	743.9	2.0
		17	744.0	1.5
		18	744.0	1.3
		19	744.2	1.1			
		20	744.3	1.0			
		21	744.7	1.0			
		22	744.8	0.8			
		23	744.8	0.8			
		24	745.2	0.8			
	Mean		743.78	0.85			
	BAIE MARGUERITE		26th Jan 1909				
		1	745.5	0.9			
		2	745.9	1.0			
		3	746.4	1.0			
		4	746.4	1.0			
		5	746.6	1.2			
		6	746.6	1.4			
		7	746.8	1.3			
		8	746.8	1.1			
		9	746.6	1.1
		10	746.6	1.4
		11	746.5	2.1
		12	746.2	1.6
		13	745.6	1.8
		14	745.2	1.8
		15	744.5	3.2
		16	744.5	4.0
		17	744.0	4.5
		18	744.1	4.4
		19	743.5	2.7
		20	742.7	2.8
		21	742.0	3.4
		22	741.9	3.2
		23	741.7	1.7
		24	742.2	2.2
	Mean		744.79	2.12			
	BAIE MARGUERITE		27th Jan 1909				
		1	742.8	2.4			
		2	743.2	1.6			
		3	742.7	1.1			
		4	742.2	1.1			
		5	742.2	1.6			
		6	742.3	1.0			
		7	742.3	0.7			
		8	742.4	1.0			
		9	742.5	0.7			
		10	742.5	0.7			
		11	742.5	1.6			
		12	742.8	2.4			
		13	742.8	3.5			
		14	742.8	3.5			
		15	743.1	3.1			
		16	743.4	2.7			
		17	743.9	1.6			
		18	743.9	1.4			
		19	743.9	0.9			
		20	744.0	0.9			
		21	744.1	0.9			
		22	744.3	0.9			
		23	744.2	1.0			
		24	744.3	0.8			
	Mean		743.12	1.54			
	BAIE MARGUERITE		28th Jan 1909				
		1	744.3	0.5			
		2	744.3	0.3			
		3	744.3	0.2			
		4	744.3	0.2			
		5	744.3	0.2
		6	744.3	0.4
		7	744.0	0.5
		8	743.8	0.9
		9	743.7	1.2
		10	743.2	1.3
		11	743.2	1.6
		12	743.1	1.6
		13	742.8	2.1
		14	742.7	1.2
		15	742.7	1.0
		16	742.7	1.0
		17	742.4	1.0
		18	742.3	0.0
		19	741.8	-0.4
		20	741.8	-1.2
		21	741.3	-1.0			
		22	741.1	-1.0			
		23	740.6	-1.0			
		24	740.5	-0.9			
	Mean		742.89	0.40			
	BAIE MARGUERITE		29th Jan 1909				
		1	740.3	-0.5			
		2	740.3	0.0			
		3	740.3	0.2			
		4	740.3	0.0			
		5	740.3	0.0			
		6	740.3	0.3			
		7	740.4	1.0			
		8	740.2	1.5			
		9	740.2	1.3			
		10	740.3	1.6			
		11	740.3	1.9			
		12	740.3	2.0			
		13	740.5	2.3			
		14	740.5	2.6			
		15	740.6	2.2			
		16	740.7	2.0			
		17	740.8	2.2			
		18	740.3	0.5			
		19	740.3	-0.5			
		20	740.1	-0.5			
		21	739.8	-0.5			
		22	739.6	-1.0			
		23	739.4	-1.1			
		24	739.4	-1.4			
	Mean		740.23	0.67			
	BAIE MARGUERITE		30th Jan 1909				
		1	739.3	-1.5
		2	739.0	-1.9
		3	738.9	-1.6
		4	738.7	-2.3
		5	738.7	-6.5
		6	738.6	-2.0
		7	738.6	-0.4
		8	738.4	0.3
		9	738.4	1.3
		10	738.2	3.3
		11	738.3	2.0
		12	738.3	-0.3
		13	738.3	5.0
		14	738.2	8.0
		15	738.1	7.0
		16	738.1	4.0
		17	738.2	4.0			
		18	738.3	2.0			
		19	738.3	1.0			
		20	738.2	0.0			
		21	737.7	-1.0			
		22	737.7	-1.3			
		23	737.6	-1.0			
		24	737.7	-1.1			
	Mean		738.32	0.71			
			31st Jan 1909	L=66 51S	G= 71 08W		
		1	737.7	-1.6			
		2	737.8	-3.0			
		3	738.2	-3.0			
		4	738.3	-3.2			
		5	738.3	-3.1			
		6	738.3	-3.0			
		7	738.4	-2.8
		8	738.4	-2.3
		9	738.4	-2.3
		10	738.4	-2.3
		11	738.4	-1.2
		12	738.4	-0.6
		13	738.4	-0.5
		14	738.4	-0.7
		15	738.5	-1.1
		16	738.7	-0.5
		17	738.7	-2.0
		18	738.7	-3.0
		19	738.7	-0.6
		20	738.7	-0.8
		21	738.9	-1.2
		22	739.0	-1.5
		23	739.0	-1.7			
		24	739.0	-2.2			
	Mean		738.49	-1.65			
			1st Feb 1909	L=66 55S	G=69 30W		
		1	739.0	-2.5			
		2	739.1	-1.6			
		3	739.1	-1.9			
		4	739.3	-2.3			
		5	739.5	-3.4			
		6	739.7	-3.0			
		7	739.7	-2.6			
		8	740.0	-2.6			
		9	740.1	-2.4			
		10	740.1	-2.0			
		11	740.2	-1.5			
		12	740.2	-1.5			
		13	740.2	-1.5			
		14	740.2	-1.2			
		15	740.3	-0.7			
		16	740.5	3.0			
		17	740.7	4.0			
		18	741.0	1.1			
		19	741.3	0.3			
		20	741.6	0.4			
		21	742.0	0.9			
		22	742.1	-0.2			
		23	742.2	-0.5			
		24	742.3	-2.3			
	Mean		740.43	-1.02			
			2nd Feb 1909	L=65 43S	G=69 25W		
		1	742.5	-2.9			
		2	742.6	-1.6			
		3	742.6	-1.3
		4	742.6	-1.0
		5	742.6	-1.0
		6	742.6	-0.2
		7	742.7	1.3
		8	742.7	1.4
		9	742.9	1.6
		10	743.0	1.8
		11	743.1	1.9
		12	743.4	2.0
		13	743.6	1.4
		14	743.8	1.7
		15	743.8	1.9
		16	743.8	2.1
		17	743.8	2.0
		18	743.9	1.9
		19	744.0	1.9			
		20	744.2	1.3			
		21	744.5	0.9			
		22	745.0	0.1			
		23	745.3	0.0			
		24	745.5	-0.3			
	Mean		742.52	0.79			
							
							
	le detroit de Bransfield		27th Nov 1909	L=63 15S	G=63 05W		
		1	739.1	-2.1			
		2	739.1	-1.9			
		3	738.7	-1.9			
		4	738.7	-1.8			
		5	738.6	-1.6			
		6	738.5	-1.3			
		7	738.4	-1.6
		8	738.3	-1.7
		9	738.3	-0.3
		10	738.3	0.5
		11	738.4	0.8
		12	738.5	-0.9
		13	738.6	-0.9
		14	738.7	-0.9
		15	739.0	-1.0
		16	739.0	-1.0
		17	739.1	-1.1
		18	739.0	-1.6
		19	739.0	-2.0
		20	739.3	-2.1
		21	739.4	-2.5
		22	739.5	-2.6
		23	739.7	-2.9			
		24	739.8	-3.0			
	Mean		738.89	-1.48			
	ILE DECEPTION		28th Nov 1909				
		1	740.0	-3.1			
		2	740.3	-3.2			
		3	740.3	-3.4			
		4	740.4	-3.4			
		5	740.6	-3.5			
		6	740.9	-3.3			
		7	741.1	-3.1			
		8	741.4	-2.9			
		9	741.6	-2.7			
		10	742.1	-2.2			
		11	742.4	-1.8			
		12	742.6	-0.9			
		13	742.8	-0.4			
		14	743.1	0.1			
		15	743.2	1.0			
		16	743.5	2.0			
		17	743.8	1.6			
		18	743.8	1.1			
		19	744.2	0.6			
		20	744.2	-0.1			
		21	744.3	-1.3			
		22	744.5	-1.6			
		23	744.7	-1.5			
		24	744.7	-1.8			
	Mean		742.52	-1.41			
	ILE DECEPTION		29th Nov 1909				
		1	744.7	-1.7			
		2	744.6	-1.7			
		3	744.6	-1.7
		4	744.6	-1.6
		5	744.5	-1.0
		6	744.1	-0.7
		7	743.9	0.1
		8	743.5	0.9
		9	743.3	1.9
		10	742.6	0.4
		11	742.6	-0.5
		12	742.5	-1.2
		13	741.7	-1.6
		14	741.8	-1.0
		15	741.8	-0.4
		16	741.6	0.0
		17	741.4	-0.1
		18	741.1	-0.8
		19	740.8	-1.0			
		20	740.7	-1.1			
		21	740.4	-1.1			
		22	740.3	-1.1			
		23	740.2	-1.1			
		24	740.1	-1.1			
	Mean		742.4	-0.72			
	ILE DECEPTION		30th Nov 1909				
		1	740.2	-1.0			
		2	740.1	-1.0			
		3	739.8	-1.0			
		4	739.8	-1.0			
		5	739.5	-0.9			
		6	739.2	-0.9			
		7	739.0	-0.3			
		8	738.6	0.0			
		9	737.7	0.8
		10	736.3	1.3
		11	735.3	0.9
		12	735.0	0.5
		13	734.0	0.3
		14	733.4	0.0
		15	732.0	0.6
		16	731.5	1.0
		17	730.8	1.7
		18	730.9	2.5
		19	731.0	2.9
		20	731.5	2.9
		21	731.5	2.9
		22	731.7	2.7
		23	731.8	2.6
		24	731.6	2.9
	Mean		735.09	0.85			
	ILE DECEPTION		1st Dec 1909				
		1	731.6	2.8			
		2	731.4	2.7			
		3	731.3	2.7			
		4	731.3	3.1			
		5	731.3	3.0			
		6	730.9	2.0			
		7	730.7	1.6			
		8	730.7	0.7			
		9	730.3	0.4			
		10	730.1	0.3			
		11	730.2	0.3			
		12	730.0	0.0			
		13	730.1	0.0			
		14	729.9	0.2			
		15	729.7	-0.3			
		16	730.0	-0.4			
		17	730.0	-0.6			
		18	730.0	-0.8			
		19	730.1	-1.0			
		20	730.2	-1.0			
		21	730.4	-1.0			
		22	730.5	-1.1			
		23	730.7	-1.2			
		24	731.0	-1.0			
	Mean		730.54	0.48			
	ILE DECEPTION		2nd Dec 1909				
		1	731.6	-0.9			
		2	731.9	-0.2			
		3	732.6	0.3			
		4	733.0	0.7			
		5	733.7	0.9
		6	733.7	1.0
		7	734.8	1.2
		8	735.5	2.0
		9	736.0	2.1
		10	736.5	3.5
		11	736.8	3.9
		12	737.4	3.9
		13	737.6	3.7
		14	738.2	2.7
		15	738.4	2.9
		16	738.8	3.8
		17	739.0	4.1
		18	739.2	2.8
		19	739.6	2.4
		20	739.7	2.1
		21	739.9	1.9			
		22	740.4	1.9			
		23	740.7	1.5			
		24	740.8	1.9			
	Mean		736.91	2.09			
	ILE DECEPTION		3rd Dec 1909				
		1	741.2	1.9			
		2	741.4	1.8			
		3	741.5	1.9			
		4	741.6	1.8			
		5	742.1	1.1			
		6	742.3	1.1			
		7	742.4	2.0			
		8	742.6	3.2			
		9	743.0	4.1			
		10	743.1	3.9			
		11	743.4	4.3			
		12	744.0	4.3			
		13	744.2	4.9			
		14	744.6	5.7			
		15	743.0	6.2			
		16	745.2	5.4			
		17	745.5	4.5			
		18	745.6	4.1			
		19	746.1	3.9			
		20	746.1	3.1			
		21	746.6	2.5			
		22	746.7	1.5			
		23	746.8	0.5			
		24	746.8	-0.1			
	Mean		744.08	3.07			
	ILE DECEPTION		4th Dec 1909				
		1	746.8	0.1
		2	746.8	0.1
		3	746.9	-0.1
		4	746.9	0.2
		5	747.1	1.0
		6	747.1	1.7
		7	747.5	2.0
		8	747.5	2.7
		9	747.5	2.9
		10	747.4	3.7
		11	747.4	4.2
		12	747.6	5.1
		13	747.7	5.3
		14	747.2	4.7
		15	747.2	4.3
		16	747.2	3.9
		17	747.1	2.9			
		18	747.0	2.9			
		19	746.7	3.0			
		20	746.7	1.7			
		21	746.6	1.1			
		22	746.5	0.6			
		23	746.5	0.1			
		24	746.5	-0.3			
	Mean		747.06	2.24			
	ILE DECEPTION		5th Dec 1909				
		1	746.2	-0.3			
		2	746.1	-0.3			
		3	745.8	-0.7			
		4	745.6	-0.8			
		5	745.6	-0.8			
		6	745.6	-0.7			
		7	745.6	-0.4
		8	745.6	-0.1
		9	745.4	0.0
		10	745.2	0.2
		11	745.2	0.2
		12	745.5	0.3
		13	745.5	0.3
		14	745.5	0.8
		15	745.5	0.8
		16	745.4	0.9
		17	745.4	0.7
		18	745.5	0.3
		19	745.4	0.7
		20	745.4	0.3
		21	745.4	0.8
		22	745.1	0.6
		23	745.0	0.3			
		24	745.0	0.0			
	Mean		745.49	0.09			
	ILE DECEPTION		6th Dec 1909				
		1	745.1	0.0			
		2	745.1	0.0			
		3	745.1	0.1			
		4	745.2	0.2			
		5	745.4	0.6			
		6	745.2	1.0			
		7	745.8	1.5			
		8	746.1	2.2			
		9	746.1	2.9			
		10	746.2	3.5			
		11	746.3	3.0			
		12	746.4	2.7			
		13	746.4	1.9			
		14	746.4	2.2			
		15	746.6	2.6			
		16	746.6	1.9			
		17	746.6	0.2			
		18	746.6	-0.3			
		19	746.5	-0.2			
		20	746.5	-0.3			
		21	746.5	-0.9			
		22	746.5	-0.9			
		23	746.4	-0.5			
		24	746.4	-1.0			
	Mean		746.09	0.93			
	ILE DECEPTION		7th Dec 1909				
		1	746.2	-1.1			
		2	746.1	-1.3			
		3	746.1	-1.4
		4	746.1	-1.5
		5	746.1	-1.4
		6	746.1	-1.3
		7	746.0	-1.1
		8	745.9	-1.1
		9	745.5	-1.0
		10	745.3	-0.8
		11	745.1	-0.8
		12	744.9	0.4
		13	744.9	2.9
		14	744.8	3.4
		15	744.5	5.0
		16	744.5	6.0
		17	744.4	5.8
		18	744.1	5.5
		19	744.1	5.9			
		20	744.1	4.2			
		21	744.1	1.9			
		22	744.1	1.5			
		23	744.0	0.4			
		24	744.1	0.1			
	Mean		745.05	1.26			
	ILE DECEPTION		8th Dec 1909				
		1	744.1	0.1			
		2	744.1	-0.1			
		3	744.1	-1.0			
		4	744.1	-0.9			
		5	744.1	-0.7			
		6	744.1	-0.1			
		7	744.1	0.6			
		8	744.2	1.0			
		9	744.5	0.9
		10	744.6	0.9
		11	744.9	1.0
		12	745.0	0.9
		13	745.1	0.8
		14	745.2	0.2
		15	745.2	0.6
		16	745.3	0.8
		17	745.5	0.7
		18	745.5	0.2
		19	745.9	0.0
		20	746.2	-0.3
		21	746.4	-1.1
		22	746.5	-2.0
		23	746.9	-2.2
		24	746.9	-4.6
	Mean		745.11	-0.11			
	ILE DECEPTION		9th Dec 1909				
		1	747.0	-2.6			
		2	747.1	-2.3			
		3	747.2	-2.7			
		4	747.2	-2.9			
		5	747.4	-3.0			
		6	747.8	-3.1			
		7	748.0	-2.9			
		8	748.1	-2.8			
		9	748.4	-2.2			
		10	748.4	-1.8			
		11	748.6	-1.2			
		12	748.8	-0.6			
		13	748.9	0.3			
		14	748.9	0.8			
		15	748.9	0.0			
		16	748.9	0.4			
		17	748.3	-0.5			
		18	748.0	-1.2			
		19	747.6	-1.5			
		20	748.0	-1.9			
		21	748.0	-1.7			
		22	747.9	-1.7			
		23	747.9	-1.9			
		24	747.8	-2.0			
	Mean		748.05	-1.63			
	ILE DECEPTION		10th Dec 1909				
		1	747.0	-2.0			
		2	747.0	-2.0			
		3	746.7	-2.2			
		4	746.3	-2.3			
		5	745.9	-2.4
		6	745.9	-2.3
		7	745.5	-2.1
		8	745.2	-2.1
		9	745.2	-1.8
		10	745.2	-1.7
		11	745.0	-1.6
		12	744.7	-1.6
		13	744.5	-1.4
		14	744.3	-1.4
		15	744.3	-1.5
		16	744.3	-1.2
		17	743.7	-1.3
		18	743.3	-1.3
		19	743.2	-1.3
		20	744.2	-1.4
		21	744.4	-1.5			
		22	744.4	-1.5			
		23	744.7	-1.3			
		24	744.6	-1.4			
	Mean		744.98	-1.69			
	ILE DECEPTION		11th Dec 1909				
		1	744.1	-1.5			
		2	744.1	-1.5			
		3	744.0	-1.4			
		4	743.9	-1.4			
		5	744.0	-1.3			
		6	744.0	-1.3			
		7	744.0	-1.2			
		8	743.8	-1.2			
		9	743.8	-1.1			
		10	743.8	-0.8			
		11	743.7	-0.8			
		12	743.6	-0.6			
		13	743.5	-0.4			
		14	743.4	0.1			
		15	743.5	0.4			
		16	743.4	0.3			
		17	743.4	0.2			
		18	743.4	0.1			
		19	743.4	0.0			
		20	743.3	-0.1			
		21	743.3	-0.1			
		22	743.3	0.0			
		23	743.3	0.1			
		24	743.3	-0.1			
	Mean		743.64	-0.56			
	ILE DECEPTION		12th Dec 1909				
		1	743.2	-0.1
		2	743.0	-0.1
		3	743.0	-0.1
		4	743.0	-0.2
		5	743.1	-0.2
		6	743.3	-0.2
		7	743.5	-0.1
		8	743.5	0.1
		9	743.5	0.3
		10	743.9	0.4
		11	744.0	0.4
		12	743.7	0.3
		13	743.9	0.2
		14	744.0	0.2
		15	744.1	0.1
		16	744.1	0.0
		17	744.1	-0.1			
		18	744.2	-0.3			
		19	744.2	-0.7			
		20	744.2	-0.8			
		21	744.1	-1.0			
		22	744.3	-1.0			
		23	744.3	-1.0			
		24	744.2	-1.1			
	Mean		743.76	-0.21			
	ILE DECEPTION		13th Dec 1909				
		1	744.2	-1.1			
		2	744.2	-1.1			
		3	744.3	-1.2			
		4	744.3	-1.2			
		5	744.3	-1.0			
		6	744.3	-0.9			
		7	744.4	-0.8
		8	744.4	-0.4
		9	744.5	0.4
		10	744.8	0.5
		11	745.0	0.6
		12	745.2	0.8
		13	745.3	0.8
		14	745.6	0.8
		15	745.7	0.8
		16	745.5	0.9
		17	745.4	0.9
		18	745.3	0.4
		19	745.2	0.4
		20	745.1	0.1
		21	745.2	0.1
		22	745.2	-0.1
		23	745.2	-0.1			
		24	745.3	0.0			
	Mean		744.92	-0.02			
	ILE DECEPTION		14th Dec 1909				
		1	745.3	0.1			
		2	745.3	0.0			
		3	745.4	0.0			
		4	745.5	0.0			
		5	746.0	0.1			
		6	746.1	0.4			
		7	746.4	0.9			
		8	746.6	0.9			
		9	747.1	1.1			
		10	747.3	1.8			
		11	747.5	2.1			
		12	747.8	2.2			
		13	748.1	2.1			
		14	748.5	2.8			
		15	749.0	2.3			
		16	749.0	2.3			
		17	749.1	2.8			
		18	749.4	2.1			
		19	749.5	2.0			
		20	749.8	2.0			
		21	749.9	1.7			
		22	749.9	1.2			
		23	750.1	1.0			
		24	750.1	1.0			
	Mean		747.87	1.37			
	ILE DECEPTION		15th Dec 1909				
		1	750.1	1.0			
		2	750.1	1.0			
		3	750.1	0.4
		4	750.1	0.3
		5	750.1	0.8
		6	750.0	1.1
		7	750.0	1.4
		8	749.5	1.2
		9	748.8	1.7
		10	748.7	1.8
		11	748.6	2.2
		12	748.6	3.4
		13	748.3	3.9
		14	747.8	3.7
		15	747.5	3.4
		16	747.4	3.7
		17	747.4	2.3
		18	746.5	2.0
		19	746.1	1.0			
		20	745.4	0.8			
		21	745.3	0.4			
		22	745.3	0.3			
		23	745.0	0.2			
		24	744.8	0.3			
	Mean		747.98	1.60			
	ILE DECEPTION		16th Dec 1909				
		1	744.7	0.1			
		2	744.6	-0.2			
		3	744.5	-0.4			
		4	744.3	-0.5			
		5	744.0	-0.5			
		6	743.9	-0.6			
		7	743.5	-0.5			
		8	743.3	-0.5			
		9	742.6	-0.5
		10	742.8	-0.5
		11	742.8	-0.5
		12	742.3	-0.5
		13	742.2	-0.4
		14	741.7	-0.4
		15	741.5	-0.1
		16	741.4	-0.2
		17	741.0	-0.3
		18	741.1	-0.2
		19	740.8	-0.2
		20	740.7	-0.1
		21	740.0	-0.1
		22	739.8	0.1
		23	739.8	0.1
		24	739.7	0.1
	Mean		742.21	-0.28			
	ILE DECEPTION		17th Dec 1909				
		1	739.8	0.2			
		2	739.8	0.5			
		3	739.9	0.9			
		4	740.0	1.1			
		5	740.3	1.4			
		6	740.5	2.0			
		7	741.0	2.1			
		8	741.4	2.2			
		9	742.1	2.6			
		10	742.2	3.0			
		11	742.4	3.1			
		12	742.5	3.1			
		13	742.9	3.4			
		14	743.1	3.8			
		15	743.3	2.9			
		16	743.3	2.1			
		17	743.4	2.3			
		18	743.7	2.8			
		19	743.8	2.2			
		20	743.8	2.1			
		21	743.7	2.1			
		22	743.6	2.0			
		23	743.6	2.2			
		24	743.6	2.1			
	Mean		742.24	2.18			
	ILE DECEPTION		18th Dec 1909				
		1	743.6	2.0			
		2	743.6	1.7			
		3	743.7	1.5			
		4	743.8	1.5			
		5	743.8	2.0
		6	743.8	1.4
		7	743.9	1.2
		8	743.9	1.3
		9	743.9	1.3
		10	744.0	2.3
		11	743.9	2.1
		12	743.8	1.9
		13	743.7	1.9
		14	743.6	1.3
		15	743.5	1.1
		16	743.5	1.1
		17	743.5	1.0
		18	743.5	0.9
		19	743.5	0.9
		20	743.5	0.7
		21	743.5	0.4			
		22	743.4	0.3			
		23	743.3	0.2			
		24	743.3	0.2			
	Mean		743.65	1.26			
	ILE DECEPTION		19th Dec 1909				
		1	743.1	0.1			
		2	743.0	0.2			
		3	743.0	0.2			
		4	743.1	0.3			
		5	743.0	0.4			
		6	743.1	0.6			
		7	743.0	1.0			
		8	743.0	1.1			
		9	743.0	1.4			
		10	743.1	1.7			
		11	743.1	1.1			
		12	743.1	0.9			
		13	743.0	0.8			
		14	743.0	0.8			
		15	743.0	1.3			
		16	743.2	1.4			
		17	743.0	0.3			
		18	743.0	0.1			
		19	742.7	0.0			
		20	742.6	0.0			
		21	742.5	0.0			
		22	742.1	0.0			
		23	742.1	0.1			
		24	741.5	0.3			
	Mean		742.85	0.59			
	ILE DECEPTION		20th Dec 1909				
		1	740.6	0.4
		2	740.6	0.4
		3	740.4	0.3
		4	740.4	0.2
		5	740.1	0.3
		6	739.8	0.2
		7	739.4	0.3
		8	738.8	0.5
		9	738.4	0.9
		10	738.0	1.2
		11	737.7	1.7
		12	737.4	1.9
		13	737.4	1.9
		14	737.5	2.5
		15	737.4	2.6
		16	737.6	2.0
		17	737.6	1.1			
		18	737.5	1.1			
		19	737.5	1.2			
		20	737.5	1.3			
		21	737.5	1.7			
		22	737.9	1.8			
		23	738.0	1.8			
		24	738.1	1.8			
	Mean		738.47	1.21			
	ILE DECEPTION		21st Dec 1909				
		1	738.1	1.9			
		2	738.3	2.0			
		3	738.6	2.0			
		4	738.8	1.6			
		5	739.0	1.6			
		6	739.2	2.0			
		7	739.4	2.4
		8	739.5	3.0
		9	739.7	4.2
		10	740.1	5.1
		11	740.1	4.9
		12	740.2	5.2
		13	740.2	5.0
		14	740.3	4.8
		15	740.3	5.0
		16	740.4	5.7
		17	740.6	4.8
		18	741.0	4.1
		19	741.0	3.4
		20	741.0	2.7
		21	741.1	2.2
		22	741.1	1.7
		23	741.1	1.1			
		24	741.1	1.1			
	Mean		740.01	3.23			
	ILE DECEPTION		22nd Dec 1909				
		1	741.1	0.8			
		2	741.1	0.6			
		3	741.1	0.6			
		4	741.1	0.5			
		5	741.1	0.5			
		6	741.1	0.5			
		7	740.8	0.8			
		8	740.5	0.9			
		9	740.3	1.2			
		10	740.1	2.0			
		11	739.9	3.4			
		12	739.8	3.8			
		13	739.6	4.4			
		14	739.4	4.5			
		15	739.3	4.2			
		16	739.2	4.2			
		17	739.2	4.5			
		18	739.1	3.9			
		19	739.1	3.3			
		20	739.1	1.9			
		21	739.2	1.1			
		22	739.3	1.5			
		23	739.4	1.1			
		24	739.4	0.8			
	Mean		739.97	2.13			
	DETROIT DE BRANSFIELD		23rd Dec 1909	L=63 00S	G=62 50W		
		1	739.4	0.5			
		2	739.5	0.3			
		3	739.8	0.0
		4	740.1	0.1
		5	740.4	0.0
		6	740.5	0.0
		7	740.6	-0.2
		8	741.0	2.1
		9	741.0	3.3
		10	741.0	3.9
		11	741.0	4.0
		12	741.0	4.0
		13	741.0	4.6
		14	740.9	5.3
		15	740.9	5.3
		16	740.9	7.6
		17	740.3	8.0
		18	740.2	4.3
		19	739.8	3.3			
		20	739.8	3.3			
		21	739.8	1.6			
		22	739.7	0.2			
		23	739.7	-1.2			
		24	739.5	-1.3			
	Mean		740.33	2.46			
	DETROIT DE BRANSFIELD		24th Dec 1909	L=62 05S	G=59 25W		
		1	739.4	-1.7			
		2	739.3	-1.8			
		3	739.0	-1.7			
		4	739.0	-1.6			
		5	738.9	-1.0			
		6	738.9	0.4			
		7	738.7	0.9			
		8	738.7	0.0			
		9	738.7	-0.1
		10	738.6	-0.2
		11	738.6	-0.3
		12	738.6	1.3
		13	738.5	4.4
		14	738.5	2.9
		15	738.5	4.7
		16	738.5	5.8
		17	738.4	4.3
		18	738.3	2.9
		19	738.3	1.6
		20	738.2	0.5
		21	738.2	0.0
		22	738.5	-0.6
		23	738.7	-0.7
		24	738.9	-0.7
	Mean		738.67	0.80			
	BAIE DE L'AMIRAUTE		25th Dec 1909				
		1	738.9	-0.8			
		2	739.0	-0.8			
		3	739.2	-0.7			
		4	739.3	-0.7			
		5	739.6	-0.7			
		6	740.3	-0.6			
		7	740.4	-0.5			
		8	740.7	-0.4			
		9	741.4	0.1			
		10	741.6	0.5			
		11	741.8	0.7			
		12	742.5	0.7			
		13	743.1	1.5			
		14	743.5	1.8			
		15	744.0	2.1			
		16	744.5	1.7			
		17	745.3	1.5			
		18	746.0	1.4			
		19	746.5	1.3			
		20	747.0	0.8			
		21	747.6	0.5			
		22	748.1	0.4			
		23	748.7	-0.3			
		24	749.1	-0.5			
	Mean		743.26	0.37			
	BAIE DE L'AMIRAUTE		26th Dec 1909				
		1	749.5	-0.1			
		2	749.6	-0.1			
		3	750.1	-1.1			
		4	750.6	-1.6			
		5	751.0	-1.9
		6	751.9	0.5
		7	752.5	1.9
		8	752.9	3.0
		9	753.5	4.4
		10	754.0	6.2
		11	754.3	6.2
		12	754.8	5.0
		13	755.5	5.4
		14	755.6	4.7
		15	756.0	5.1
		16	756.5	4.5
		17	756.7	3.6
		18	757.1	2.5
		19	757.1	3.7
		20	757.1	3.0
		21	757.1	2.5			
		22	757.1	1.8			
		23	757.1	1.6			
		24	757.1	1.3			
	Mean		754.37	2.59			
	BAIE DE L'AMIRAUTE		27th Dec 1909				
		1	757.1	1.2			
		2	757.0	1.1			
		3	757.0	1.4			
		4	756.4	1.9			
		5	756.1	3.0			
		6	755.9	3.3			
		7	755.7	3.2			
		8	755.3	2.9			
		9	755.0	2.9			
		10	754.6	3.1			
		11	754.5	3.8			
		12	754.0	3.6			
		13	753.5	4.5			
		14	753.2	4.9			
		15	752.4	4.2			
		16	751.9	4.5			
		17	751.5	4.9			
		18	750.9	4.8			
		19	750.2	3.5			
		20	749.8	3.6			
		21	749.5	2.7			
		22	749.2	2.5			
		23	748.5	2.3			
		24	748.1	2.3			
	Mean		753.23	3.17			
	BAIE DE L'AMIRAUTE		28th Dec 1909				
		1	747.5	2.7
		2	746.2	2.5
		3	745.2	2.4
		4	743.9	2.5
		5	744.4	2.5
		6	744.4	2.8
		7	743.9	2.8
		8	744.0	2.8
		9	744.0	2.8
		10	743.7	2.5
		11	743.5	2.4
		12	742.4	2.9
		13	741.9	3.6
		14	742.2	4.4
		15	741.9	3.8
		16	741.1	2.8
		17	741.1	2.7			
		18	741.8	2.7			
		19	741.7	2.2			
		20	741.9	1.9			
		21	741.9	1.4			
		22	741.4	1.5			
		23	741.0	1.2			
		24	741.0	0.9			
	Mean		743.00	2.53			
	BAIE DE L'AMIRAUTE		29th Dec 1909				
		1	741.0	0.6			
		2	741.0	0.2			
		3	741.0	0.2			
		4	741.2	0.2			
		5	741.3	0.2			
		6	741.7	0.2			
		7	741.9	0.8
		8	742.0	1.1
		9	742.2	1.4
		10	742.5	1.0
		11	742.9	1.2
		12	743.1	1.6
		13	743.2	1.2
		14	743.4	1.0
		15	743.5	1.1
		16	743.6	1.6
		17	743.7	1.2
		18	744.1	1.0
		19	744.2	1.0
		20	744.4	0.8
		21	744.5	0.2
		22	744.8	0.0
		23	745.1	-0.1			
		24	745.1	-0.2			
	Mean		742.98	0.73			
	BAIE DE L'AMIRAUTE		30th Dec 1909				
		1	745.1	-0.1			
		2	745.1	0.0			
		3	745.1	0.1			
		4	745.1	0.1			
		5	745.2	0.3			
		6	745.3	0.6			
		7	745.2	0.9			
		8	745.0	1.2			
		9	745.0	2.0			
		10	745.2	2.7			
		11	745.2	3.3			
		12	745.5	4.9			
		13	745.6	6.2			
		14	745.8	4.4			
		15	745.9	4.3			
		16	746.0	5.2			
		17	746.1	5.8			
		18	746.2	4.3			
		19	746.5	3.3			
		20	747.1	3.2			
		21	747.0	2.3			
		22	746.8	2.0			
		23	746.8	1.7			
		24	746.8	1.4			
	Mean		745.78	2.50			
	ILE DECEPTION		31st Dec 1909				
		1	746.8	1.7			
		2	746.8	1.6			
		3	746.8	1.7
		4	746.8	1.7
		5	746.9	2.8
		6	746.8	2.4
		7	746.7	2.2
		8	746.5	2.7
		9	746.5	3.7
		10	746.4	4.6
		11	746.0	6.0
		12	745.5	6.5
		13	745.0	6.4
		14	744.4	5.6
		15	743.4	4.3
		16	742.6	4.2
		17	742.0	3.5
		18	740.6	3.0
		19	739.7	3.0			
		20	738.9	2.2			
		21	737.9	1.9			
		22	737.0	1.9			
		23	735.1	1.8			
		24	733.3	1.2			
	Mean		743.27	3.19			
	ILE DECEPTION		1st Jan 1910				
		1	733.0	1.1			
		2	732.4	0.9			
		3	730.9	1.0			
		4	730.9	1.2			
		5	730.4	1.3			
		6	730.5	1.2			
		7	730.5	1.1			
		8	730.3	1.1			
		9	730.2	1.9
		10	730.8	2.7
		11	731.2	2.4
		12	731.6	3.3
		13	731.9	3.0
		14	732.7	3.3
		15	733.3	4.2
		16	733.7	4.1
		17	734.1	4.9
		18	734.1	4.2
		19	734.3	4.3
		20	734.5	4.0
		21	734.8	2.9
		22	735.4	1.5
		23	735.7	0.8
		24	735.8	0.4
	Mean		732.63	2.37			
	ILE DECEPTION		2nd Jan 1910				
		1	735.8	-0.1			
		2	735.7	-0.1			
		3	735.6	0.2			
		4	735.5	0.7			
		5	735.5	0.9			
		6	735.2	0.9			
		7	735.1	2.3			
		8	735.2	2.8			
		9	735.3	3.2			
		10	735.5	3.5			
		11	735.8	3.3			
		12	736.4	3.7			
		13	737.0	4.0			
		14	737.1	4.2			
		15	737.5	5.0			
		16	738.1	4.9			
		17	738.4	4.5			
		18	738.8	4.3			
		19	739.1	3.7			
		20	739.2	3.2			
		21	739.3	3.0			
		22	739.9	2.9			
		23	740.2	2.8			
		24	740.8	2.7			
	Mean		737.37	2.77			
	ILE DECEPTION		3rd Jan 1910				
		1	741.0	2.5			
		2	741.2	2.6			
		3	741.5	2.8			
		4	742.0	2.9			
		5	742.2	2.9
		6	742.3	3.0
		7	742.3	3.1
		8	742.3	3.3
		9	742.4	4.1
		10	742.5	4.1
		11	742.5	4.5
		12	742.5	4.7
		13	742.4	4.0
		14	742.4	4.0
		15	742.3	4.2
		16	742.3	4.2
		17	742.1	4.2
		18	742.0	4.0
		19	742.0	3.7
		20	742.0	3.6
		21	741.7	3.3			
		22	741.5	2.9			
		23	741.3	2.9			
		24	741.1	2.9			
	Mean		741.99	3.52			
	ILE DECEPTION		4th Jan 1910				
		1	741.1	2.6			
		2	741.1	2.3			
		3	741.1	2.2			
		4	741.1	2.4			
		5	741.1	2.0			
		6	741.2	2.0			
		7	741.3	2.8			
		8	741.5	2.9			
		9	741.4	2.3			
		10	741.3	2.3			
		11	741.4	3.2			
		12	741.5	3.1			
		13	741.5	3.6			
		14	741.4	4.2			
		15	741.4	5.1			
		16	741.4	5.1			
		17	741.3	4.9			
		18	741.2	4.7			
		19	740.5	5.6			
		20	740.0	4.8			
		21	739.7	3.8			
		22	738.6	3.3			
		23	737.6	2.7			
		24	736.2	2.1			
	Mean		740.67	3.33			
	ILE DECEPTION		5th Jan 1910				
		1	736.0	2.0
		2	733.6	2.2
		3	731.0	2.2
		4	728.1	2.0
		5	725.8	1.6
		6	724.0	1.3
		7	722.9	1.6
		8	722.8	2.6
		9	722.2	2.8
		10	721.3	3.2
		11	720.0	3.7
		12	720.0	3.3
		13	719.9	3.0
		14	719.9	2.3
		15	719.8	2.0
		16	720.0	2.0
		17	720.4	1.9			
		18	720.7	1.6			
		19	721.2	2.2			
		20	721.5	2.2			
		21	721.6	2.0			
		22	722.1	2.1			
		23	722.4	1.7			
		24	722.9	1.6			
	Mean		723.34	2.21			
			6th Jan 1910	L=63 05S	G=63 00W		
		1	722.9	1.1			
		2	723.0	1.1			
		3	723.1	1.1			
		4	723.3	1.0			
		5	723.6	1.2			
		6	723.8	1.2			
		7	724.0	1.8
		8	724.3	2.1
		9	724.9	2.2
		10	725.2	2.3
		11	725.9	1.9
		12	726.3	1.3
		13	727.2	2.0
		14	728.0	1.6
		15	728.6	2.1
		16	729.6	2.7
		17	730.0	2.3
		18	731.3	2.1
		19	732.0	2.1
		20	733.0	2.1
		21	733.9	2.0
		22	735.0	2.0
		23	735.7	1.9			
		24	736.0	0.8			
	Mean		727.94	1.75			
			7th Jan 1910	L=63 40S	G=65 50W		
		1	736.5	0.3			
		2	736.8	0.2			
		3	737.1	0.0			
		4	737.9	0.0			
		5	738.9	0.1			
		6	739.4	0.3			
		7	739.9	0.8			
		8	740.1	1.1			
		9	740.6	2.0			
		10	740.7	2.0			
		11	740.8	1.8			
		12	740.9	1.6			
		13	741.4	1.6			
		14	741.6	1.1			
		15	741.7	0.7			
		16	741.7	0.3			
		17	741.6	0.5			
		18	741.4	0.5			
		19	741.1	0.4			
		20	740.9	0.0			
		21	740.8	-0.7			
		22	740.4	-0.8			
		23	739.7	-0.8			
		24	739.1	-0.8			
	Mean		740.04	0.51			
			8th Jan 1910	L=64 15S	G=69 00W		
		1	738.4	-0.6			
		2	737.7	-0.3			
		3	736.6	0.2
		4	736.1	0.5
		5	735.5	0.7
		6	735.0	0.9
		7	734.3	0.5
		8	733.8	0.6
		9	733.1	0.6
		10	732.6	0.5
		11	732.3	0.6
		12	731.3	0.6
		13	731.0	0.6
		14	730.8	0.8
		15	730.3	0.9
		16	730.1	0.9
		17	730.1	0.9
		18	730.0	0.9
		19	729.9	0.9			
		20	729.9	0.9			
		21	729.9	0.9			
		22	729.9	1.1			
		23	729.8	0.9			
		24	729.9	0.9			
	Mean		732.43	0.64			
			9th Jan 1910	L=65 40S	G=72 20W		
		1	729.9	0.9			
		2	729.9	0.9			
		3	730.0	1.0			
		4	730.0	1.1			
		5	730.1	1.2			
		6	730.2	1.3			
		7	730.5	1.1			
		8	730.6	1.1			
		9	730.6	1.5
		10	730.8	1.7
		11	731.0	1.0
		12	731.1	0.9
		13	731.2	0.7
		14	731.3	0.7
		15	731.4	0.7
		16	731.4	0.7
		17	731.4	0.6
		18	731.6	0.6
		19	731.9	0.4
		20	732.0	0.4
		21	732.1	0.3
		22	732.3	0.5
		23	732.7	0.5
		24	732.9	0.3
	Mean		731.12	0.84			
			10th Jan 1910	L=68 28S	G=76 46W		
		1	733.0	0.3			
		2	733.2	0.2			
		3	733.5	0.2			
		4	734.0	0.3			
		5	734.2	0.3			
		6	734.9	0.3			
		7	735.0	0.3			
		8	735.1	0.3			
		9	735.1	0.3			
		10	735.1	0.4			
		11	735.1	0.3			
		12	735.2	0.2			
		13	735.3	0.0			
		14	735.3	-0.2			
		15	735.4	-0.4			
		16	735.4	-0.6			
		17	735.5	-0.6			
		18	735.5	-0.6			
		19	735.5	-0.5			
		20	735.5	-0.3			
		21	735.5	-0.5			
		22	735.5	-0.8			
		23	735.5	-0.9			
		24	735.6	-1.0			
	Mean		734.96	-0.13			
			11th Jan 1910	L=69 11S	G=78 48W		
		1	735.6	-1.1			
		2	735.6	-1.2			
		3	735.6	-1.1			
		4	735.9	-1.0			
		5	736.0	-1.0
		6	736.1	-0.9
		7	736.3	-0.6
		8	736.6	-0.4
		9	736.9	-0.3
		10	737.0	-0.4
		11	737.3	-0.4
		12	737.8	-0.4
		13	737.9	-0.3
		14	738.0	-0.2
		15	738.0	0.3
		16	738.2	1.2
		17	738.5	1.2
		18	738.7	1.3
		19	738.8	1.0
		20	738.9	0.4
		21	739.0	0.1			
		22	739.1	-0.2			
		23	739.1	-0.5			
		24	739.1	-0.8			
	Mean		737.50	-0.22			
			12th Jan 1910	L=70 09S	G=80 52W		
		1	739.1	-0.7			
		2	739.1	-0.6			
		3	739.1	-0.5			
		4	739.1	-0.4			
		5	739.2	-0.4			
		6	739.4	-0.5			
		7	739.4	-0.5			
		8	739.4	-0.6			
		9	739.4	-0.3			
		10	739.6	-0.2			
		11	739.6	-0.2			
		12	739.6	-0.2			
		13	739.6	-0.2			
		14	739.6	-0.2			
		15	739.7	-0.4			
		16	739.7	1.0			
		17	739.7	0.8			
		18	739.8	0.6			
		19	739.9	0.8			
		20	740.0	0.9			
		21	740.0	0.5			
		22	740.0	0.4			
		23	740.0	0.2			
		24	740.0	0.1			
	Mean		739.59	-0.02			
			13th Jan 1910	L=69 29S	G=85 47W		
		1	740.0	0.3
		2	740.0	0.4
		3	740.1	0.3
		4	740.1	0.2
		5	740.2	0.3
		6	740.2	0.4
		7	740.2	0.3
		8	740.1	0.2
		9	740.0	0.7
		10	739.7	1.2
		11	739.7	1.8
		12	739.9	1.7
		13	740.1	2.4
		14	740.2	2.5
		15	740.5	2.4
		16	741.0	1.8
		17	741.0	1.3			
		18	741.0	1.0			
		19	740.9	0.6			
		20	740.9	0.2			
		21	740.5	0.4			
		22	740.1	0.6			
		23	740.1	0.4			
		24	740.0	-0.1			
	Mean		740.27	0.89			
			14th Jan 1910	L=68 35S	G=91 06W		
		1	739.8	0.0			
		2	739.7	0.2			
		3	739.2	0.4			
		4	739.0	0.6			
		5	738.5	0.6			
		6	738.0	0.6			
		7	737.7	0.7
		8	737.3	0.8
		9	737.1	0.6
		10	736.9	0.4
		11	736.5	0.3
		12	736.4	0.3
		13	736.3	0.2
		14	736.3	0.0
		15	736.3	0.0
		16	736.7	0.0
		17	737.0	-0.1
		18	737.1	-0.1
		19	737.0	-0.2
		20	737.0	-0.3
		21	737.1	-0.2
		22	736.9	-0.2
		23	736.4	0.0			
		24	736.3	0.3			
	Mean		737.36	0.20			
			15th Jan 1910	L=68 23S	G=95 51W		
		1	736.2	0.2			
		2	736.3	0.2			
		3	736.7	0.2			
		4	736.9	0.2			
		5	737.0	0.2			
		6	737.2	0.3			
		7	737.7	0.3			
		8	738.1	0.2			
		9	738.8	0.2			
		10	739.0	0.3			
		11	739.3	0.1			
		12	739.8	0.0			
		13	740.1	-0.1			
		14	740.3	-0.2			
		15	740.7	-0.2			
		16	741.0	-0.3			
		17	741.5	-0.3			
		18	741.6	-0.3			
		19	741.7	-0.4			
		20	742.0	-0.4			
		21	742.4	-0.5			
		22	743.0	-0.5			
		23	743.6	-0.6			
		24	744.0	-0.7			
	Mean		739.79	-0.09			
			16th Jan 1910	L=69 19S	G=102 08W		
		1	744.6	-0.8			
		2	744.9	-0.8			
		3	745.5	-1.1
		4	746.0	-1.7
		5	746.3	-2.4
		6	746.9	-2.4
		7	747.0	-2.3
		8	747.2	-2.0
		9	747.2	-1.3
		10	747.2	0.4
		11	747.2	3.1
		12	747.2	4.1
		13	747.2	0.1
		14	747.0	-0.7
		15	747.0	-1.0
		16	747.0	-0.6
		17	746.6	-0.8
		18	746.0	-1.0
		19	745.4	-0.8			
		20	744.9	-0.7			
		21	744.3	-0.7			
		22	743.8	-0.6			
		23	743.2	-0.6			
		24	742.9	-0.7			
	Mean		745.94	-0.64			
			17th Jan 1910	L=69 06S	G=104 43W		
		1	742.6	-0.6			
		2	742.1	-0.6			
		3	742.1	-0.6			
		4	741.9	-0.5			
		5	741.4	-0.4			
		6	741.3	-0.2			
		7	741.0	-0.1			
		8	741.0	0.0			
		9	741.0	-0.2
		10	741.1	-0.5
		11	741.5	0.3
		12	741.6	1.6
		13	741.6	1.2
		14	741.9	1.0
		15	742.1	0.4
		16	742.6	-0.2
		17	742.7	-0.3
		18	742.8	-0.3
		19	742.9	-0.4
		20	743.4	-0.4
		21	743.5	-0.5
		22	743.6	-0.6
		23	743.6	-0.6
		24	743.6	-0.6
	Mean		742.21	-0.13			
			18th Jan 1910	L=69 15S	G=108 07W		
		1	743.9	-0.8			
		2	744.6	-1.0			
		3	744.6	-0.9			
		4	744.8	-0.9			
		5	744.9	-0.8			
		6	744.8	-0.5			
		7	744.7	0.0			
		8	744.5	2.5			
		9	744.2	2.3			
		10	743.7	2.2			
		11	743.5	0.2			
		12	743.3	-0.4			
		13	742.9	0.1			
		14	742.4	0.2			
		15	741.7	0.9			
		16	741.5	0.2			
		17	741.2	0.0			
		18	740.7	-0.7			
		19	740.6	-1.0			
		20	740.5	-1.2			
		21	739.9	-1.2			
		22	739.8	-1.2			
		23	739.6	-1.2			
		24	739.4	-1.2			
	Mean		742.57	-0.18			
			19th Jan 1910	L=69 43S	G=111 48W		
		1	739.2	-1.2			
		2	739.1	-1.2			
		3	738.7	-1.1			
		4	738.5	-1.0			
		5	738.2	-1.1
		6	737.7	-1.1
		7	737.6	-0.8
		8	737.6	-0.6
		9	737.6	-0.7
		10	737.7	-0.7
		11	737.5	-0.7
		12	737.5	-0.7
		13	737.6	-0.7
		14	737.5	-0.7
		15	737.9	-1.0
		16	737.9	-1.4
		17	737.9	-1.4
		18	737.7	-1.4
		19	737.7	-1.3
		20	737.6	-1.2
		21	737.6	-1.2			
		22	737.6	-1.2			
		23	737.6	-1.1			
		24	737.6	-1.0			
	Mean		737.88	-1.02			
			20th Jan 1910	L=68 32S	G=115 05W		
		1	737.6	-0.9			
		2	737.6	-0.8			
		3	737.6	-0.6			
		4	737.8	-0.4			
		5	737.9	-1.0			
		6	738.4	-1.3			
		7	738.8	-1.4			
		8	739.2	-1.4			
		9	739.6	-1.5			
		10	739.6	-1.6			
		11	740.1	-1.4			
		12	740.5	-1.2			
		13	740.7	-1.1			
		14	740.9	-1.0			
		15	741.7	-1.0			
		16	741.7	-1.0			
		17	741.8	-1.0			
		18	742.2	-2.4			
		19	742.5	-2.5			
		20	742.6	-2.7			
		21	742.7	-3.0			
		22	742.7	-3.6			
		23	742.7	-3.5			
		24	742.9	-3.5			
	Mean		740.41	-1.66			
			21st Jan 1910	L=69 53S	G=121 14W		
		1	743.2	-3.8
		2	743.3	-4.0
		3	743.3	-3.6
		4	743.2	-3.2
		5	742.9	-3.3
		6	742.9	-3.3
		7	742.8	-3.0
		8	742.7	-2.8
		9	742.6	-2.5
		10	742.5	-2.0
		11	742.6	-1.9
		12	742.5	-1.9
		13	742.6	-1.5
		14	742.5	-1.0
		15	741.9	-1.4
		16	741.9	-1.6
		17	741.7	-1.5			
		18	741.6	-1.4			
		19	741.6	-1.2			
		20	741.3	-1.1			
		21	740.9	-1.1			
		22	740.7	-1.1			
		23	740.6	-1.0			
		24	741.5	-0.8			
	Mean		742.18	-2.08			
			22nd Jan 1910	L=68 24S	G=122 38W		
		1	740.5	-1.5			
		2	740.5	-1.6			
		3	740.6	-1.8			
		4	740.6	-2.0			
		5	740.5	-2.0			
		6	740.4	-2.0			
		7	740.4	-1.9
		8	740.2	-1.8
		9	740.2	-1.7
		10	740.1	-1.6
		11	740.4	-1.5
		12	740.5	-1.5
		13	740.6	-1.6
		14	740.6	-1.6
		15	740.6	-1.5
		16	740.4	-1.4
		17	740.4	-0.7
		18	740.3	0.6
		19	740.2	1.0
		20	739.9	0.7
		21	739.6	0.2
		22	739.6	-1.6
		23	739.6	-1.6			
		24	739.6	-1.6			
	Mean		740.27	-1.25			
			23rd Jan 1910	L=66 22S	G=121 47W		
		1	739.6	-1.5			
		2	739.6	-1.4			
		3	739.6	-1.5			
		4	739.6	-1.5			
		5	739.6	-1.2			
		6	739.6	-1.0			
		7	739.5	-0.8			
		8	739.5	-0.6			
		9	739.4	-0.4			
		10	739.5	-0.3			
		11	739.6	-0.4			
		12	739.6	-0.4			
		13	739.7	-0.4			
		14	739.6	-0.4			
		15	739.6	-0.1			
		16	739.6	0.3			
		17	739.6	0.7			
		18	739.6	1.2			
		19	739.6	1.2			
		20	739.7	1.2			
		21	739.9	0.2			
		22	740.3	-0.8			
		23	740.4	-0.6			
		24	740.5	-0.2			
	Mean		739.70	-0.36			
			24th Jan 1910	L=64 07S	G=116 54W		
		1	740.4	-0.5			
		2	740.3	-0.4			
		3	740.3	-0.3
		4	740.5	-0.2
		5	740.4	0.0
		6	740.6	0.2
		7	740.7	0.4
		8	740.7	0.8
		9	740.7	0.9
		10	741.0	1.0
		11	741.1	1.2
		12	741.2	1.4
		13	741.6	2.0
		14	742.0	2.8
		15	742.2	3.0
		16	742.3	3.0
		17	742.6	2.5
		18	743.0	2.0
		19	743.2	1.7			
		20	743.7	1.6			
		21	744.1	1.4			
		22	744.5	1.3			
		23	745.0	1.4			
		24	745.2	1.4			
	Mean		741.97	1.19			
			25th Jan 1910	L=61 23S	G=110 59W		
		1	745.7	1.0			
		2	745.8	1.2			
		3	746.3	1.2			
		4	746.6	1.3			
		5	747.0	1.4			
		6	747.6	1.7			
		7	748.0	2			
		8	748.4	2.4			
		9	748.8	2.7
		10	749.3	3.0
		11	749.7	3.3
		12	749.9	3.6
		13	750.7	3.8
		14	751.0	4.0
		15	751.8	4.2
		16	752.0	4.4
		17	752.7	4.3
		18	753.3	4.2
		19	753.9	3.8
		20	754.7	3.4
		21	755.3	3.2
		22	755.9	3.1
		23	756.9	3.0
		24	757.2	3.0
	Mean		750.77	2.88			
			26th Jan 1910	L=59 15S	G=107 10W		
		1	757.5	3.0			
		2	758.4	3.0			
		3	758.8	2.9			
		4	759.3	2.8			
		5	759.6	2.3			
		6	759.8	1.8			
		7	760.5	2.3			
		8	760.5	2.8			
		9	760.9	2.9			
		10	761.5	3.0			
		11	761.6	3.3			
		12	761.5	3.6			
		13	761.6	3.7			
		14	761.6	3.9			
		15	761.6	4.2			
		16	761.5	4.5			
		17	761.5	4.0			
		18	761.0	3.7			
		19	760.8	4.2			
		20	760.5	4.8			
		21	760.3	4.8			
		22	759.8	4.8			
		23	759.6	4.7			
		24	759.2	4.6			
	Mean		760.4	3.57			
			27th Jan 1910	L=56 52S	G=102 36W		
		1	758.9	4.8			
		2	758.5	4.8			
		3	758.5	4.9			
		4	758.4	5.0			
		5	758.4	5.1
		6	758.4	5.1
		7	758.4	5.2
		8	758.4	5.2
		9	758.4	5.3
		10	758.4	5.4
		11	758.2	5.6
		12	758.1	5.7
		13	758.0	5.6
		14	757.7	5.6
		15	757.6	5.7
		16	757.4	5.8
		17	757.1	5.7
		18	756.6	5.6
		19	756.4	5.8
		20	756.3	6.0
		21	756.2	5.9			
		22	756.1	5.8			
		23	755.8	5.3			
		24	755.7	4.8			
	Mean		757.6	5.40			
			28th Jan 1910	L=55 54S	G=97 42W		
		1	755.4	4.8			
		2	755.5	4.8			
		3	755.5	4.4			
		4	755.6	4.2			
		5	755.7	4.2			
		6	756.0	4.2			
		7	756.3	4.7			
		8	756.5	5.1			
		9	756.4	5.3			
		10	756.4	5.4			
		11	756.5	5.5			
		12	756.6	5.5			
		13	756.7	5.6			
		14	756.7	5.7			
		15	756.7	5.7			
		16	757.0	5.7			
		17	757.0	5.7			
		18	756.7	5.8			
		19	756.7	5.7			
		20	756.7	5.3			
		21	756.6	5.3			
		22	756.6	5.3			
		23	756.4	5.2			
		24	756.5	5.0			
	Mean		756.4	5.17			
			29th Jan 1910	L=55 00S	G=93 20W		
		1	756.1	5.2
		2	755.8	5.5
		3	755.8	5.3
		4	755.6	5.2
		5	755.6	5.2
		6	755.5	5.2
		7	755.3	5.2
		8	755.2	5.3
		9	755.0	5.5
		10	754.8	5.9
		11	754.4	5.7
		12	754.1	5.6
		13	753.7	5.7
		14	753.3	5.8
		15	753.0	5.9
		16	752.5	6.0
		17	752.2	6.0			
		18	751.4	6.0			
		19	751.0	6.0			
		20	750.3	5.9			
		21	750.0	6.0			
		22	749.5	6.1			
		23	749.2	6.3			
		24	749.0	6.7			
	Mean		753.3	5.72			
			30th Jan 1910	L=53 52S	G=88 13W		
		1	748.6	6.4			
		2	748.5	6.1			
		3	748.6	6.2			
		4	748.7	6.3			
		5	748.9	6.3			
		6	749.0	6.4			
		7	749.0	6.2
		8	749.0	6.0
		9	749.0	6.1
		10	748.9	6.3
		11	748.3	6.3
		12	747.8	6.4
		13	747.1	6.4
		14	746.1	6.4
		15	745.8	7.0
		16	745.0	7.4
		17	744.7	7.4
		18	744.0	7.5
		19	743.6	7.5
		20	743.6	7.5
		21	743.8	7.7
		22	744.0	7.8
		23	744.0	7.9			
		24	744.2	8.0			
	Mean		746.7	6.81			
			31st Jan 1910	L=52 25S	G=82 30W		
		1	744.7	7.9			
		2	745.0	7.8			
		3	745.6	7.8			
		4	746.4	7.8			
		5	747.1	7.9			
		6	748.0	8.0			
		7	748.4	7.9			
		8	749.0	7.8			
		9	749.4	7.8			
		10	749.5	7.8			
		11	749.7	7.8			
		12	750.2	7.9			
		13	750.3	7.9			
		14	750.4	8.0			
		15	750.5	7.9			
		16	750.4	7.8			
		17	750.4	7.7			
		18	750.3	7.6			
		19	750.2	7.6			
		20	750.2	7.6			
		21	749.6	7.8			
		22	749.5	8.0			
		23	749.4	8.0			
		24	749.2	8.0			
	Mean		748.9	7.84			
			1st Feb 1910	L=52 50S	G=77 30W		
		1	748.7	8.0			
		2	748.7	8.1			
		3	748.2	8.1
		4	748.1	8.1
		5	748.2	8.1
		6	748.2	8.1
		7	746.9	8.2
		8	746.8	8.3
		9	746.5	8.5
		10	746.4	8.5
		11	746.4	8.6
		12	746.0	8.7
		13	746.1	8.6
		14	746.7	8.6
		15	747.4	8.5
		16	748.6	8.4
		17	748.4	8.8
		18	748.5	9.2
		19	748.5	8.9			
		20	748.6	8.8			
		21	749.1	8.7			
		22	749.1	8.6			
		23	749.4	8.6			
		24	749.4	8.6			
	Mean		747.9	8.48			
