 700+	ILLE PETERMANN  FEBRUARY 1909   mm																		Lat= 65 33' S			Long= 68 33' W						ILLE PETERMANN  FEBRUARY 1909   mm																							
DATE	1	2	3	4	5	6	7	8	9	10	11	12	13	14	15	16	17	18	19	20	21	22	23	24	MEAN			1	2	3	4	5	6	7	8	9	10	11	12	13	14	15	16	17	18	19	20	21	22	23	24
1	39	39.1	39.1	39.3	39.5	39.7	39.7	40.0	40.1	40.1	40.2	40.2	40.2	40.2	40.3	40.5	40.7	41.0	41.3	41.6	42.0	42.1	42.2	42.3	40.43	40.43	1	739.0	739.1	739.1	739.3	739.5	739.7	739.7	740.0	740.1	740.1	740.2	740.2	740.2	740.2	740.3	740.5	740.7	741.0	741.3	741.6	742.0	742.1	742.2	742.3
2	42.5	42.6	42.6	42.6	42.6	42.6	42.7	42.7	42.9	43.0	43.1	43.4	43.6	43.8	43.8	43.8	43.8	43.9	44.0	44.2	44.5	45.0	45	45.5	42.52	43.52	2	742.5	742.6	742.6	742.6	742.6	742.6	742.7	742.7	742.9	743.0	743.1	743.4	743.6	743.8	743.8	743.8	743.8	743.9	744.0	744.2	744.5	745.0	745.3	745.5
3	45.7	45.8	46.1	46.3	46.6	46.9	47.1	47.3	47.8	48.4	49.2	49.3	49.6	50.1	50.6	50.7	51.0	51.2	51.3	51.5	51.7	52.0	52.1	52.3	49.19	49.19	3	745.7	745.8	746.1	746.3	746.6	746.9	747.1	747.3	747.8	748.4	749.2	749.3	749.6	750.1	750.6	750.7	751.0	751.2	751.3	751.5	751.7	752.0	752.1	752.3
4	52.5	52.6	52.8	53	53.0	53.0	53.0	53.0	53.0	52.9	52.8	52.8	52.5	52.2	51.4	50.8	50	49.6	47.9	46.7	45.9	44.6	43.5	42.8	50.51	50.51	4	752.5	752.6	752.8	753.0	753.0	753.0	753.0	753.0	753.0	752.9	752.8	752.8	752.5	752.2	751.4	750.8	750.0	749.6	747.9	746.7	745.9	744.6	743.5	742.8
5	42.2	42.0	42.0	41.7	41.2	41.0	40.9	40.2	39.7	39.6	39.0	38.8	38.6	38.3	38.0	37.8	37.5	37.0	36.8	36.5	36.3	35.8	34.9	34.3	38.75	38.75	5	742.2	742.0	742.0	741.7	741.2	741.0	740.9	740.2	739.7	739.6	739.0	738.8	738.6	738.3	738.0	737.8	737.5	737.0	736.8	736.5	736.3	735.8	734.9	734.3
6	34.3	34.0	33.8	33.6	33.3	33.0	32.8	32.0	31.2	30.8	30.5	30.2	29.8	29.7	29.6	29.6	29.8	30.0	30.0	30.3	30.8	31.0	31.3	31.6	31.37	31.38	6	734.3	734.0	733.8	733.6	733.3	733.0	732.8	732.0	731.2	730.8	730.5	730.2	729.8	729.7	729.6	729.6	729.8	730.0	730.0	730.3	730.8	731.0	731.3	731.6
7	31.7	32.3	32.7	33	33.1	33.1	33.5	33.9	34.6	34.8	35.1	35.7	36.3	36.7	36.9	37.7	37.8	38.6	39.3	39.3	39.6	39.7	39.9	40.4	36.07	36.07	7	731.7	732.3	732.7	733.0	733.1	733.1	733.5	733.9	734.6	734.8	735.1	735.7	736.3	736.7	736.9	737.7	737.8	738.6	739.3	739.3	739.6	739.7	739.9	740.4
8	40.8	41.2	41.5	41.8	42.1	42.3	42.4	42.5	42.8	43.1	43.1	43.2	43.5	43.8	44.0	44.2	44.6	44.8	45.0	45.2	45.3	45.4	45.5	45.6	43.49	43.49	8	740.8	741.2	741.5	741.8	742.1	742.3	742.4	742.5	742.8	743.1	743.1	743.2	743.5	743.8	744.0	744.2	744.6	744.8	745.0	745.2	745.3	745.4	745.5	745.6
9	45.9	46.0	46.0	46.6	46.6	46.7	46.7	46.9	47.0	47.1	47.1	47.1	47.1	47.1	47.0	47.0	46.9	46.9	46.9	46.7	46.4	46.1	45.7	45.2	46.63	46.61	9	745.9	746.0	746.0	746.6	746.6	746.7	746.7	746.9	747.0	747.1	747.1	747.1	747.1	747.1	747.0	747.0	746.9	746.9	746.9	746.7	746.4	746.1	745.7	745.2
10	45.0	44.7	44.6	44.5	44.2	43.7	43.5	43.5	43.2	43.1	42.9	42.8	42.8	42.5	42.4	42.4	42.0	41.5	40.6	40.0	38.6	37.9	37.2	36.6	42.09	42.09	10	745.0	744.7	744.6	744.5	744.2	743.7	743.5	743.5	743.2	743.1	742.9	742.8	742.8	742.5	742.4	742.4	742.0	741.5	740.6	740.0	738.6	737.9	737.2	736.6
11	36.4	36.3	36.2	36.2	36	35.9	35.6	35.3	34.9	34.3	33.4	33.1	32.9	33	32.7	32.6	32.4	32.2	32.2	32.1	32.1	32.1	32.1	32.3	33.83	33.83	11	736.4	736.3	736.2	736.2	736.0	735.9	735.6	735.3	734.9	734.3	733.4	733.1	732.9	732.7	732.7	732.6	732.4	732.2	732.2	732.1	732.1	732.1	732.1	732.3
12	32.6	32.8	33.0	33.2	33.7	34.1	34.3	34.5	34.8	35.1	35.1	35.2	35	35.5	36	36.1	36.1	36.3	36.5	36.5	36.5	36.5	36.7	37.3	35.15	35.15	12	732.6	732.8	733.0	733.2	733.7	734.1	734.3	734.5	734.8	735.1	735.1	735.2	735.3	735.5	736.0	736.1	736.1	736.3	736.5	736.5	736.5	736.5	736.7	737.3
13	37.5	37.7	38.1	38.4	39.0	39.3	39.6	39.7	40.0	40.1	40.1	40.2	40.1	40.1	40.0	39.9	39.8	39.4	39.1	39.0	38.8	38.5	38.0	37.9	39.18	39.18	13	737.5	737.7	738.1	738.4	739.0	739.3	739.6	739.7	740.0	740.1	740.1	740.2	740.1	740.1	740.0	739.9	739.8	739.4	739.1	739.0	738.8	738.5	738.0	737.9
14	37.9	38.0	38.4	38.9	39.3	39.6	39.9	39.9	40.3	40.5	40.6	40.7	40.7	40.5	40.2	39.4	38.4	37.6	36.4	35.0	33.6	32.4	31.1	30.0	37.89	37.89	14	737.9	738.0	738.4	738.9	739.3	739.6	739.9	739.9	740.3	740.5	740.6	740.7	740.7	740.5	740.2	739.4	738.4	737.6	736.4	735.0	733.6	732.4	731.1	730.0
15	28.7	27.7	26.2	25.5	24.2	24.0	24.0	23.6	22.9	24.7	26.8	28.7	29.3	30.5	30.8	31.2	31.3	31.4	31.5	31.5	31.4	31.3	31.1	31.1	28.32	28.31	15	728.7	727.7	726.2	725.5	724.2	724.0	724.0	723.6	722.9	724.7	726.8	728.7	729.3	730.5	730.8	731.2	731.3	731.4	731.5	731.5	731.4	731.3	731.1	731.1
16	31.1	31.0	31.1	31.2	31.3	31.5	31.7	31.8	31.9	32.1	32.2	32.2	32.3	32.7	32.9	33.0	33.3	33.4	33.7	34.0	34.6	34.7	35.0	35.6	32.68	32.68	16	731.1	731.0	731.1	731.2	731.3	731.5	731.7	731.8	731.9	732.1	732.2	732.2	732.3	732.7	732.9	733.0	733.3	733.4	733.7	734.0	734.6	734.7	735.0	735.6
17	35.9	36.1	36.6	37.4	38.4	39.5	40.0	40.6	41.1	41.7	41.8	42	42.4	42.7	43.1	43.5	43.7	44.1	44.2	44.5	44.6	44.3	44.1	44.0	41.43	41.51	17	735.9	736.1	736.6	737.4	738.4	739.5	740.0	740.6	741.1	741.7	741.8	742.0	742.4	742.7	743.1	743.5	743.7	744.1	744.2	744.5	744.6	744.3	744.1	744.0
18	44.0	43.7	43.3	43.1	42.6	42.5	42.1	41.8	41.4	41.2	41.3	41.3	41.3	41.3	41.2	41.0	41.0	41.0	41.2	41.2	41.2	41.2	41.3	41.3	41.77	41.77	18	744.0	743.7	743.3	743.1	742.6	742.5	742.1	741.8	741.4	741.2	741.3	741.3	741.3	741.3	741.2	741.0	741.0	741.0	741.2	741.2	741.2	741.2	741.3	741.3
19	41.5	41.5	42.0	42.3	42.4	42.7	43.3	43.5	43.9	44.5	44.8	44.9	45.0	45.2	45.7	45.7	45.7	45.8	45.6	45.6	45.6	45.5	45.5	45.4	44.32	44.32	19	741.5	741.5	742.0	742.3	742.4	742.7	743.3	743.5	743.9	744.5	744.8	744.9	745.0	745.2	745.7	745.7	745.7	745.8	745.6	745.6	745.6	745.5	745.5	745.4
20	45.2	45.2	44.8	44.5	44.2	44.1	43.5	43.4	43.1	42.5	42.3	42.3	42.2	42.4	42.5	42.9	42.5	41.4	41.4	40.9	40.7	40.1	40.0	38.8	42.55	42.54	20	745.2	745.2	744.8	744.5	744.2	744.1	743.5	743.4	743.1	742.5	742.3	742.3	742.2	742.4	742.5	742.9	742.5	741.4	741.4	740.9	740.7	740.1	740.0	738.8
21	38	37.4	36.8	35.4	34.3	33.3	32.6	32.3	31.3	30.8	30.8	30.6	30.6	30.6	30.5	30.5	30.8	31.1	31.4	31.8	32.0	32.0	32.2	32.5	32.48	32.48	21	738.0	737.4	736.8	735.4	734.3	733.3	732.6	732.3	731.3	730.8	730.8	730.6	730.6	730.6	730.5	730.5	730.8	731.1	731.4	731.8	732.0	732.0	732.2	732.5
22	32.8	33.1	33.6	34.1	34.4	34.7	34.7	34.7	35.0	35.0	35.1	35.2	35.5	35.5	35.6	35.7	35.9	35.9	35.8	35.7	35.6	35.7	35.7	35.7	35.03	35.03	22	732.8	733.1	733.6	734.1	734.4	734.7	734.7	734.7	735.0	735.0	735.1	735.2	735.5	735.5	735.6	735.7	735.9	735.9	735.8	735.7	735.6	735.7	735.7	735.7
23	35.7	35.7	35.8	36.1	36.4	36.5	36.4	36.6	36.9	37.1	37.2	37.3	37.7	37.8	38	38.2	38.5	38.9	39.1	39.1	39.7	39.7	40.3	40.6	37.55	37.72	23	735.7	735.7	735.8	736.1	736.4	736.5	736.4	736.6	736.9	737.1	737.2	737.3	737.7	737.8	738.0	738.2	738.5	738.9	739.1	739.1	739.7	739.7	740.3	740.6
24	41.1	41.3	41.7	42.0	42.1	42.2	42.2	42.3	42.3	42.6	42.8	43.2	43.2	43.3	43.5	43.6	43.7	43.9	43.9	44.1	44.4	44.2	44.3	44.3	43.00	43.01	24	741.1	741.3	741.7	742.0	742.1	742.2	742.2	742.3	742.3	742.6	742.8	743.2	743.2	743.3	743.5	743.6	743.7	743.9	743.9	744.1	744.4	744.2	744.3	744.3
25	44.3	44.3	44.3	44.3	44.2	44.1	44.1	43.5	43.2	43.0	42.8	42.3	42.0	41.8	41.8	41.8	41.8	41.8	41.8	41.7	42.0	42.8	43.4	43.3	42.92	42.93	25	744.3	744.3	744.3	744.3	744.2	744.1	744.1	743.5	743.2	743.0	742.8	742.3	742.0	741.8	741.8	741.8	741.8	741.8	741.8	741.7	742.0	742.8	743.4	743.3
26	43.4	43.4	43.5	43.5	43.6	43.6	43.6	43.7	43.6	43.5	42.8	42.1	41.7	41.2	41.2	41.4	41.4	41.5	41.9	42.6	43.8	44.4	44.5	44.6	42.94	42.94	26	743.4	743.4	743.5	743.5	743.6	743.6	743.6	743.7	743.6	743.5	742.8	742.1	741.7	741.2	741.2	741.4	741.4	741.5	741.9	742.6	743.8	744.4	744.5	744.6
27	44.6	44.6	44.4	44.4	44.3	44.2	44.0	43.5	43.4	43.6	43.6	43.6	43.5	43.2	43.0	42.8	42.8	42.8	42.7	42.6	42.6	42.6	42.6	42.4	43.41	43.41	27	744.6	744.6	744.4	744.4	744.3	744.2	744.0	743.5	743.4	743.6	743.6	743.6	743.5	743.2	743.0	742.8	742.8	742.8	742.7	742.6	742.6	742.6	742.6	742.4
28	42.1	42	41.9	41.9	41.8	41.7	41.4	41	40.5	40	39.2	38.7	38.4	38.2	37.8	37.5	36.8	36.7	36.3	35.8	35.0	34.3	33.4	32.7	38.55	38.55	28	742.1	742.0	741.9	741.9	741.8	741.7	741.4	741.0	740.5	740.0	739.2	738.7	738.4	738.2	737.8	737.5	736.8	736.7	736.3	735.8	735.0	734.3	733.4	732.7
Mean	39.73	39.72	39.75	39.81	39.80	39.83	39.83	39.77	39.74	39.82	39.84	39.89	39.93	40.0	40.00	40.04	39.92	40.00	39.92	39.84	39.83	39.71	39.60	39.51	39.82	39.83	Mean	739.7	739.7	739.8	739.8	739.8	739.8	739.8	739.8	739.7	739.8	739.8	739.9	739.9	740.0	740.0	740.0	739.9	740.0	739.9	739.8	739.8	739.7	739.6	739.5
	39.72857143	39.71785714	39.74642857	39.81428571	39.8	39.83928571	39.83214286	39.775	39.74285714	39.82857143	39.84642857	39.90	39.93214286	39.98571429	40.01785714	40.04642857	40	39.98928571	39.92142857	39.84642857	39.83214286	39.71071429	39.60357143	39.51428571	39.79	39.83		739.7	739.7	739.7	739.8	739.8	739.8	739.8	739.8	739.7	739.8	739.8	739.9	739.9	740.0	740.0	740.0	740.0	740.0	739.9	739.8	739.8	739.7	739.6	739.5
	ILLE PETERMANN  MARCH 1909   mm																											ILLE PETERMANN  MARCH 1909   mm																							
DATE	1	2	3	4	5	6	7	8	9	10	11	12	13	14	15	16	17	18	19	20	21	22	23	24	MEAN		DATE	1	2	3	4	5	6	7	8	9	10	11	12	13	14	15	16	17	18	19	20	21	22	23	24
1	31.7	31.4	30.4	29.1	27.4	26.6	25.9	24.5	22.9	22.3	21.9	21.8	21.5	21.2	21.0	20.7	20.8	21.0	21.7	22.9	23.6	23.9	24.1	24.1	24.27	24.27	1	731.7	731.4	730.4	729.1	727.4	726.6	725.9	724.5	722.9	722.3	721.9	721.8	721.5	721.2	721.0	720.7	720.8	721.0	721.7	722.9	723.6	723.9	724.1	724.1
2	24.4	24.4	24.4	24.8	25.4	25.7	26.0	26.3	26.7	27.0	27.0	27.2	27.4	27.9	28.2	28.7	29.0	29.4	30.0	30.5	31.1	31.5	32.1	32.6	27.82	27.82	2	724.4	724.4	724.4	724.8	725.4	725.7	726.0	726.3	726.7	727.0	727.0	727.2	727.4	727.9	728.2	728.7	729.0	729.4	730.0	730.5	731.1	731.5	732.1	732.6
3	32.9	33.3	33.5	33.8	34.1	34.8	35.1	35.4	35.5	35.5	35.6	36.1	36	35.6	35.4	35.1	34.4	34.3	34.2	34.2	34.1	34.0	34.0	33.6	34.61	34.60	3	732.9	733.3	733.5	733.8	734.1	734.8	735.1	735.4	735.5	735.5	735.6	736.1	736.0	735.6	735.4	735.1	734.4	734.3	734.2	734.2	734.1	734.0	734.0	733.6
4	33.6	33.6	33.5	33.5	33.5	33.6	33.7	33.7	34.1	34.3	34.6	34.9	35.2	35.4	35.6	36.0	36.3	36.6	36.9	37.1	37.2	37.6	37.6	37.9	35.25	35.25	4	733.6	733.6	733.5	733.5	733.5	733.6	733.7	733.7	734.1	734.3	734.6	734.9	735.2	735.4	735.6	736.0	736.3	736.6	736.9	737.1	737.2	737.6	737.6	737.9
5	38	38.1	38.2	38.4	38.5	38.7	38.8	38.9	39	39.1	39.1	39.1	39.5	39.5	39.6	39.6	39.7	39.6	39.6	39.5	39.4	39.5	39.6	39.8	39.12	39.12	5	738.0	738.1	738.2	738.4	738.5	738.7	738.8	738.9	739.0	739.1	739.1	739.1	739.5	739.5	739.6	739.6	739.7	739.6	739.6	739.5	739.4	739.5	739.6	739.8
6	40.3	40.6	40.9	41.1	41.6	42.2	42.7	43.1	43.9	44.3	44.6	44.6	45	45.4	45.7	46.4	47.0	47.4	47.5	47.8	48.0	47.9	47.9	47.9	44.74	44.74	6	740.3	740.6	740.9	741.1	741.6	742.2	742.7	743.1	743.9	744.3	744.6	744.6	745.0	745.4	745.7	746.4	747.0	747.4	747.5	747.8	748.0	747.9	747.9	747.9
7	48.1	48.2	48.2	48.4	48.5	48.5	48.5	48.6	48.7	48.9	49	48.9	49	48.9	49.0	49.0	48.9	48.9	48.9	48.9	48.8	48.7	48.4	48.3	48.68	48.68	7	748.1	748.2	748.2	748.4	748.5	748.5	748.5	748.6	748.7	748.9	749.0	748.9	749.0	748.9	749.0	749.0	748.9	748.9	748.9	748.9	748.8	748.7	748.4	748.3
8	48	47.8	47.8	47.8	47.7	47.7	47.7	47.5	47.3	47.5	48.1	48.4	48.5	48.8	48.8	48.9	49.1	49.1	49.2	49.2	49.1	48.8	48.2	47.8	48.28	48.28	8	748.0	747.8	747.8	747.8	747.7	747.7	747.7	747.5	747.3	747.5	748.1	748.4	748.5	748.8	748.8	748.9	749.1	749.1	749.2	749.2	749.1	748.8	748.2	747.8
9	47.4	47.0	46.7	45.7	45.0	43.8	43.3	42.6	41.0	40.0	39.8	39.1	38.6	37.6	36.8	36.8	36.6	36.6	36.6	36.6	36.5	36.6	36.6	36.7	40.17	40.17	9	747.4	747.0	746.7	745.7	745.0	743.8	743.3	742.6	741.0	740.0	739.8	739.1	738.6	737.6	736.8	736.8	736.6	736.6	736.6	736.6	736.5	736.6	736.6	736.7
10	36.8	36.8	36.9	37.0	37.6	37.8	37.8	38.2	38.7	38.8	39.2	39.9	40.4	40.8	41.3	41.8	42.5	42.8	43.1	43.2	43.6	43.8	43.9	43.9	40.28	40.28	10	736.8	736.8	736.9	737.0	737.6	737.8	737.8	738.2	738.7	738.8	739.2	739.9	740.4	740.8	741.3	741.8	742.5	742.8	743.1	743.2	743.6	743.8	743.9	743.9
11	43.9	43.9	44.1	44.1	43.8	43.8	43.7	43.6	42.3	41.0	40.5	39.8	38.6	37.6	36.3	34.7	32.7	32.8	32.8	32.7	32.8	32.9	32.9	32.8	38.52	38.50	11	743.9	743.9	744.1	744.1	743.8	743.8	743.7	743.6	742.3	741.0	740.5	739.8	738.6	737.6	736.3	734.7	732.7	732.8	732.8	732.7	732.8	732.9	732.9	732.8
12	33.0	32.9	32.8	32.7	33.6	33.9	34.3	34.3	34.2	34.3	34.7	34.9	35.3	35.8	35.8	35.9	35.9	36.4	36.8	36.8	36.8	36.8	36.6	36.2	35.02	35.03	12	733.0	732.9	732.8	732.7	733.6	733.9	734.3	734.3	734.2	734.3	734.7	734.9	735.3	735.8	735.8	735.9	735.9	736.4	736.8	736.8	736.8	736.8	736.6	736.2
13	35.7	35.5	35.3	34.9	34.8	34.7	34.5	34.4	33.9	34.0	33.9	33.8	33.9	34.1	34.5	34.4	34.0	33.9	33.7	33.6	33.4	33.1	32.7	32.6	34.14	34.14	13	735.7	735.5	735.3	734.9	734.8	734.7	734.5	734.4	733.9	734.0	733.9	733.8	733.9	734.1	734.5	734.4	734.0	733.9	733.7	733.6	733.4	733.1	732.7	732.6
14	32.6	32.1	32.1	32.0	32.1	32.1	31.9	31.8	31.8	31.7	31.7	31.8	32.0	32.4	32.8	32.8	32.9	32.9	32.7	31.9	30.8	30	28.7	27.7	31.72	31.72	14	732.6	732.1	732.1	732.0	732.1	732.1	731.9	731.8	731.8	731.7	731.7	731.8	732.0	732.4	732.8	732.8	732.9	732.9	732.7	731.9	730.8	730.0	728.7	727.7
15	26.8	26.0	24.9	24.8	24.8	24.7	24.7	24.6	24.2	24.0	23.8	23.8	23.8	24.1	24.1	24.2	24.3	24.4	24.6	24.7	24.8	25.3	25.6	26.1	24.71	24.71	15	726.8	726.0	724.9	724.8	724.8	724.7	724.7	724.6	724.2	724.0	723.8	723.8	723.8	724.1	724.1	724.2	724.3	724.4	724.6	724.7	724.8	725.3	725.6	726.1
16	26.3	26.8	27.1	27.4	28.0	28.4	28.9	29.7	30.1	30.6	30.9	31.4	31.9	32.6	32.8	33.5	34.0	34.7	35.0	35.5	35.8	36.3	36.6	37.3	32	31.73	16	726.3	726.8	727.1	727.4	728.0	728.4	728.9	729.7	730.1	730.6	730.9	731.4	731.9	732.6	732.8	733.5	734.0	734.7	735.0	735.5	735.8	736.3	736.6	737.3
17	37.7	38.2	38.6	39.0	39.6	39.8	40.1	40.6	41.0	41.7	42.1	42.6	43.2	43.6	44.5	44.6	45.2	45.5	45.9	46.3	46.4	46.6	46.7	46.8	42.77	42.76	17	737.7	738.2	738.6	739.0	739.6	739.8	740.1	740.6	741.0	741.7	742.1	742.6	743.2	743.6	744.5	744.6	745.2	745.5	745.9	746.3	746.4	746.6	746.7	746.8
18	47.0	47.0	47.0	47.0	46.8	46.5	46.4	45.9	45.4	44.8	44.5	44.2	44.1	44.2	44.8	45.3	46.1	46.9	47.7	48	48.6	49.2	49.5	49.5	46.52	46.52	18	747.0	747.0	747.0	747.0	746.8	746.5	746.4	745.9	745.4	744.8	744.5	744.2	744.1	744.2	744.8	745.3	746.1	746.9	747.7	748.0	748.6	749.2	749.5	749.5
19	49.6	49.7	49.9	50.1	50.0	49.9	49.9	49.9	49.8	49.8	49.6	49.4	49.3	49.0	48.6	48.2	47.8	47.2	46.5	45.5	45.2	44.4	44.3	43.5	48.22	48.21	19	749.6	749.7	749.9	750.1	750.0	749.9	749.9	749.9	749.8	749.8	749.6	749.4	749.3	749.0	748.6	748.2	747.8	747.2	746.5	745.5	745.2	744.4	744.3	743.5
20	43.0	42.4	42.1	42.1	41.9	41.9	42.0	42.1	42.1	42.4	43.2	44	45.0	46.2	47.0	47.9	48.1	48.6	48.8	48.9	49	48.9	48.2	47.8	45.15	45.15	20	743.0	742.4	742.1	742.1	741.9	741.9	742.0	742.1	742.1	742.4	743.2	744.0	745.0	746.2	747.0	747.9	748.1	748.6	748.8	748.9	749.0	748.9	748.2	747.8
21	47.5	47.0	46.9	46.4	45.8	43.9	42.2	41.8	40.4	39.9	39.7	38.5	37.7	37.2	37.1	36.8	36.9	38.5	39.1	39.8	40.0	40.7	41.2	42.3	41.14	41.14	21	747.5	747.0	746.9	746.4	745.8	743.9	742.2	741.8	740.4	739.9	739.7	738.5	737.7	737.2	737.1	736.8	736.9	738.5	739.1	739.8	740.0	740.7	741.2	742.3
22	42.8	43.4	43.8	44.1	44.0	44	43.9	43.6	42.9	42.5	41.6	41.1	40.2	39.7	39.3	39.4	40.0	40.1	40.2	40.3	40.3	40.3	40.3	39.8	41. 57	41.57	22	742.8	743.4	743.8	744.1	744.0	744.0	743.9	743.6	742.9	742.5	741.6	741.1	740.2	739.7	739.3	739.4	740.0	740.1	740.2	740.3	740.3	740.3	740.3	739.8
23	39.8	40.2	40.9	40.9	40.9	41.1	41.1	41.0	40.2	39.9	39.4	39.1	38.3	37.5	36.9	35.4	35.3	34.8	35.6	36.8	37.4	37.7	38.4	38.8	38.64	38.64	23	739.8	740.2	740.9	740.9	740.9	741.1	741.1	741.0	740.2	739.9	739.4	739.1	738.3	737.5	736.9	735.4	735.3	734.8	735.6	736.8	737.4	737.7	738.4	738.8
24	39.0	39.1	38.8	38.0	37.5	36.1	34.9	32.8	32.2	31.2	30.2	29.7	28.2	26.7	25.7	23.7	22.7	22.3	21.5	23.1	26.4	29.5	30.6	32	30.5	30.50	24	739.0	739.1	738.8	738.0	737.5	736.1	734.9	732.8	732.2	731.2	730.2	729.7	728.2	726.7	725.7	723.7	722.7	722.3	721.5	723.1	726.4	729.5	730.6	732.0
25	33.2	34.2	34.8	35.1	35.9	36.4	37.2	37.4	38.0	38.2	38.5	39.1	39.5	40.2	41.1	41.7	42.2	42.7	43.2	43.5	43.8	44.2	44.2	44.2	39.5	39.52	25	733.2	734.2	734.8	735.1	735.9	736.4	737.2	737.4	738.0	738.2	738.5	739.1	739.5	740.2	741.1	741.7	742.2	742.7	743.2	743.5	743.8	744.2	744.2	744.2
26	44.3	44.4	44.2	43.7	43.2	43.1	44	44.6	45.0	45.2	45.5	46.1	46.8	47.3	48.2	49.0	49.6	50.2	50.6	51.1	51.1	50.9	51.0	51.2	47.10	47.10	26	744.3	744.4	744.2	743.7	743.2	743.1	744.0	744.6	745.0	745.2	745.5	746.1	746.8	747.3	748.2	749.0	749.6	750.2	750.6	751.1	751.1	750.9	751.0	751.2
27	51	51	51	51.1	50.9	50.7	50.7	50.8	50.8	50.8	50.9	51.1	51.2	51.9	52.1	52.2	52.3	52.8	53	52.8	52.8	52.8	52.6	52.7	51.67	51.67	27	751.0	751.0	751.0	751.1	750.9	750.7	750.7	750.8	750.8	750.8	750.9	751.1	751.2	751.9	752.1	752.2	752.3	752.8	753.0	752.8	752.8	752.8	752.6	752.7
28	52.8	52.9	53	53.1	53.2	53.4	54	54.2	54.7	55.1	55.4	56.1	56.4	56.9	57.1	57.3	58	58.3	58.9	59	59.0	59.1	59.4	60	56.13	56.12	28	752.8	752.9	753.0	753.1	753.2	753.4	754.0	754.2	754.7	755.1	755.4	756.1	756.4	756.9	757.1	757.3	758.0	758.3	758.9	759.0	759.0	759.1	759.4	759.6
29	60	60.1	60.1	60.2	60	60	59.9	59.9	59.8	59.3	59.2	59.1	59.1	59	58.8	58.2	58.3	58.2	57.2	56.2	55.7	54.8	54.1	53.7	58.35	58.37	29	760.0	760.1	760.1	760.2	760.0	760.0	759.9	759.9	759.8	759.3	759.2	759.1	759.1	759.0	758.8	758.2	758.3	758.2	757.2	756.2	755.7	754.8	754.1	753.7
30	52.2	50.9	49.7	48.9	48.3	47.3	46.4	45.4	44.0	43.3	42.8	42.3	39.7	38.9	37.6	35.3	34.2	33.3	32.3	31.3	30.3	29.2	28.9	29	40.05	40.05	30	752.2	750.9	749.7	748.9	748.3	747.3	746.4	745.4	744.0	743.3	742.8	742.3	739.7	738.9	737.6	735.3	734.2	733.3	732.3	731.3	730.3	729.2	728.9	728.6
31	28.6	28.6	28.5	29.4	30.4	31.4	32.0	32.4	32.7	32.8	32.7	32.3	32.6	33.3	33.4	33.4	33.4	33.4	33.3	33.3	33.1	32.9	32.3	31.5	31.99	31.99	31	728.6	728.6	728.5	729.4	730.4	731.4	732.0	732.4	732.7	732.8	732.7	732.3	732.6	733.3	733.4	733.4	733.4	733.4	733.3	733.3	733.1	732.9	732.3	731.5
Mean	40.58	40.57	40.20	40.15	40.16	40.08	40.07	39.99	39.78	39.68	39.67	39.65	39.61	39.66	39.68	39.58	39.62	39.80	39.91	40.03	40.16	40.42	40.23	40.24	39.95	39.98	Mean	740.6	740.6	740.2	740.2	740.2	740.1	740.1	740.0	739.8	739.7	739.7	739.7	739.6	739.7	739.7	739.6	739.6	739.8	739.9	740.0	740.2	740.4	740.2	740.2
	40.26	40.24	40.20	40.15	40.15	40.08	40.07	39.99	39.78	39.68	39.67	39.68	39.61	39.65	39.67	39.58	39.62	39.79	39.91	40.03	40.16	40.25	40.23	40.24	39.89	39.95		740.3	740.2	740.2	740.1	740.2	740.1	740.1	740.0	739.8	739.7	739.7	739.7	739.6	739.7	739.7	739.6	739.6	739.8	739.9	740.0	740.2	740.3	740.2	740.2
	ILLE PETERMANN  APRIL 1909   mm																											ILLE PETERMANN  MARCH 1909   mm																							
DATE	1	2	3	4	5	6	7	8	9	10	11	12	13	14	15	16	17	18	19	20	21	22	23	24	MEAN		DATE	1	2	3	4	5	6	7	8	9	10	11	12	13	14	15	16	17	18	19	20	21	22	23	24
1	30.9	31	31.5	32.6	33.2	33.3	33.4	33.6	33.5	33.6	33.8	34.3	34.5	35.4	36.1	36.5	37.2	37.5	37.8	38.4	38.7	39.3	39.4	39.4	35.21	35.20		730.9	731.0	731.5	732.6	733.2	733.3	733.4	733.6	733.5	733.6	733.8	734.3	734.5	735.4	736.1	736.5	737.2	737.5	737.8	738.4	738.7	739.3	739.4	739.4
2	39.4	39	38.2	37.6	37.1	36.8	36.2	36.2	35.4	34.9	33.9	33.3	32.3	31.7	31.5	31.3	31.3	30.9	30.9	30.7	30.5	30.5	30.6	30.7	33.79	33.79		739.4	739.0	738.2	737.6	737.1	736.8	736.2	736.2	735.4	734.9	733.9	733.3	732.3	731.7	731.5	731.3	731.3	730.9	730.9	730.7	730.5	730.5	730.6	730.7
3	30.9	30.9	30.9	30.5	30.5	29.7	29.6	29.3	28.6	27.8	27.2	26.8	26.7	26	26	26	26.1	26.6	26.9	27.7	28.1	28.7	28.8	29	28.31	28.30		730.9	730.9	730.9	730.5	730.5	729.7	729.6	729.3	728.6	727.8	727.2	726.8	726.7	726.0	726.0	726.0	726.1	726.6	726.9	727.7	728.1	728.7	728.8	729.0
4	29.2	29.4	29.8	29.9	29.9	30	30	30.2	30.5	30.8	30.8	30.9	30.9	30.9	30.8	30.8	30.8	30.8	30.8	30.8	30.8	30.8	30.8	30.6	30.5	30.46		729.2	729.4	729.8	729.9	729.9	730.0	730.0	730.2	730.5	730.8	730.8	730.9	730.9	730.9	730.8	730.8	730.8	730.8	730.8	730.8	730.8	730.8	730.8	730.6
5	30.2	30.2	30.1	30.2	30.2	30.3	30.2	30.2	30.4	30.5	30.5	31	31.1	31.3	31.3	31.9	32.1	32.2	32.3	32.5	32.9	32.9	33	33.1	31.5	31.28		730.2	730.2	730.1	730.2	730.2	730.3	730.2	730.2	730.4	730.5	730.5	731.0	731.1	731.3	731.3	731.9	732.1	732.2	732.3	732.5	732.9	732.9	733.0	733.1
6	33.3	33.4	33.9	33.9	34.1	34.4	34.9	35.1	35.6	36	36.1	36.4	36.9	37.1	37.5	38.1	38.4	38.9	39.1	39.8	40.1	40.4	40.7	41	37.1	36.88		733.3	733.4	733.9	733.9	734.1	734.4	734.9	735.1	735.6	736.0	736.1	736.4	736.9	737.1	737.5	738.1	738.4	738.9	739.1	739.8	740.1	740.4	740.7	741.0
7	41.2	42	42.1	42.7	43.1	43.6	43.6	44.1	44.1	44.6	45.1	45.4	46	46.1	46.3	46.8	47	47.3	47.3	47.1	46.9	47	47.1	47.1	45.2	45.15		741.2	742.0	742.1	742.7	743.1	743.6	743.6	744.1	744.1	744.6	745.1	745.4	746.0	746.1	746.3	746.8	747.0	747.3	747.3	747.1	746.9	747.0	747.1	747.1
8	46.9	46.9	46.9	46.7	46.7	46.7	46.7	46.6	46.4	45.6	45.5	44.9	44.8	44.7	44.6	43.8	43.5	43.3	42.9	43.1	43.3	43.2	43.3	43.5	44.9	45.02		746.9	746.9	746.9	746.7	746.7	746.7	746.7	746.6	746.4	745.6	745.5	744.9	744.8	744.7	744.6	743.8	743.5	743.3	742.9	743.1	743.3	743.2	743.3	743.5
9	43.6	44	44.4	44.5	45.1	45.3	45.5	46	46.5	47	47.5	47.8	48.4	48.4	48.7	49.2	49.4	49.4	49.6	49.4	49.3	48.5	47.8	47.2	47.1	47.19		743.6	744.0	744.4	744.5	745.1	745.3	745.5	746.0	746.5	747.0	747.5	747.8	748.4	748.4	748.7	749.2	749.4	749.4	749.6	749.4	749.3	748.5	747.8	747.2
10	46.3	46.2	46	45.7	45.7	45.1	45	44.9	45	45.1	45.5	46	46.9	48	49.1	49.9	50.6	51	51.7	52	52	52	52	51.7	48.1	48.06		746.3	746.2	746.0	745.7	745.7	745.1	745.0	744.9	745.0	745.1	745.5	746.0	746.9	748.0	749.1	749.9	750.6	751.0	751.7	752.0	752.0	752.0	752.0	751.7
11	50.9	50	49.8	49.2	48.8	48.1	47.9	47.6	47.3	46.7	45.9	44.8	44.8	44.8	44.8	44.8	44.8	44.9	45.2	45.8	45.8	45.8	45.8	45.5	47	46.66		750.9	750.0	749.8	749.2	748.8	748.1	747.9	747.6	747.3	746.7	745.9	744.8	744.8	744.8	744.8	744.8	744.8	744.9	745.2	745.8	745.8	745.8	745.8	745.5
12	45.8	46.2	46	45.4	44.7	43.3	42.2	40.3	39.1	38.8	37.8	37.1	36.5	35.9	35.1	35.2	35.1	35	34.8	34.6	34	33.8	33.5	33.5	38.49	38.49		745.8	746.2	746.0	745.4	744.7	743.3	742.2	740.3	739.1	738.8	737.8	737.1	736.5	735.9	735.1	735.2	735.1	735.0	734.8	734.6	734.0	733.8	733.5	733.5
13	33.5	33.6	33.5	33.3	33	33	33.7	33.9	34.9	35.4	36.1	37.1	37.4	38.2	38.4	38.6	38.7	38.7	38.8	38.7	38.2	38	37.3	36.6	36.19	36.19		733.5	733.6	733.5	733.3	733.0	733.0	733.7	733.9	734.9	735.4	736.1	737.1	737.4	738.2	738.4	738.6	738.7	738.7	738.8	738.7	738.2	738.0	737.3	736.6
14	36.1	35.3	35.3	35.4	36.1	36.6	37.4	38.1	38.5	38.9	39.1	39.6	39.6	39.7	39.8	39.7	39.7	39.7	39.8	39.8	39.9	39.7	39.8	39.7	38.47	38.47		736.1	735.3	735.3	735.4	736.1	736.6	737.4	738.1	738.5	738.9	739.1	739.6	739.6	739.7	739.8	739.7	739.7	739.7	739.8	739.8	739.9	739.7	739.8	739.7
15	39.3	38.8	38.6	38	37.5	37.3	36.6	36.4	35.8	35.1	34.6	34.6	34.5	34.5	34.2	33.8	33.4	33.2	32.7	32.6	32.5	32.3	31.8	31.6	34.99	34.99		739.3	738.8	738.6	738.0	737.5	737.3	736.6	736.4	735.8	735.1	734.6	734.6	734.5	734.5	734.2	733.8	733.4	733.2	732.7	732.6	732.5	732.3	731.8	731.6
16	31.5	31.3	31.2	30.9	30.8	30.8	30.7	30.8	30.4	30.1	30	29.9	29.9	30.2	30.2	30	30.3	30.2	29.9	29.8	29.8	29.7	29.4	29.1	30.29	30.29		731.5	731.3	731.2	730.9	730.8	730.8	730.7	730.8	730.4	730.1	730.0	729.9	729.9	730.2	730.2	730.0	730.3	730.2	729.9	729.8	729.8	729.7	729.4	729.1
17	28.8	28.9	29.1	28.9	28.7	28.7	28.3	28.5	28.7	28.5	28.4	28.3	27.6	27.1	26.7	26.4	25.9	25.5	25.1	24.6	23.7	23.4	22.1	21.7	26.82	26.82		728.8	728.9	729.1	728.9	728.7	728.7	728.3	728.5	728.7	728.5	728.4	728.3	727.6	727.1	726.7	726.4	725.9	725.5	725.1	724.6	723.7	723.4	722.1	721.7
18	21.7	21.6	21.1	20.9	20.7	20.5	20.3	20.3	20.3	19.9	20.2	20.3	20.5	20.7	21.1	21.6	21.8	22.2	22.8	23.4	24	24.5	24.9	25	21.68	21.68		721.7	721.6	721.1	720.9	720.7	720.5	720.3	720.3	720.3	719.9	720.2	720.3	720.5	720.7	721.1	721.6	721.8	722.2	722.8	723.4	724.0	724.5	724.9	725.0
19	25.1	25.2	25.9	26.1	26.8	27.2	27.5	27.6	28.2	28.7	28.8	28.8	29	29.2	29.4	29.7	30.5	30.6	30.8	31.1	31.5	31.9	32.3	32.6	28.94	28.94		725.1	725.2	725.9	726.1	726.8	727.2	727.5	727.6	728.2	728.7	728.8	728.8	729.0	729.2	729.4	729.7	730.5	730.6	730.8	731.1	731.5	731.9	732.3	732.6
20	33.3	33.6	33.9	34.7	35.4	35.6	35.7	35.8	36.4	36.8	36.9	37.3	37.7	38.1	38.6	38.9	39.2	39.3	39.3	39.3	39.3	39.5	39.8	39.9	37.27	37.26		733.3	733.6	733.9	734.7	735.4	735.6	735.7	735.8	736.4	736.8	736.9	737.3	737.7	738.1	738.6	738.9	739.2	739.3	739.3	739.3	739.3	739.5	739.8	739.9
21	39.9	40	39.9	40.1	40.4	40.4	40.5	40.5	40.6	40.6	40.8	41.4	41.6	42.3	42.5	42.6	42.6	42.6	42.6	42.7	42.7	42.7	42.7	42.6	41.47	41.47		739.9	740.0	739.9	740.1	740.4	740.4	740.5	740.5	740.6	740.6	740.8	741.4	741.6	742.3	742.5	742.6	742.6	742.6	742.6	742.7	742.7	742.7	742.7	742.6
22	42.7	42.7	42.8	42.8	42.8	42.9	42.9	42.9	43	43.1	43.1	43.6	43.9	44	44	44.1	44.1	44	44	44	43.5	42.9	42.8	42.8	43.31	43.31		742.7	742.7	742.8	742.8	742.8	742.9	742.9	742.9	743.0	743.1	743.1	743.6	743.9	744.0	744.0	744.1	744.1	744.0	744.0	744.0	743.5	742.9	742.8	742.8
23	42.8	42.8	42.5	42	42	42	42.2	42.7	42.8	43.1	43.1	43.2	43.1	43.1	43.1	43.1	43.2	43	42.8	42.3	41.8	41.5	40.8	40.4	42.48	42.48		742.8	742.8	742.5	742.0	742.0	742.0	742.2	742.7	742.8	743.1	743.1	743.2	743.1	743.1	743.1	743.1	743.2	743.0	742.8	742.3	741.8	741.5	740.8	740.4
24	39.8	39.7	39.2	38.7	38.6	38	37.6	37.5	37.4	37.1	36.8	36.6	36.4	36.4	36.3	36.4	36.5	36.2	35.8	35.8	35.8	35.9	35.9	35.9	37.1	37.10		739.8	739.7	739.2	738.7	738.6	738.0	737.6	737.5	737.4	737.1	736.8	736.6	736.4	736.4	736.3	736.4	736.5	736.2	735.8	735.8	735.8	735.9	735.9	735.9
25	36	36.5	36.7	37.1	37.5	38.2	38.6	39.1	39.4	39.6	40.1	40.3	40.5	41.4	41.4	41.7	42.2	42.4	42.7	43.1	43.4	43.6	44.3	44.7	40.44	40.44		736.0	736.5	736.7	737.1	737.5	738.2	738.6	739.1	739.4	739.6	740.1	740.3	740.5	741.4	741.4	741.7	742.2	742.4	742.7	743.1	743.4	743.6	744.3	744.7
26	45.3	45.5	46	46.3	46.8	47.4	47.4	47.7	48.1	48.8	49	49.2	49.4	49.5	49.3	49.1	48.3	47.6	46.9	45.7	44.7	43.3	42	40.5	46.83	46.83		745.3	745.5	746.0	746.3	746.8	747.4	747.4	747.7	748.1	748.8	749.0	749.2	749.4	749.5	749.3	749.1	748.3	747.6	746.9	745.7	744.7	743.3	742.0	740.5
27	39.1	37.2	35.5	33.9	32.1	30.4	29.9	28.3	27.4	26.6	26	25.1	24.5	24.1	24.1	24.1	24	23.6	23.3	23.2	23.3	23.3	23.4	23.4	27.33	27.33		739.1	737.2	735.5	733.9	732.1	730.4	729.9	728.3	727.4	726.6	726.0	725.1	724.5	724.1	724.1	724.1	724.0	723.6	723.3	723.2	723.3	723.3	723.4	723.4
28	23.5	23.6	23.8	24.3	24.7	25.3	25.5	25.9	26.1	26.4	26.5	26.6	26.7	27.2	27.6	27.8	28.3	28.8	29.7	30.4	31.4	31.8	32.5	32.8	27.39	27.38		723.5	723.6	723.8	724.3	724.7	725.3	725.5	725.9	726.1	726.4	726.5	726.6	726.7	727.2	727.6	727.8	728.3	728.8	729.7	730.4	731.4	731.8	732.5	732.8
29	33.2	33.8	34.6	35	35.7	36.1	36.8	37	37.9	38.7	38.9	39.7	39.9	39.9	40.2	40.6	40.9	40.8	40.8	40.8	40.8	40.8	40.9	41.2	38.54	38.54		733.2	733.8	734.6	735.0	735.7	736.1	736.8	737.0	737.9	738.7	738.9	739.7	739.9	739.9	740.2	740.6	740.9	740.8	740.8	740.8	740.8	740.8	740.9	741.2
30	41.5	41.8	42.4	43	43.6	44.2	44.5	44.9	45.5	45.7	46.2	46.1	45.6	45.1	43.4	42.2	39.5	37.3	35.1	33	31.6	32.2	32.4	32.7	40.82	40.81		741.5	741.8	742.4	743.0	743.6	744.2	744.5	744.9	745.5	745.7	746.2	746.1	745.6	745.1	743.4	742.2	739.5	737.3	735.1	733.0	731.6	732.2	732.4	732.7
Mean	36.72	36.7	36.72	36.67	36.74	36.7	36.71	36.73	36.79	36.82	36.81	36.87	36.92	37.03	37.07	37.15	37.17	37.12	37.11	37.14	37.04	37	36.96	36.82	36.92	36.90		736.7	736.7	736.7	736.7	736.7	736.7	736.7	736.7	736.8	736.8	736.8	736.9	736.9	737.0	737.1	737.2	737.2	737.1	737.1	737.1	737.0	737.0	737.0	736.8
	36.72	36.70	36.72	36.68	36.74	36.71	36.71	36.73	36.79	36.82	36.81	36.88	36.92	37.03	37.07	37.16	37.18	37.12	37.07	37.07	37.01	37.00	36.93	36.85	36.92	36.89		736.7	736.7	736.7	736.7	736.7	736.7	736.7	736.7	736.8	736.8	736.8	736.9	736.9	737.0	737.1	737.2	737.2	737.1	737.1	737.1	737.0	737.0	736.9	736.9
	ILLE PETERMANN  MAY 1909   mm																																																		
DATE	1	2	3	4	5	6	7	8	9	10	11	12	13	14	15	16	17	18	19	20	21	22	23	24	MEAN		DATE	1	2	3	4	5	6	7	8	9	10	11	12	13	14	15	16	17	18	19	20	21	22	23	24
1	33.4	35	35.9	36.9	37.2	38	39	40	41.3	41.9	42.8	43.2	43.7	44	44.3	44.5	44.1	43.6	43	41.5	40.5	39.4	37.7	36.4	40.31	40.30		733.4	735.0	735.9	736.9	737.2	738.0	739.0	740.0	741.3	741.9	742.8	743.2	743.7	744.0	744.3	744.5	744.1	743.6	743.0	741.5	740.5	739.4	737.7	736.4
2	35.8	35.3	34.1	33.4	33	32.3	31.4	30.5	29.7	28.8	28.7	27.9	27.2	26.8	26.3	25.7	25.7	25.7	25.7	25.8	25.9	26.6	27.2	27.7	29.05	29.05		735.8	735.3	734.1	733.4	733.0	732.3	731.4	730.5	729.7	728.8	728.7	727.9	727.2	726.8	726.3	725.7	725.7	725.7	725.7	725.8	725.9	726.6	727.2	727.7
3	28.2	28.5	29.3	30	31.3	32.3	33.3	34.8	35.4	36.5	37.7	38.9	38.8	39.4	39.9	40	39.9	39.2	38	36.6	35	32.5	30.2	28.7	34.77	34.77		728.2	728.5	729.3	730.0	731.3	732.3	733.3	734.8	735.4	736.5	737.7	738.9	738.8	739.4	739.9	740.0	739.9	739.2	738.0	736.6	735.0	732.5	730.2	728.7
4	27.9	26.9	26.1	26	26.1	27.4	28.3	28.8	29.2	29.2	29.2	29.2	29.2	29.8	31.2	32.4	33.3	34.3	35.2	35.6	36.2	36.5	37.1	36.9	30.92	30.92		727.9	726.9	726.1	726.0	726.1	727.4	728.3	728.8	729.2	729.2	729.2	729.2	729.2	729.8	731.2	732.4	733.3	734.3	735.2	735.6	736.2	736.5	737.1	736.9
5	36.8	36.9	36.4	36.7	37.2	37.8	38.2	38.2	38.5	38.7	39	39.4	40.2	40.9	41.2	41.6	42.2	43.2	43.3	43.9	44.4	45	45.2	45.5	40.44	40.43		736.8	736.9	736.4	736.7	737.2	737.8	738.2	738.2	738.5	738.7	739.0	739.4	740.2	740.9	741.2	741.6	742.2	743.2	743.3	743.9	744.4	745.0	745.2	745.5
6	46.2	46.3	46.3	46.2	45.2	43.5	42.3	42.5	43.5	44.2	44.5	45.2	45.9	47	47.6	48.2	49.2	50.4	51.2	52.2	52.7	53.6	54.2	55.2	47.64	47.64		746.2	746.3	746.3	746.2	745.2	743.5	742.3	742.5	743.5	744.2	744.5	745.2	745.9	747.0	747.6	748.2	749.2	750.4	751.2	752.2	752.7	753.6	754.2	755.2
7	55.5	56.6	57.2	57.4	58.1	58.5	58.6	59.2	59.2	59.4	59.8	59.9	60.1	60.1	60.2	60.3	60.2	60.2	60.1	59.5	59.2	59.2	59.3	59.4	59.05	59.05		755.5	756.6	757.2	757.4	758.1	758.5	758.6	759.2	759.2	759.4	759.8	759.9	760.1	760.1	760.2	760.3	760.2	760.2	760.1	759.5	759.2	759.2	759.3	759.4
8	59.1	59.5	60.3	61.1	61.8	62.3	62.4	62.5	62.4	62	62.1	62	61.8	61.3	61.1	61.1	60.8	59.9	59.2	59.1	58.6	58	57	56.8	60.51	60.51		759.1	759.5	760.3	761.1	761.8	762.3	762.4	762.5	762.4	762.0	762.1	762.0	761.8	761.3	761.1	761.1	760.8	759.9	759.2	759.1	758.6	758.0	757.0	756.8
9	56	55.7	54.9	54.1	53.6	52.8	52.2	51.8	51.4	50.8	51.1	50.8	49.8	49	48.8	48.6	48	48	47.7	47.6	47	46.7	46.6	46	50.38	50.38		756.0	755.7	754.9	754.1	753.6	752.8	752.2	751.8	751.4	750.8	751.1	750.8	749.8	749.0	748.8	748.6	748.0	748.0	747.7	747.6	747.0	746.7	746.6	746.0
10	45.6	45.6	45.6	45.5	45.5	45.3	45.4	45.6	45.5	45.4	45.8	45.9	46	45.9	46	46	46.1	47	47.1	48	48	48	48	47.9	46.28	46.28		745.6	745.6	745.6	745.5	745.5	745.3	745.4	745.6	745.5	745.4	745.8	745.9	746.0	745.9	746.0	746.0	746.1	747.0	747.1	748.0	748.0	748.0	748.0	747.9
11	47.1	46.2	45.1	44.9	44.8	44.1	43.8	43	42.5	42.3	42.9	42.9	42.9	42.9	42.9	43	43	43	43.1	42.9	42.8	42.7	41.8	41	43.4	43.40		747.1	746.2	745.1	744.9	744.8	744.1	743.8	743.0	742.5	742.3	742.9	742.9	742.9	742.9	742.9	743.0	743.0	743.0	743.1	742.9	742.8	742.7	741.8	741.0
12	40	39.5	38.3	38	37.8	37	36.3	35.1	34	32.9	31.4	30.1	29	27.8	26.3	25.2	24	22.1	20.9	20.1	19.5	18.1	17.1	16.8	29.06	29.05		740.0	739.5	738.3	738.0	737.8	737.0	736.3	735.1	734.0	732.9	731.4	730.1	729.0	727.8	726.3	725.2	724.0	722.1	720.9	720.1	719.5	718.1	717.1	716.8
13	16.3	16.3	16.2	16.3	16.3	16.5	16.9	17.9	18.6	19.1	19.4	20.1	20.6	21.3	21.7	22.3	23	23.6	24.4	25.2	25.8	26.3	26.7	27.2	20.75	20.75		716.3	716.3	716.2	716.3	716.3	716.5	716.9	717.9	718.6	719.1	719.4	720.1	720.6	721.3	721.7	722.3	723.0	723.6	724.4	725.2	725.8	726.3	726.7	727.2
14	27.3	27.6	28	28.3	28.7	29.3	29.7	30.5	31.1	31.3	31.3	31	30.9	30.7	30.6	30.6	30.9	31.1	31.3	31.7	32.1	32.3	32.8	33.1	30.51	30.51		727.3	727.6	728.0	728.3	728.7	729.3	729.7	730.5	731.1	731.3	731.3	731.0	730.9	730.7	730.6	730.6	730.9	731.1	731.3	731.7	732.1	732.3	732.8	733.1
15	33.7	33.9	33.9	33.9	33.9	33.5	32.9	32.1	31.8	31.1	30.6	30.3	29.7	29.1	28.2	26.8	25.8	25	24	23.2	22.4	21.7	21.1	19.9	28.69	28.69		733.7	733.9	733.9	733.9	733.9	733.5	732.9	732.1	731.8	731.1	730.6	730.3	729.7	729.1	728.2	726.8	725.8	725.0	724.0	723.2	722.4	721.7	721.1	719.9
16	19.8	19	18.8	18.4	17.9	17.2	16.9	16.1	15.8	15.4	15.3	15.2	15.3	15.4	15.5	15.7	15.9	16.2	16.6	17.1	17.1	17.2	17.4	17.5	16.78	16.78		719.8	719.0	718.8	718.4	717.9	717.2	716.9	716.1	715.8	715.4	715.3	715.2	715.3	715.4	715.5	715.7	715.9	716.2	716.6	717.1	717.1	717.2	717.4	717.5
17	17.6	17.9	18.1	18.2	18.2	18.2	18.4	19	19.3	19.6	20.6	21	21.3	21.7	22.2	22.6	23.4	24.3	25	25.2	26	26.6	27.3	27.7	21.64	21.64		717.6	717.9	718.1	718.2	718.2	718.2	718.4	719.0	719.3	719.6	720.6	721.0	721.3	721.7	722.2	722.6	723.4	724.3	725.0	725.2	726.0	726.6	727.3	727.7
18	28.8	29.4	29.9	30.7	31.3	31.8	32.7	33.8	34.5	35.4	36.3	36.9	37.6	38.4	39.6	40.2	41.5	41.8	42.8	43.7	44.6	45.2	46.1	46.8	37.49	37.49		728.8	729.4	729.9	730.7	731.3	731.8	732.7	733.8	734.5	735.4	736.3	736.9	737.6	738.4	739.6	740.2	741.5	741.8	742.8	743.7	744.6	745.2	746.1	746.8
19	47.1	47.5	48.1	48.4	48.7	48.8	49	49.1	49	48.7	48.4	48.2	47.4	46.8	45.9	45.2	43.7	43.3	43.4	43	42.5	42.5	42.4	42.4	46.23	46.23		747.1	747.5	748.1	748.4	748.7	748.8	749.0	749.1	749.0	748.7	748.4	748.2	747.4	746.8	745.9	745.2	743.7	743.3	743.4	743.0	742.5	742.5	742.4	742.4
20	42.2	41.6	40.6	40.1	39.5	38.6	37.4	36.5	35.6	34.6	33	32.5	31.6	31.1	30.5	29.4	28.4	28	27.8	27.5	26.7	26.4	25.9	25.7	32.97	32.97		742.2	741.6	740.6	740.1	739.5	738.6	737.4	736.5	735.6	734.6	733.0	732.5	731.6	731.1	730.5	729.4	728.4	728.0	727.8	727.5	726.7	726.4	725.9	725.7
21	25.9	25.9	26	26	26	25.8	25.5	25.5	25.4	25	24.7	24.7	24.4	24.5	24.6	24.9	25.4	26.3	27.2	27.8	28.4	28.9	29.3	30	26.17	26.17		725.9	725.9	726.0	726.0	726.0	725.8	725.5	725.5	725.4	725.0	724.7	724.7	724.4	724.5	724.6	724.9	725.4	726.3	727.2	727.8	728.4	728.9	729.3	730.0
22	30.5	31	31.5	32	32.6	33.3	34.3	34.7	35.3	36.1	36.9	37.2	38.2	38.2	39	39.1	39.3	39.6	39.9	40.5	41.2	41.4	41.7	42.1	36.9	36.90		730.5	731.0	731.5	732.0	732.6	733.3	734.3	734.7	735.3	736.1	736.9	737.2	738.2	738.2	739.0	739.1	739.3	739.6	739.9	740.5	741.2	741.4	741.7	742.1
23	42.6	43.3	43.6	44	44.5	44.6	45.4	45.6	46	46.3	46.6	46.9	47.1	47	47.3	47.8	47.9	47.8	47.7	47.9	47.7	47.7	47.7	47.6	46.28	46.28		742.6	743.3	743.6	744.0	744.5	744.6	745.4	745.6	746.0	746.3	746.6	746.9	747.1	747.0	747.3	747.8	747.9	747.8	747.7	747.9	747.7	747.7	747.7	747.6
24	47.4	47.2	47	46.9	46.6	46.5	46	45.7	45.6	45.6	45.4	45	44.8	44.7	44.7	44.8	44.8	44.8	44.7	44.7	44.7	44.7	44.3	44	45.45	45.44		747.4	747.2	747.0	746.9	746.6	746.5	746.0	745.7	745.6	745.6	745.4	745.0	744.8	744.7	744.7	744.8	744.8	744.8	744.7	744.7	744.7	744.7	744.3	744.0
25	43.8	43.3	43.3	43.2	43	42.8	42.5	42.3	42.2	41.8	41.7	41.2	41.1	41	40.9	40.9	40.6	40	39.9	39.6	39.6	39.7	39.7	39.7	41.41	41.41		743.8	743.3	743.3	743.2	743.0	742.8	742.5	742.3	742.2	741.8	741.7	741.2	741.1	741.0	740.9	740.9	740.6	740.0	739.9	739.6	739.6	739.7	739.7	739.7
26	39.6	39	38.9	39	39	39.1	39.5	40	40	40	40	40.1	40.1	40.1	40.2	40.5	40.9	41	40.9	40.8	40.8	40.9	40.8	40.8	40.09	40.08		739.6	739.0	738.9	739.0	739.0	739.1	739.5	740.0	740.0	740.0	740.0	740.1	740.1	740.1	740.2	740.5	740.9	741.0	740.9	740.8	740.8	740.9	740.8	740.8
27	40.8	40.8	40.9	41	41	41.1	41.2	41.5	41.8	42	42.1	42.2	42.3	42.4	42.6	43	43.1	43.6	43.9	44	44	44.1	44.1	44.1	42.4	42.40		740.8	740.8	740.9	741.0	741.0	741.1	741.2	741.5	741.8	742.0	742.1	742.2	742.3	742.4	742.6	743.0	743.1	743.6	743.9	744.0	744.0	744.1	744.1	744.1
28	44.2	44.2	44.2	44.3	44.3	44.3	44.3	44.5	44.6	44.7	45	45.2	45.2	45.3	45.3	45.3	45.2	45.3	45.9	46	46.1	46.1	46.1	45.9	45.07	45.06		744.2	744.2	744.2	744.3	744.3	744.3	744.3	744.5	744.6	744.7	745.0	745.2	745.2	745.3	745.3	745.3	745.2	745.3	745.9	746.0	746.1	746.1	746.1	745.9
29	45.3	45.2	45.2	45.3	45.3	45.2	45.1	45.1	45.1	45	44.9	44.2	44	44	43.9	43.8	43.5	43.3	43.1	43.1	43.1	42.8	42.2	42.1	44.16	44.16		745.3	745.2	745.2	745.3	745.3	745.2	745.1	745.1	745.1	745.0	744.9	744.2	744.0	744.0	743.9	743.8	743.5	743.3	743.1	743.1	743.1	742.8	742.2	742.1
30	41.4	41	40.9	40.6	40	39.8	39	38.5	37.9	37	36.5	36	35.5	34.9	34.2	34	33.8	33.9	34	34	33.9	33.9	33.8	33.4	36.58	36.58		741.4	741.0	740.9	740.6	740.0	739.8	739.0	738.5	737.9	737.0	736.5	736.0	735.5	734.9	734.2	734.0	733.8	733.9	734.0	734.0	733.9	733.9	733.8	733.4
31	33.3	33.3	33.3	33.6	34	34	34.2	34.5	34.9	35	35.4	35.6	35.8	35.8	36.4	37	37.7	38	38.7	38.9	39.5	39.8	40.6	40.9	36.25	36.26		733.3	733.3	733.3	733.6	734.0	734.0	734.2	734.5	734.9	735.0	735.4	735.6	735.8	735.8	736.4	737.0	737.7	738.0	738.7	738.9	739.5	739.8	740.6	740.9
Mean	38.04	38.04	37.99	38.08	38.14	38.12	38.13	38.22	38.3	38.24	38.35	38.35	38.3	38.3	38.36	38.4	38.43	38.5	38.57	38.6	38.58	38.53	38.43	38.36	38.31	38.31																									
	38.04	38.05	38.00	38.08	38.14	38.12	38.13	38.22	38.29	38.25	38.36	38.35	38.31	38.30	38.36	38.40	38.43	38.50	38.57	38.60	38.58	38.53	38.43	38.36	38.31	38.31																									
	ILLE PETERMANN  JUNE 1909   mm																																																		
DATE	1	2	3	4	5	6	7	8	9	10	11	12	13	14	15	16	17	18	19	20	21	22	23	24	MEAN		DATE	1	2	3	4	5	6	7	8	9	10	11	12	13	14	15	16	17	18	19	20	21	22	23	24
1	41.8	42.2	42.7	43.1	43.5	44.2	44.8	45.1	45.9	46.1	46.9	47.5	48	48.3	49	49.2	49.8	50	50.3	50.7	51.1	51.6	52	52	47.33	47.33		741.8	742.2	742.7	743.1	743.5	744.2	744.8	745.1	745.9	746.1	746.9	747.5	748.0	748.3	749.0	749.2	749.8	750.0	750.3	750.7	751.1	751.6	752.0	752.0
2	52.6	53	53.1	53.4	54.1	54.2	54.2	54.3	54.7	54.9	55.1	55.2	55.3	55.5	55.9	56.2	56.1	56.1	56.1	56.2	56.2	56	55.6	55.5	54.98	54.98		752.6	753.0	753.1	753.4	754.1	754.2	754.2	754.3	754.7	754.9	755.1	755.2	755.3	755.5	755.9	756.2	756.1	756.1	756.1	756.2	756.2	756.0	755.6	755.5
3	53.4	55.4	55.4	55.3	55.1	55	54.6	54.4	54.3	54.2	54.1	53.9	53.3	52.9	52	51.1	50.9	49.9	48.8	47.4	46.7	45.7	45.7	45	51.97	51.85		753.4	755.4	755.4	755.3	755.1	755.0	754.6	754.4	754.3	754.2	754.1	753.9	753.3	752.9	752.0	751.1	750.9	749.9	748.8	747.4	746.7	745.7	745.7	745.0
4	44.9	44.9	45.4	45.4	45.3	45.4	45.2	44.9	44.5	44.3	43.7	43.4	42.8	42.3	41.3	40.1	38.8	38.3	37.2	36.5	36.2	36.2	35.2	35.1	41.56	41.55		744.9	744.9	745.4	745.4	745.3	745.4	745.2	744.9	744.5	744.3	743.7	743.4	742.8	742.3	741.3	740.1	738.8	738.3	737.2	736.5	736.2	736.2	735.2	735.1
5	34.4	34.1	33.8	33.1	32.1	31.3	30.8	30.5	30.5	30.6	30.1	30.1	30.6	31	31	31	31	31.1	31	30.5	30.1	29.4	28.4	27.7	31.01	31.01		734.4	734.1	733.8	733.1	732.1	731.3	730.8	730.5	730.5	730.6	730.1	730.1	730.6	731.0	731.0	731.0	731.0	731.1	731.0	730.5	730.1	729.4	728.4	727.7
6	27.2	26.4	26.2	26.2	26.2	26.5	27.3	28.2	29.2	29.8	31.4	32.6	34.1	34.4	35.3	36	36.6	37.2	37.5	38.2	38.6	39.3	39.5	40.1	32.68	32.67		727.2	726.4	726.2	726.2	726.2	726.5	727.3	728.2	729.2	729.8	731.4	732.6	734.1	734.4	735.3	736.0	736.6	737.2	737.5	738.2	738.6	739.3	739.5	740.1
7	40.6	40.7	41.5	41.6	41.6	41.6	41.7	41.9	42.1	42.5	42.6	43	42.9	42.7	42.8	43	42.8	42.5	42.3	42.1	41.2	40.6	40.7	41	41.92	41.92		740.6	740.7	741.5	741.6	741.6	741.6	741.7	741.9	742.1	742.5	742.6	743.0	742.9	742.7	742.8	743.0	742.8	742.5	742.3	742.1	741.2	740.6	740.7	741.0
8	40.9	40.6	39.8	39.5	39.5	39.4	39.9	38.6	38.6	38.5	38.4	38.5	38.8	38.8	38.5	38.3	38.2	37.5	36.8	37.3	37.6	37.7	38.5	38.5	38.7	38.70		740.9	740.6	739.8	739.5	739.5	739.4	739.9	738.6	738.6	738.5	738.4	738.5	738.8	738.8	738.5	738.3	738.2	737.5	736.8	737.3	737.6	737.7	738.5	738.5
9	38.5	38.3	38.3	37.9	37.6	37.5	36.8	36.5	35.8	35.5	35	34.5	34	33.7	33.5	32.9	32.6	32.1	31.4	31.1	30.5	30.3	29.9	29.5	34.32	34.32		738.5	738.3	738.3	737.9	737.6	737.5	736.8	736.5	735.8	735.5	735.0	734.5	734.0	733.7	733.5	732.9	732.6	732.1	731.4	731.1	730.5	730.3	729.9	729.5
10	29.5	29.4	29.5	29.5	29.5	29.6	30	30.3	30.5	30.5	30.6	30.8	31	31.3	31.5	31.6	32	32.3	32.5	33.1	33.4	33.5	33.5	33	31.21	31.18		729.5	729.4	729.5	729.5	729.5	729.6	730.0	730.3	730.5	730.5	730.6	730.8	731.0	731.3	731.5	731.6	732.0	732.3	732.5	733.1	733.4	733.5	733.5	733.0
11	33.8	34.1	34.5	34.5	34.5	34.5	34.5	34.7	34.9	35.2	35.5	36	36.1	36.5	36.7	37.2	37.7	38.3	39.1	39.9	40.9	41.5	42.5	43	36.92	36.92		733.8	734.1	734.5	734.5	734.5	734.5	734.5	734.7	734.9	735.2	735.5	736.0	736.1	736.5	736.7	737.2	737.7	738.3	739.1	739.9	740.9	741.5	742.5	743.0
12	44	44.8	45.8	46.6	47	48	48.6	49.4	50.2	50.7	51.2	51.8	52	52.7	53.4	53.7	53.8	54.1	54.2	54	53.6	53.3	52.3	51.5	50.7	50.70		744.0	744.8	745.8	746.6	747.0	748.0	748.6	749.4	750.2	750.7	751.2	751.8	752.0	752.7	753.4	753.7	753.8	754.1	754.2	754.0	753.6	753.3	752.3	751.5
13	50	49.1	47.6	47.7	48.5	50.3	51.3	51.5	52.3	53	53.3	53.3	53.1	53.1	52.2	51.8	51.2	50.9	49.9	48.9	47.4	46.3	45.3	44.4	50.19	50.10		750.0	749.1	747.6	747.7	748.5	750.3	751.3	751.5	752.3	753.0	753.3	753.3	753.1	753.1	752.2	751.8	751.2	750.9	749.9	748.9	747.4	746.3	745.3	744.4
14	43.7	42.9	42.9	42.8	42.5	42.5	42.7	42.7	43	43.7	43.8	44.2	44.6	45.2	44.8	44.6	44.2	42.9	42.4	41.3	40.3	40	38.6	38.6	42.58	42.70		743.7	742.9	742.9	742.8	742.5	742.5	742.7	742.7	743.0	743.7	743.8	744.2	744.6	745.2	744.8	744.6	744.2	742.9	742.4	741.3	740.3	740.0	738.6	738.6
15	33.8	31.9	29.6	27.6	24.4	22.2	20.8	19.8	17.7	15.8	14.3	12.8	12.1	11.9	11.9	12.7	12.9	13.1	13.9	14.9	15.9	16.9	17.9	18.9	18.45	18.49		733.8	731.9	729.6	727.6	724.4	722.2	720.8	719.8	717.7	715.8	714.3	712.8	712.1	711.9	711.9	712.7	712.9	713.1	713.9	714.9	715.9	716.9	717.9	718.9
16	19.9	20.8	21	21.1	20.9	20.1	19.4	18.6	18	17.1	15.5	14.8	14.2	14.5	15.2	15.4	16.2	16.5	16.8	17.1	17.5	18.1	18.2	19.2	17.76	17.75		719.9	720.8	721.0	721.1	720.9	720.1	719.4	718.6	718.0	717.1	715.5	714.8	714.2	714.5	715.2	715.4	716.2	716.5	716.8	717.1	717.5	718.1	718.2	719.2
17	20.1	20.5	20.6	21.1	21.2	21.3	21.2	21.2	21.2	21.2	20.7	20.3	19.5	19.3	19.3	19.3	19.3	19.3	19.6	19.8	19.7	19.6	19.6	19.5	20.18	20.18		720.1	720.5	720.6	721.1	721.2	721.3	721.2	721.2	721.2	721.2	720.7	720.3	719.5	719.3	719.3	719.3	719.3	719.3	719.6	719.8	719.7	719.6	719.6	719.5
18	19.5	19.5	19.7	20.3	20.7	21.3	21.7	22.3	22.5	23.1	23.6	24.1	24.3	24.3	24.5	24.6	24.9	25	25.1	25	25	24.6	24.5	24.3	23.1	23.10		719.5	719.5	719.7	720.3	720.7	721.3	721.7	722.3	722.5	723.1	723.6	724.1	724.3	724.3	724.5	724.6	724.9	725.0	725.1	725.0	725.0	724.6	724.5	724.3
19	24.3	24.2	23.5	23.7	23.7	23.6	23.5	23.4	23.7	24.4	24.4	25.2	25.6	26.1	26.6	27.5	28.4	28.9	29.7	30.5	31	31.6	32.5	33	26.63	26.63		724.3	724.2	723.5	723.7	723.7	723.6	723.5	723.4	723.7	724.4	724.4	725.2	725.6	726.1	726.6	727.5	728.4	728.9	729.7	730.5	731.0	731.6	732.5	733.0
20	33.6	34.4	34.6	35.4	36.1	36.6	37.6	38.1	38.6	39.6	39.8	40.6	40.7	41.4	42.1	42.6	42.7	42.9	43.5	43.6	43.6	42.9	42	41.6	39.78	39.78		733.6	734.4	734.6	735.4	736.1	736.6	737.6	738.1	738.6	739.6	739.8	740.6	740.7	741.4	742.1	742.6	742.7	742.9	743.5	743.6	743.6	742.9	742.0	741.6
21	40.5	40.4	39.5	38.5	38.4	38.4	38.4	38.6	38.6	38.5	38.3	38.6	38.7	39	39.1	40.6	41.9	42.5	43.6	45.1	45.7	46.4	47.2	47.5	40.96	41.00		740.5	740.4	739.5	738.5	738.4	738.4	738.4	738.6	738.6	738.5	738.3	738.6	738.7	739.0	739.1	740.6	741.9	742.5	743.6	745.1	745.7	746.4	747.2	747.5
22	48	49.1	50	50.7	51.1	51.9	52.3	53.2	54	54.6	55.2	55.5	55.8	56.4	56.7	57.1	57.5	57.4	57.4	57.3	57.3	57.3	57.1	56.7	54.57	54.57		748.0	749.1	750.0	750.7	751.1	751.9	752.3	753.2	754.0	754.6	755.2	755.5	755.8	756.4	756.7	757.1	757.5	757.4	757.4	757.3	757.3	757.3	757.1	756.7
23	56.6	56.6	56.3	55.3	54.7	53.8	53.2	52	51.3	50.3	49.2	48	47.1	46.1	45.2	44.5	44.3	43.7	43.2	42.8	42.5	42.3	42.1	42	48.47	48.46		756.6	756.6	756.3	755.3	754.7	753.8	753.2	752.0	751.3	750.3	749.2	748.0	747.1	746.1	745.2	744.5	744.3	743.7	743.2	742.8	742.5	742.3	742.1	742.0
24	41.8	41.7	41.4	41.2	40.7	40.4	40.2	39.5	38.9	38.8	38.4	38.2	38	37.7	37.7	37.6	37.5	37.4	37.3	37.4	37.4	37.4	37.5	37.5	38.82	38.82		741.8	741.7	741.4	741.2	740.7	740.4	740.2	739.5	738.9	738.8	738.4	738.2	738.0	737.7	737.7	737.6	737.5	737.4	737.3	737.4	737.4	737.4	737.5	737.5
25	37.6	37.6	37.6	37.8	37.8	38.1	38.6	39	39.7	39.9	40.6	41.2	41.8	41.9	42.6	42.8	43	43.6	43.9	44.3	44.8	45.2	45.9	46.6	41.32	41.33		737.6	737.6	737.6	737.8	737.8	738.1	738.6	739.0	739.7	739.9	740.6	741.2	741.8	741.9	742.6	742.8	743.0	743.6	743.9	744.3	744.8	745.2	745.9	746.6
26	46.6	46.9	47.2	47.4	47.6	47.6	47.8	48.6	48.6	48.8	49.1	49.4	49.5	49.5	49.5	49.5	49.5	49.4	49.4	49.4	49.4	49.4	49.4	49.4	48.29	48.70		746.6	746.9	747.2	747.4	747.6	747.6	747.8	748.6	748.6	748.8	749.1	749.4	749.5	749.5	749.5	749.5	749.5	749.4	749.4	749.4	749.4	749.4	749.4	749.4
27	49.3	49.3	49.3	49.3	49.3	49.2	49.2	49.1	48.9	48.6	48.4	48.3	48.3	48.2	48.1	48	47.9	47.7	47.6	47.5	47.5	47.5	47.3	47.2	48.38	48.38		749.3	749.3	749.3	749.3	749.3	749.2	749.2	749.1	748.9	748.6	748.4	748.3	748.3	748.2	748.1	748.0	747.9	747.7	747.6	747.5	747.5	747.5	747.3	747.2
28	47.1	47	46.9	46.8	46.6	46.1	45.8	45.6	44.8	44.3	44	43.6	42.9	42.6	42.6	42.4	42.2	41.8	41.7	41.7	41.7	41.6	41.6	41.6	43.88	43.88		747.1	747.0	746.9	746.8	746.6	746.1	745.8	745.6	744.8	744.3	744.0	743.6	742.9	742.6	742.6	742.4	742.2	741.8	741.7	741.7	741.7	741.6	741.6	741.6
29	41.7	41.6	41.6	41.3	41	40.7	40.5	40.4	40.4	40.7	41.4	41.6	41.7	42	42.4	42.6	42.7	42.6	42.7	43	43.5	43.6	43.6	43.7	41.96	41.96		741.7	741.6	741.6	741.3	741.0	740.7	740.5	740.4	740.4	740.7	741.4	741.6	741.7	742.0	742.4	742.6	742.7	742.6	742.7	743.0	743.5	743.6	743.6	743.7
30	43.8	43.8	43.8	43.7	43.6	43.2	43.2	43.3	43.5	43.3	43.2	43.1	43.1	42.9	42.9	42.9	42.9	42.9	42.9	43	43	43.1	43	43.2	43.22	43.22		743.8	743.8	743.8	743.7	743.6	743.2	743.2	743.3	743.5	743.3	743.2	743.1	743.1	742.9	742.9	742.9	742.9	742.9	742.9	743.0	743.0	743.1	743.0	743.2
Mean	39.38	39.37	39.3	39.29	39.19	39.18	39.22	39.19	39.17	39.19	39.26	39.34	39.33	39.41	39.48	39.56	39.65	39.6	39.6	39.66	39.65	39.63	39.57	39.5	39.39	39.41																									
	39.32	39.37	39.30	39.26	39.16	39.15	39.19	39.19	39.23	39.28	39.26	39.34	39.33	39.41	39.48	39.56	39.65	39.60	39.59	39.65	39.64	39.63	39.57	39.56	39.39	39.41																									
	ILLE PETERMANN  JULY 1909   mm																																																		
DATE	1	2	3	4	5	6	7	8	9	10	11	12	13	14	15	16	17	18	19	20	21	22	23	24	MEAN		DATE	1	2	3	4	5	6	7	8	9	10	11	12	13	14	15	16	17	18	19	20	21	22	23	24
1	43.6	44	44.2	44.3	44.3	44.3	44.4	44.7	45	45.1	45.3	45.1	44.7	44.8	44.8	44.8	44.5	44.1	44.1	43.9	43.7	43.2	42.8	42.1	44.24	44.24		743.6	744.0	744.2	744.3	744.3	744.3	744.4	744.7	745.0	745.1	745.3	745.1	744.7	744.8	744.8	744.8	744.5	744.1	744.1	743.9	743.7	743.2	742.8	742.1
2	41.5	40.7	40	39.1	39.1	39	38.9	38	37.7	36.9	36.3	35.6	34.9	33.9	33.4	32.3	31.8	29.8	29	27.5	26.7	25.3	24.9	23	33.97	33.97		741.5	740.7	740.0	739.1	739.1	739.0	738.9	738.0	737.7	736.9	736.3	735.6	734.9	733.9	733.4	732.3	731.8	729.8	729.0	727.5	726.7	725.3	724.9	723.0
3	22.7	22.7	22.5	22.6	22.9	22.9	22.9	22.9	23	23.1	23.5	24.4	24.9	27	27.8	28.5	28.9	29.6	29.9	30.6	30.9	31.3	31.9	32.2	26.24	26.23		722.7	722.7	722.5	722.6	722.9	722.9	722.9	722.9	723.0	723.1	723.5	724.4	724.9	727.0	727.8	728.5	728.9	729.6	729.9	730.6	730.9	731.3	731.9	732.2
4	32.8	33.1	33.3	34	34.3	35.1	35.7	36.1	36.9	38	39.1	39.5	40.2	41.2	42.2	43.2	43.4	44.1	44.2	44.6	44.9	45.1	45.1	45.1	39.64	39.63		732.8	733.1	733.3	734.0	734.3	735.1	735.7	736.1	736.9	738.0	739.1	739.5	740.2	741.2	742.2	743.2	743.4	744.1	744.2	744.6	744.9	745.1	745.1	745.1
5	45.3	45.2	45.1	44.3	44.2	43.6	43.4	43	42.7	42.6	42.5	42.4	42.4	42.3	42.6	42.6	42.8	43.2	43.6	43.6	43.2	43.1	43.5	43	43.35	43.34		745.3	745.2	745.1	744.3	744.2	743.6	743.4	743.0	742.7	742.6	742.5	742.4	742.4	742.3	742.6	742.6	742.8	743.2	743.6	743.6	743.2	743.1	743.5	743.0
6	42.4	42.1	42.2	41.3	40.7	39.8	38.9	38.1	37.2	36.6	36.1	35.6	35.2	35.2	35.5	35.9	36.2	36.4	36.8	37.4	38.1	38.4	38.8	39.5	38.16	38.10		742.4	742.1	742.2	741.3	740.7	739.8	738.9	738.1	737.2	736.6	736.1	735.6	735.2	735.2	735.5	735.9	736.2	736.4	736.8	737.4	738.1	738.4	738.8	739.5
7	40.4	40.6	41.5	42	42.7	43.2	44	44.7	45.7	46.4	47.3	47.6	47.9	48.6	49.2	49.5	50.4	50.5	51.3	51.5	52.3	52.5	52.8	53.4	47.33	47.33		740.4	740.6	741.5	742.0	742.7	743.2	744.0	744.7	745.7	746.4	747.3	747.6	747.9	748.6	749.2	749.5	750.4	750.5	751.3	751.5	752.3	752.5	752.8	753.4
8	53.6	53.9	54.4	54.8	55	55	55.7	55.7	55.7	56.2	56.2	56.2	56.2	56.2	56.3	56.1	56.1	56.5	56.6	56.5	56.7	56.7	56.6	56.5	55.81	55.81		753.6	753.9	754.4	754.8	755.0	755.0	755.7	755.7	755.7	756.2	756.2	756.2	756.2	756.2	756.3	756.1	756.1	756.5	756.6	756.5	756.7	756.7	756.6	756.5
9	56.5	56.3	56.2	56.2	56.4	56.4	56.7	56.6	56.7	56.8	57.2	57.5	57.5	57.7	57.7	57.7	58	58.2	58.1	58	58.1	58.2	58.1	57.5	57.27	57.26		756.5	756.3	756.2	756.2	756.4	756.4	756.7	756.6	756.7	756.8	757.2	757.5	757.5	757.7	757.7	757.7	758.0	758.2	758.1	758.0	758.1	758.2	758.1	757.5
10	57.5	57.5	57.3	57.4	57.3	56.6	56.4	56.1	55.4	55.4	54.4	53.6	52.5	51.4	50.4	49.3	48.3	47.2	45.9	45.5	43.9	42.6	41.4	40.2	51.4	51.40		757.5	757.5	757.3	757.4	757.3	756.6	756.4	756.1	755.4	755.4	754.4	753.6	752.5	751.4	750.4	749.3	748.3	747.2	745.9	745.5	743.9	742.6	741.4	740.2
11	37.5	36.9	35.7	34.8	34.1	33.5	32.6	32	31.2	30.4	28.4	27.4	27.4	27.9	28.2	28.9	29.9	30.5	31.1	31.9	32.4	33	33.3	34	31.79	31.79		737.5	736.9	735.7	734.8	734.1	733.5	732.6	732.0	731.2	730.4	728.4	727.4	727.4	727.9	728.2	728.9	729.9	730.5	731.1	731.9	732.4	733.0	733.3	734.0
12	34.6	34.9	35.3	35.2	35.1	35	34.3	33.7	33.7	33.8	33.8	33.7	32.8	33	33	32.8	32	32	31.7	30.9	30.1	29.5	28.9	28	32.83	32.83		734.6	734.9	735.3	735.2	735.1	735.0	734.3	733.7	733.7	733.8	733.8	733.7	732.8	733.0	733.0	732.8	732.0	732.0	731.7	730.9	730.1	729.5	728.9	728.0
13	27.1	26.4	25.8	25.1	24.7	24.3	24.1	23.8	23.3	23.4	24	24.5	25	25.3	26.2	26.9	27.4	28.3	28.7	29	29.8	29.5	29.7	29.7	26.34	26.33		727.1	726.4	725.8	725.1	724.7	724.3	724.1	723.8	723.3	723.4	724.0	724.5	725.0	725.3	726.2	726.9	727.4	728.3	728.7	729.0	729.8	729.5	729.7	729.7
14	30.7	30.7	31.2	31.6	31.9	32.1	32.6	33	33.5	33.9	34.7	35	35.7	36	36.7	36.9	37.6	38.3	38.8	39	39.6	40	40.2	40.6	35.43	35.43		730.7	730.7	731.2	731.6	731.9	732.1	732.6	733.0	733.5	733.9	734.7	735.0	735.7	736.0	736.7	736.9	737.6	738.3	738.8	739.0	739.6	740.0	740.2	740.6
15	41.1	41.3	42.1	42.7	43.1	43.9	44.2	45	45.4	46.3	46.7	47	47.7	48.2	48.4	49.1	49.4	50.1	50.5	50.8	51	51.6	51.4	51.5	47.02	47.02		741.1	741.3	742.1	742.7	743.1	743.9	744.2	745.0	745.4	746.3	746.7	747.0	747.7	748.2	748.4	749.1	749.4	750.1	750.5	750.8	751.0	751.6	751.4	751.5
16	51.3	51.8	51.5	51.1	50.7	50.9	49.9	49.2	48.1	46.7	44.9	42.8	40.5	38.2	36.1	35	35.2	37.8	38.8	40.3	41.6	41.8	43.2	44	44.22	44.23		751.3	751.8	751.5	751.1	750.7	750.9	749.9	749.2	748.1	746.7	744.9	742.8	740.5	738.2	736.1	735.0	735.2	737.8	738.8	740.3	741.6	741.8	743.2	744.0
17	45.4	46.2	47	47.1	47.7	48.1	48.8	49.2	49.7	50.3	50.8	51.1	51	50.9	51	51.1	51	51.2	51.1	51.2	51	50.6	50.5	50.2	49.68	49.68		745.4	746.2	747.0	747.1	747.7	748.1	748.8	749.2	749.7	750.3	750.8	751.1	751.0	750.9	751.0	751.1	751.0	751.2	751.1	751.2	751.0	750.6	750.5	750.2
18	49.8	49.6	49.3	48.8	48.8	48.3	47.6	47.4	46.5	46.1	45.6	44.7	44.6	44.6	43.9	43.7	43.8	43.3	42.4	42.2	42.1	41.7	41	40.7	45.27	45.27		749.8	749.6	749.3	748.8	748.8	748.3	747.6	747.4	746.5	746.1	745.6	744.7	744.6	744.6	743.9	743.7	743.8	743.3	742.4	742.2	742.1	741.7	741.0	740.7
19	40.2	39.9	39	38.5	38	37.5	37.4	37.2	36.5	36.4	36.4	35.8	35.4	35.4	35.3	35.3	35.4	36	36.4	36.5	36.6	37.1	37.7	38.2	37.01	37.00		740.2	739.9	739.0	738.5	738.0	737.5	737.4	737.2	736.5	736.4	736.4	735.8	735.4	735.4	735.3	735.3	735.4	736.0	736.4	736.5	736.6	737.1	737.7	738.2
20	38.7	38.8	39.1	38.9	38.8	39	39	39	39.1	39.4	40.1	39.6	39.5	39.1	38.9	39.2	39.6	39.3	38.8	38.8	38.4	38.6	38.3	37.8	38.99	38.99		738.7	738.8	739.1	738.9	738.8	739.0	739.0	739.0	739.1	739.4	740.1	739.6	739.5	739.1	738.9	739.2	739.6	739.3	738.8	738.8	738.4	738.6	738.3	737.8
21	35.8	35.8	34.8	34	33.4	32.8	32.6	32.2	31.8	30.9	30.6	29.4	28.6	28.2	27.3	26.5	25.4	24.6	24.6	25.9	26.8	27	27.5	27.2	29.74	29.74		735.8	735.8	734.8	734.0	733.4	732.8	732.6	732.2	731.8	730.9	730.6	729.4	728.6	728.2	727.3	726.5	725.4	724.6	724.6	725.9	726.8	727.0	727.5	727.2
22	26.9	27.4	27.5	27.5	27.1	26.9	26.7	25.8	24.2	23.4	22.4	21.5	20.5	19.2	19.1	19.3	20.3	21	22.1	23.9	25	26	27.6	28.4	24.16	24.15		726.9	727.4	727.5	727.5	727.1	726.9	726.7	725.8	724.2	723.4	722.4	721.5	720.5	719.2	719.1	719.3	720.3	721.0	722.1	723.9	725.0	726.0	727.6	728.4
23	29.9	30.4	30.4	30.4	30.3	29.3	27.8	27.1	27	26.4	26.4	25.9	25.5	26.2	27.3	28.6	30.9	32.1	34.1	36.1	37.4	38.7	40	41.2	30.81	30.81		729.9	730.4	730.4	730.4	730.3	729.3	727.8	727.1	727.0	726.4	726.4	725.9	725.5	726.2	727.3	728.6	730.9	732.1	734.1	736.1	737.4	738.7	740.0	741.2
24	42.8	43.4	44.1	44.7	45.3	45.6	45.5	45.6	46.1	45.5	45.1	44.8	44.2	43.1	43	42.2	41.3	40.5	40.5	40.4	40.5	40.9	40.9	40.9	43.22	43.20		742.8	743.4	744.1	744.7	745.3	745.6	745.5	745.6	746.1	745.5	745.1	744.8	744.2	743.1	743.0	742.2	741.3	740.5	740.5	740.4	740.5	740.9	740.9	740.9
25	40.9	41	41	40.9	40.8	40.6	40.6	40.6	40.7	40.9	40.7	40.7	40.4	40.4	40.8	40.9	40.9	41	41.1	41.3	41.3	41.5	41.7	42	40.94	40.95		740.9	741.0	741.0	740.9	740.8	740.6	740.6	740.6	740.7	740.9	740.7	740.7	740.4	740.4	740.8	740.9	740.9	741.0	741.1	741.3	741.3	741.5	741.7	742.0
26	42.2	42.4	42.4	42.2	42.1	42.2	42.3	42.4	42.5	42.2	42	41.4	41	40.8	40.5	40.1	40.2	39.9	39.8	39.8	39.7	39.7	39.3	39	41.09	41.09		742.2	742.4	742.4	742.2	742.1	742.2	742.3	742.4	742.5	742.2	742.0	741.4	741.0	740.8	740.5	740.1	740.2	739.9	739.8	739.8	739.7	739.7	739.3	739.0
27	38.8	38.5	38.5	38.5	38.4	38.7	38.6	38.5	38.5	38.8	38.9	39	39	39.2	39.2	39.2	39.2	39.2	38.8	38.7	37.9	38	37.9	37.6	38.65	38.65		738.8	738.5	738.5	738.5	738.4	738.7	738.6	738.5	738.5	738.8	738.9	739.0	739.0	739.2	739.2	739.2	739.2	739.2	738.8	738.7	737.9	738.0	737.9	737.6
28	37.5	37.4	37.7	37.4	37.4	36.7	36.3	36	35.1	34.6	34	33.2	32.2	30.9	29.7	28.1	27.6	26.2	25.5	25.1	24.5	24.7	25.8	26.8	31.69	31.68		737.5	737.4	737.7	737.4	737.4	736.7	736.3	736.0	735.1	734.6	734.0	733.2	732.2	730.9	729.7	728.1	727.6	726.2	725.5	725.1	724.5	724.7	725.8	726.8
29	27.8	28.6	28.7	29.1	29.3	29.8	29.9	30.6	30.9	31.2	31.5	31.7	31.8	31.9	32	32.6	33	33	33	33.6	33.5	33.7	34.3	34.3	31.49	31.49		727.8	728.6	728.7	729.1	729.3	729.8	729.9	730.6	730.9	731.2	731.5	731.7	731.8	731.9	732.0	732.6	733.0	733.0	733.0	733.6	733.5	733.7	734.3	734.3
30	34.2	34.3	34.4	34.8	34.8	34.8	34.9	35.2	35.3	35.6	35.8	35.7	35.1	34.8	34.5	33.5	32.6	32.1	30.8	30	28.8	27.9	27.8	28.1	33.16	33.16		734.2	734.3	734.4	734.8	734.8	734.8	734.9	735.2	735.3	735.6	735.8	735.7	735.1	734.8	734.5	733.5	732.6	732.1	730.8	730.0	728.8	727.9	727.8	728.1
31	28.3	27.3	27.7	27.6	27.5	28.1	28.9	29.3	29.8	29.7	29.6	29.6	29	30	30	27.6	26.8	25.9	24.8	23.9	22.4	22.1	21.2	20.9	27.01	27.00		728.3	727.3	727.7	727.6	727.5	728.1	728.9	729.3	729.8	729.7	729.6	729.6	729.0	730.0	730.0	727.6	726.8	725.9	724.8	723.9	722.4	722.1	721.2	720.9
Mean	39.3	39.33	39.35	39.26	39.23	39.16	39.09	38.99	38.87	38.81	38.72	38.45	38.17	38.12	38.1	37.98	38.06	38.13	38.16	38.34	38.35	38.39	38.52	38.51	38.65	38.64																									
	39.28	39.33	39.35	39.25	39.23	39.16	39.08	38.99	38.87	38.81	38.72	38.45	38.17	38.12	38.10	37.98	38.06	38.13	38.16	38.34	38.35	38.39	38.52	38.50	38.64	38.64																									
	ILLE PETERMANN  AUGUST1909   mm																																																		
DATE	1	2	3	4	5	6	7	8	9	10	11	12	13	14	15	16	17	18	19	20	21	22	23	24	MEAN		DATE	1	2	3	4	5	6	7	8	9	10	11	12	13	14	15	16	17	18	19	20	21	22	23	24
1	20.5	20.7	22.2	24.8	25.5	25.6	25	25.2	25	24.9	24.4	24.6	23.7	23.7	23.7	24	23.5	23.1	22.1	21.3	22.9	24.1	24.6	25.4	23.77	23.77		720.5	720.7	722.2	724.8	725.5	725.6	725.0	725.2	725.0	724.9	724.4	724.6	723.7	723.7	723.7	724.0	723.5	723.1	722.1	721.3	722.9	724.1	724.6	725.4
2	25.7	26.8	27.2	27.9	28.4	28.9	29.1	29.5	30.2	30.3	30.7	31	31.4	31.7	32	32.3	32.5	32.8	33.1	33.2	33.7	34	34.2	34.7	30.89	30.89		725.7	726.8	727.2	727.9	728.4	728.9	729.1	729.5	730.2	730.3	730.7	731.0	731.4	731.7	732.0	732.3	732.5	732.8	733.1	733.2	733.7	734.0	734.2	734.7
3	35.1	35.8	36.2	36.8	37.5	38.1	38.5	39.9	40.3	40.5	41.2	41.8	41.9	42	42.3	42.2	41.9	41.8	40.4	41.1	41.2	41.4	41.2	39.4	39.94	39.94		735.1	735.8	736.2	736.8	737.5	738.1	738.5	739.9	740.3	740.5	741.2	741.8	741.9	742.0	742.3	742.2	741.9	741.8	740.4	741.1	741.2	741.4	741.2	739.4
4	38.8	37.8	37.5	36.9	36.7	36.7	35.3	35.1	34.5	34.4	34.8	35.8	35.6	35.2	34.6	33.9	34.2	34.2	34.3	34.8	34.9	34.7	34.5	34.4	35.4	35.40		738.8	737.8	737.5	736.9	736.7	736.7	735.3	735.1	734.5	734.4	734.8	735.8	735.6	735.2	734.6	733.9	734.2	734.2	734.3	734.8	734.9	734.7	734.5	734.4
5	34.4	34.4	34.5	35	35.2	35.5	35.8	36.6	36.8	36.8	37.1	37.2	37.2	37.2	37.5	38	38.4	39.1	39.5	39.8	40.1	40.2	40.4	40.7	37.35	37.39		734.4	734.4	734.5	735.0	735.2	735.5	735.8	736.6	736.8	736.8	737.1	737.2	737.2	737.2	737.5	738.0	738.4	739.1	739.5	739.8	740.1	740.2	740.4	740.7
6	41	41.2	41.1	40.9	40.9	40.7	40.5	39.6	38.9	38.7	38	37.8	37.3	36.8	36.5	36	35.5	34.9	34	33.2	32.2	31.5	31.3	30.7	37.05	37.05		741.0	741.2	741.1	740.9	740.9	740.7	740.5	739.6	738.9	738.7	738.0	737.8	737.3	736.8	736.5	736.0	735.5	734.9	734.0	733.2	732.2	731.5	731.3	730.7
7	30.5	30.1	29.8	28.6	28.2	28.2	27.8	27.7	27.3	27	27	27.7	27.9	28.1	28.1	28.1	28.2	28.6	29.5	29.5	29.5	29.4	29.5	29.5	28.58	28.58		730.5	730.1	729.8	728.6	728.2	728.2	727.8	727.7	727.3	727.0	727.0	727.7	727.9	728.1	728.1	728.1	728.2	728.6	729.5	729.5	729.5	729.4	729.5	729.5
8	29.6	29.6	29.6	29.8	29.8	29.8	29.9	30.3	30.3	30.4	30.5	30.5	30.9	31.2	31.2	31.2	31.2	31.1	31	30.7	30.2	30.1	30	29.8	30.36	30.36		729.6	729.6	729.6	729.8	729.8	729.8	729.9	730.3	730.3	730.4	730.5	730.5	730.9	731.2	731.2	731.2	731.2	731.1	731.0	730.7	730.2	730.1	730.0	729.8
9	29.6	28.8	28.1	27.1	26.8	25.9	25.9	25.9	25.6	25.8	25.7	26	26	26	25.8	25.6	25.3	25	24.8	24.6	24.4	24.2	23.9	24	25.87	25.87		729.6	728.8	728.1	727.1	726.8	725.9	725.9	725.9	725.6	725.8	725.7	726.0	726.0	726.0	725.8	725.6	725.3	725.0	724.8	724.6	724.4	724.2	723.9	724.0
10	24.1	24	24.1	24.1	24.2	24.4	25	25.2	25.3	25.5	25.8	26.2	26.3	26.6	27.2	27.5	28.3	28.4	29.2	29.8	30.6	30.9	31.3	31.8	26.91	26.91		724.1	724.0	724.1	724.1	724.2	724.4	725.0	725.2	725.3	725.5	725.8	726.2	726.3	726.6	727.2	727.5	728.3	728.4	729.2	729.8	730.6	730.9	731.3	731.8
11	32	32.6	33.6	34.3	35	35.6	36.5	37	37.9	38.1	38.5	39.2	40	40.1	40.9	41	41	41.5	42	42.9	43.4	43.4	43.6	44.2	28.93	38.93		732.0	732.6	733.6	734.3	735.0	735.6	736.5	737.0	737.9	738.1	738.5	739.2	740.0	740.1	740.9	741.0	741.0	741.5	742.0	742.9	743.4	743.4	743.6	744.2
12	44.5	44.6	44.7	44.7	44.9	45.4	45.9	46.4	46.7	47.1	47.9	48.2	48.7	48.5	48.6	48.8	49.5	49.8	49.7	49.5	49.4	49.3	49.4	49.3	47.57	47.56		744.5	744.6	744.7	744.7	744.9	745.4	745.9	746.4	746.7	747.1	747.9	748.2	748.7	748.5	748.6	748.8	749.5	749.8	749.7	749.5	749.4	749.3	749.4	749.3
13	48.8	48.6	48.6	48.5	48.1	48	48	47.8	47.6	47.6	47.6	47.8	47.8	47.7	47.5	47.5	46.9	46.9	46.9	46.8	46.3	45.6	45.1	44.4	47.35	47.35		748.8	748.6	748.6	748.5	748.1	748.0	748.0	747.8	747.6	747.6	747.6	747.8	747.8	747.7	747.5	747.5	746.9	746.9	746.9	746.8	746.3	745.6	745.1	744.4
14	43.7	43.3	41.9	41.3	40.4	39.3	38.2	37.4	36.5	35.7	35.4	35	34.5	33.9	33.4	32.9	32.6	32.1	32.2	32.5	32.8	33.2	33.2	33.1	36.02	36.02		743.7	743.3	741.9	741.3	740.4	739.3	738.2	737.4	736.5	735.7	735.4	735.0	734.5	733.9	733.4	732.9	732.6	732.1	732.2	732.5	732.8	733.2	733.2	733.1
15	33.1	33	32.9	32.8	32.3	32.2	32.3	32.4	32.4	32.2	32	31.7	30.9	30.9	30.7	30.4	30.4	30.5	30.3	29.8	29.7	29	27	26.1	31.04	31.04		733.1	733.0	732.9	732.8	732.3	732.2	732.3	732.4	732.4	732.2	732.0	731.7	730.9	730.9	730.7	730.4	730.4	730.5	730.3	729.8	729.7	729.0	727.0	726.1
16	24	23.7	23.9	24.2	25.2	26.3	27.4	28.7	29.7	30.1	30.7	31.1	31.5	32.2	32.7	33.9	34.8	35	36.6	37	37.9	38.6	39	39.2	31.39	31.39		724.0	723.7	723.9	724.2	725.2	726.3	727.4	728.7	729.7	730.1	730.7	731.1	731.5	732.2	732.7	733.9	734.8	735.0	736.6	737.0	737.9	738.6	739.0	739.2
17	39.8	40	39.4	39.3	38.3	37.8	37.5	36.9	35.7	34.4	33.1	31.3	29.9	28.3	27.2	26.3	25	23.8	23.3	22.8	21.8	21.3	20.6	20.2	30.59	30.58		739.8	740.0	739.4	739.3	738.3	737.8	737.5	736.9	735.7	734.4	733.1	731.3	729.9	728.3	727.2	726.3	725.0	723.8	723.3	722.8	721.8	721.3	720.6	720.2
18	19.8	19.2	19	19	19	19	19.1	19.5	19.5	20.4	21	21.7	22.6	22.7	23.7	24.7	25.7	26.3	27	27.8	28.5	29.3	30.1	30.4	23.13	23.13		719.8	719.2	719.0	719.0	719.0	719.0	719.1	719.5	719.5	720.4	721.0	721.7	722.6	722.7	723.7	724.7	725.7	726.3	727.0	727.8	728.5	729.3	730.1	730.4
19	31	31.2	31.1	30.8	30.5	30.1	29.3	29.2	27.5	26.7	24.9	24	22.6	21.6	21.9	22.1	23.6	24.4	25.2	25	25.2	25.6	26.1	26.1	26.49	26.49		731.0	731.2	731.1	730.8	730.5	730.1	729.3	729.2	727.5	726.7	724.9	724.0	722.6	721.6	721.9	722.1	723.6	724.4	725.2	725.0	725.2	725.6	726.1	726.1
20	26.1	26.1	26.7	27.2	28.1	28.3	29.1	30.2	31.4	32	32.2	33.9	34.8	35.2	36.1	36.8	37.5	37.8	38.2	38.1	39	38.6	38	37.3	33.28	33.28		726.1	726.1	726.7	727.2	728.1	728.3	729.1	730.2	731.4	732.0	732.2	733.9	734.8	735.2	736.1	736.8	737.5	737.8	738.2	738.1	739.0	738.6	738.0	737.3
21	36.7	35.8	36	36	36.4	36.7	37.7	37.9	38.2	38.4	38.9	38.9	39	39.5	39.9	40.1	40.6	40.7	40.8	41	40.7	39.7	39.2	38.8	38.65	38.65		736.7	735.8	736.0	736.0	736.4	736.7	737.7	737.9	738.2	738.4	738.9	738.9	739.0	739.5	739.9	740.1	740.6	740.7	740.8	741.0	740.7	739.7	739.2	738.8
22	38.7	38.5	38.1	37	36.1	35.6	35.2	34.5	34.2	34.7	35.2	36.4	37.3	38.9	39.9	41.3	42.2	42.7	43.8	44.2	44.7	45.5	45.5	45.5	39.41	39.40		738.7	738.5	738.1	737.0	736.1	735.6	735.2	734.5	734.2	734.7	735.2	736.4	737.3	738.9	739.9	741.3	742.2	742.7	743.8	744.2	744.7	745.5	745.5	745.5
23	45.6	45.9	46.1	46.2	45.9	46	46.3	46.2	45.8	45.2	45.2	43.8	43.8	43.1	42.1	40.9	40	38.9	38.3	37.7	37.7	36.5	35.9	35.5	42.45	42.44		745.6	745.9	746.1	746.2	745.9	746.0	746.3	746.2	745.8	745.2	745.2	743.8	743.8	743.1	742.1	740.9	740.0	738.9	738.3	737.7	737.7	736.5	735.9	735.5
24	34.7	34.9	34.2	34	33.8	33.4	32.9	32.5	32.4	31.6	31.6	31.8	31.7	31.6	31.1	31	30.9	31.1	31.1	32.1	32.5	32.6	32.9	33	32.48	32.48		734.7	734.9	734.2	734.0	733.8	733.4	732.9	732.5	732.4	731.6	731.6	731.8	731.7	731.6	731.1	731.0	730.9	731.1	731.1	732.1	732.5	732.6	732.9	733.0
25	33.7	33.7	34.1	34.7	35	35.7	35.8	36.5	36.7	37.1	37.3	37.4	37.6	38.3	38.8	40	40.3	40.7	41.5	41.2	41.3	41.2	41.1	41.4	37.97	37.96		733.7	733.7	734.1	734.7	735.0	735.7	735.8	736.5	736.7	737.1	737.3	737.4	737.6	738.3	738.8	740.0	740.3	740.7	741.5	741.2	741.3	741.2	741.1	741.4
26	41.2	41	40.9	40	39.9	39.2	39	39.3	39.1	38.2	37.6	37.3	38.7	41.4	42.2	42.8	43.1	43.5	43.4	44.5	45	45.8	45.8	46.4	41.47	41.47		741.2	741.0	740.9	740.0	739.9	739.2	739.0	739.3	739.1	738.2	737.6	737.3	738.7	741.4	742.2	742.8	743.1	743.5	743.4	744.5	745.0	745.8	745.8	746.4
27	47.1	47.2	47	47.3	47.1	46.2	45.5	45.1	45.2	45.2	45.1	45	45.6	47.1	47.3	47.3	47.5	47.7	47.5	47.7	47.7	47.6	47.3	46.9	46.68	46.68		747.1	747.2	747.0	747.3	747.1	746.2	745.5	745.1	745.2	745.2	745.1	745.0	745.6	747.1	747.3	747.3	747.5	747.7	747.5	747.7	747.7	747.6	747.3	746.9
28	46.8	46.5	46.3	46.1	46	45.4	45.2	45	44.8	44.4	44.3	44	44.7	45.4	45.6	46.2	46.6	46.5	46.5	46.6	46.6	46.8	46.7	46.8	45.83	45.83		746.8	746.5	746.3	746.1	746.0	745.4	745.2	745.0	744.8	744.4	744.3	744.0	744.7	745.4	745.6	746.2	746.6	746.5	746.5	746.6	746.6	746.8	746.7	746.8
29	46.9	47	46.9	47.1	47.2	47.7	47.8	48.1	48.2	48.7	48.9	49.1	49.4	49.9	50.2	50.3	50.4	51.4	51.3	52.2	52.3	52.5	52.6	53	49.55	49.55		746.9	747.0	746.9	747.1	747.2	747.7	747.8	748.1	748.2	748.7	748.9	749.1	749.4	749.9	750.2	750.3	750.4	751.4	751.3	752.2	752.3	752.5	752.6	753.0
30	53.2	53.2	53.4	54	54.1	54	54	54.2	54.2	54.4	54.4	54.5	54.6	54.4	54.6	54.3	54.1	53.7	53.5	53	52.8	52.2	51	50.7	53.61	53.60		753.2	753.2	753.4	754.0	754.1	754.0	754.0	754.2	754.2	754.4	754.4	754.5	754.6	754.4	754.6	754.3	754.1	753.7	753.5	753.0	752.8	752.2	751.0	750.7
31	49	47.7	46.2	45.3	43.9	43.5	44.1	44.1	44.1	44.1	43.6	44	44.6	44.2	44.3	44.4	44.7	45.1	45.9	46.1	46.6	47.4	48.4	48.6	45.42	45.41		749.0	747.7	746.2	745.3	743.9	743.5	744.1	744.1	744.1	744.1	743.6	744.0	744.6	744.2	744.3	744.4	744.7	745.1	745.9	746.1	746.6	747.4	748.4	748.6
Mean	36.32	36.22	36.14	36.19	36.14	36.11	36.12	36.26	36.2	36.15	36.15	36.28	36.41	36.56	36.7	36.83	36.98	37.07	37.13	37.31	37.47	37.49	37.4	37.35	36.63	36.62																									
	36.31	36.22	36.17	36.18	36.14	36.10	36.12	36.25	36.19	36.15	36.15	36.28	36.40	36.56	36.70	36.83	36.98	37.07	37.19	37.31	37.47	37.49	37.40	37.33	36.30	36.63																									
	ILLE PETERMANN  SEPTEMBER1909   mm																																																		
DATE	1	2	3	4	5	6	7	8	9	10	11	12	13	14	15	16	17	18	19	20	21	22	23	24	MEAN		DATE	1	2	3	4	5	6	7	8	9	10	11	12	13	14	15	16	17	18	19	20	21	22	23	24
1	49.2	49.9	51.2	51.5	51.8	51.8	51.9	52.2	52.4	52.4	52.4	52.3	52.3	52.7	52.8	53	53.1	53.1	53.2	53.2	53.2	53.2	53.3	53.1	52.3	52.30		749.2	749.9	751.2	751.5	751.8	751.8	751.9	752.2	752.4	752.4	752.4	752.3	752.3	752.7	752.8	753.0	753.1	753.1	753.2	753.2	753.2	753.2	753.3	753.1
2	53	52.6	52.4	52.2	51.5	50.9	50	49.4	49.1	48.3	48	46.2	44.7	43.5	43.2	44.5	44.8	44	43.7	42.5	41.9	41	39.7	39	46.51	46.50		753.0	752.6	752.4	752.2	751.5	750.9	750.0	749.4	749.1	748.3	748.0	746.2	744.7	743.5	743.2	744.5	744.8	744.0	743.7	742.5	741.9	741.0	739.7	739.0
3	37.9	37.9	38	37.1	36.8	36.8	36.5	36.1	36	35.9	35.9	35.9	35.8	35.1	34	33	31	29.5	28.1	27	27	27.1	27.3	27.2	33.46	33.45		737.9	737.9	738.0	737.1	736.8	736.8	736.5	736.1	736.0	735.9	735.9	735.9	735.8	735.1	734.0	733.0	731.0	729.5	728.1	727.0	727.0	727.1	727.3	727.2
4	27.2	27	26	24.8	22.5	21.4	19.3	18.1	15.6	15.3	13.9	12.2	11	10.4	10.6	10.4	9.6	8.8	8.8	8.3	8.1	8.5	9.7	10.6	14.92	14.92		727.2	727.0	726.0	724.8	722.5	721.4	719.3	718.1	715.6	715.3	713.9	712.2	711.0	710.4	710.6	710.4	709.6	708.8	708.8	708.3	708.1	708.5	709.7	710.6
5	12.2	12.4	12.8	12.9	13.1	13.7	14.6	15.1	15.9	16.4	16.6	17.5	18.5	18.9	19.1	19.6	19.6	20.1	20.6	21	21.7	22	22.9	23.4	17.53	17.53		712.2	712.4	712.8	712.9	713.1	713.7	714.6	715.1	715.9	716.4	716.6	717.5	718.5	718.9	719.1	719.6	719.6	720.1	720.6	721.0	721.7	722.0	722.9	723.4
6	23.5	23.4	23.1	23.1	23.3	23.5	23.7	23	22.7	23	23.2	23.3	23.3	23.7	23.8	24.1	24.4	24.8	25.2	26.2	26.3	26.7	27.3	27.7	24.26	24.26		723.5	723.4	723.1	723.1	723.3	723.5	723.7	723.0	722.7	723.0	723.2	723.3	723.3	723.7	723.8	724.1	724.4	724.8	725.2	726.2	726.3	726.7	727.3	727.7
7	28.4	28.8	29.5	30.6	31.5	32.3	32.7	33.2	33.6	34.2	34.6	35.2	35.5	35.7	36	36.1	36.1	36.3	36.3	36.3	36.2	35.2	34.9	34.4	33.9	33.90		728.4	728.8	729.5	730.6	731.5	732.3	732.7	733.2	733.6	734.2	734.6	735.2	735.5	735.7	736.0	736.1	736.1	736.3	736.3	736.3	736.2	735.2	734.9	734.4
8	33.6	32.3	31.1	29.4	27.6	26.2	24.7	22.5	21.5	19.3	18.1	16.6	14.7	12.9	11.1	10.3	10.5	11.4	11.8	12.2	12.3	12.3	12.3	12.8	18.65	18.65		733.6	732.3	731.1	729.4	727.6	726.2	724.7	722.5	721.5	719.3	718.1	716.6	714.7	712.9	711.1	710.3	710.5	711.4	711.8	712.2	712.3	712.3	712.3	712.8
9	13.6	14.5	14.8	15.6	16.2	17.1	17.9	18.4	19	19.3	19.4	19.8	20.5	21.1	21.8	22.4	22.8	23.7	24.5	25.1	25.8	26.5	27.3	28.6	20.66	20.65		713.6	714.5	714.8	715.6	716.2	717.1	717.9	718.4	719.0	719.3	719.4	719.8	720.5	721.1	721.8	722.4	722.8	723.7	724.5	725.1	725.8	726.5	727.3	728.6
10	29.8	31	32	33.3	33.6	33.8	34.1	34.7	34.6	34.4	34.4	33.7	32.9	31.6	30.7	29.6	28.6	27.6	26.9	26.6	26.7	27.2	27.5	28.4	30.98	30.99		729.8	731.0	732.0	733.3	733.6	733.8	734.1	734.7	734.6	734.4	734.4	733.7	732.9	731.6	730.7	729.6	728.6	727.6	726.9	726.6	726.7	727.2	727.5	728.4
11	28.9	29.6	29.6	29.6	29.6	29.6	29.6	29.7	29.8	29.9	30.5	30.4	30.8	31.1	31.4	31.9	32.2	32.9	33.5	34	34.4	35.2	35.2	35.8	31.47	31.47		728.9	729.6	729.6	729.6	729.6	729.6	729.6	729.7	729.8	729.9	730.5	730.4	730.8	731.1	731.4	731.9	732.2	732.9	733.5	734.0	734.4	735.2	735.2	735.8
12	36.2	37.1	37.4	37.8	38.1	39.3	39.6	40.4	40.7	41.6	41.9	42.4	42.9	43.7	44.6	45.1	45.6	46.5	47	47.1	47.1	47.6	48	48.3	42.76	42.75		736.2	737.1	737.4	737.8	738.1	739.3	739.6	740.4	740.7	741.6	741.9	742.4	742.9	743.7	744.6	745.1	745.6	746.5	747.0	747.1	747.1	747.6	748.0	748.3
13	48.4	48.5	48.3	48.2	47.5	47	46.5	46.3	45.6	43.5	42.6	42.5	41.7	40.3	39.4	37.8	37.2	36.4	35.4	34.6	34.4	33.7	33.7	34.1	41.4	41.40		748.4	748.5	748.3	748.2	747.5	747.0	746.5	746.3	745.6	743.5	742.6	742.5	741.7	740.3	739.4	737.8	737.2	736.4	735.4	734.6	734.4	733.7	733.7	734.1
14	34.1	34.1	34.7	35.1	35.1	35.4	36	36.7	37	37.5	38.1	38.8	39.7	40.3	41.3	42.1	42.5	43	43.6	45	45.5	46.4	46.4	47.7	39.84	39.84		734.1	734.1	734.7	735.1	735.1	735.4	736.0	736.7	737.0	737.5	738.1	738.8	739.7	740.3	741.3	742.1	742.5	743.0	743.6	745.0	745.5	746.4	746.4	747.7
15	48.6	49	49.6	50.5	51.1	51.9	52.3	53.4	54	54.5	55.2	55.7	56.4	57.1	57.9	58.2	58.6	58.8	59.1	59.9	60.2	60.8	61.2	61.7	55.66	55.65		748.6	749.0	749.6	750.5	751.1	751.9	752.3	753.4	754.0	754.5	755.2	755.7	756.4	757.1	757.9	758.2	758.6	758.8	759.1	759.9	760.2	760.8	761.2	761.7
16	62.4	62.7	62.8	63.3	63.5	63.7	63.8	64.2	64.4	64.6	64.7	64.8	64.9	64.9	64.9	64.6	64.6	64.6	64.5	64.2	63.7	63.6	63.5	63.1	64.01	64.00		762.4	762.7	762.8	763.3	763.5	763.7	763.8	764.2	764.4	764.6	764.7	764.8	764.9	764.9	764.9	764.6	764.6	764.6	764.5	764.2	763.7	763.6	763.5	763.1
17	62.9	62.5	62.3	61.6	61.2	60.6	60.4	60.1	60	59.4	59.4	59	59	58.9	59.1	59.1	59.3	59.4	59.4	59.5	59.6	59.9	59.9	60	60.11	60.10		762.9	762.5	762.3	761.6	761.2	760.6	760.4	760.1	760.0	759.4	759.4	759.0	759.0	758.9	759.1	759.1	759.3	759.4	759.4	759.5	759.6	759.9	759.9	760.0
18	59.9	60	59.9	59.8	59.4	59.5	59.5	59.6	59.3	59.2	59.1	58.8	58.7	58.4	58.4	58	57.6	57	56.6	55.9	55.6	54.6	53.7	52.7	57.97	57.97		759.9	760.0	759.9	759.8	759.4	759.5	759.5	759.6	759.3	759.2	759.1	758.8	758.7	758.4	758.4	758.0	757.6	757.0	756.6	755.9	755.6	754.6	753.7	752.7
19	51.1	50.7	49.8	49.1	48.8	48.5	47.8	47.8	47	47.2	46.9	46.6	46.6	46.4	46.5	46.7	46.7	46.9	47.1	47.3	47.4	47.8	48.1	48.5	47.81	47.80		751.1	750.7	749.8	749.1	748.8	748.5	747.8	747.8	747.0	747.2	746.9	746.6	746.6	746.4	746.5	746.7	746.7	746.9	747.1	747.3	747.4	747.8	748.1	748.5
20	49.4	50.1	50.7	51.3	52.1	53	54	54.6	55	56	56.5	57	57.2	57.5	58.1	58.1	58.5	58.8	58.9	58.8	58.7	58.6	58.8	59.5	55.89	55.88		749.4	750.1	750.7	751.3	752.1	753.0	754.0	754.6	755.0	756.0	756.5	757.0	757.2	757.5	758.1	758.1	758.5	758.8	758.9	758.8	758.7	758.6	758.8	759.5
21	59.4	59.6	59.7	59.6	59.8	60	60.1	60.4	60.5	61	61.2	61.2	61.3	61.9	62	62.2	62.4	62.4	62.7	62.9	62.8	62.9	63	63	61.34	61.33		759.4	759.6	759.7	759.6	759.8	760.0	760.1	760.4	760.5	761.0	761.2	761.2	761.3	761.9	762.0	762.2	762.4	762.4	762.7	762.9	762.8	762.9	763.0	763.0
22	63	62.8	62.9	63.4	63.9	64	64.6	65	64.5	64.4	63.9	63.7	64.1	64.6	64.3	64	64	64	63.8	63.5	63.3	63.2	63	62.6	63.78	63.77		763.0	762.8	762.9	763.4	763.9	764.0	764.6	765.0	764.5	764.4	763.9	763.7	764.1	764.6	764.3	764.0	764.0	764.0	763.8	763.5	763.3	763.2	763.0	762.6
23	62.5	62.3	62	61.8	61.8	61.9	61.8	61.8	61.1	61.1	61.1	60.2	59.4	59.2	58.7	57.3	56.7	55.2	54.8	53.9	52.8	51.5	50.8	50	58.33	58.32		762.5	762.3	762.0	761.8	761.8	761.9	761.8	761.8	761.1	761.1	761.1	760.2	759.4	759.2	758.7	757.3	756.7	755.2	754.8	753.9	752.8	751.5	750.8	750.0
24	48.9	48.1	47.3	46.2	45.5	44.3	44	43.1	42.9	42.2	41.9	41.6	41.9	42.4	42.9	43.2	42.8	42.7	42.2	40.1	39.3	37.9	36.2	34	42.57	42.57		748.9	748.1	747.3	746.2	745.5	744.3	744.0	743.1	742.9	742.2	741.9	741.6	741.9	742.4	742.9	743.2	742.8	742.7	742.2	740.1	739.3	737.9	736.2	734.0
25	32.7	31.3	30.3	29.3	29.2	29.3	29.4	30.1	29.9	29.6	29.8	30.2	30.7	31.5	31.5	31.5	31.5	32.4	32.8	33.6	34.3	35.3	36	36.2	31.6	31.60		732.7	731.3	730.3	729.3	729.2	729.3	729.4	730.1	729.9	729.6	729.8	730.2	730.7	731.5	731.5	731.5	731.5	732.4	732.8	733.6	734.3	735.3	736.0	736.2
26	37	37	37.1	37.3	36.5	35.6	33.6	31.9	30.9	28.1	27	24.1	21.7	19.1	17.5	14.7	14	13	13	12.6	12.1	12.3	12.2	11	23.73	23.72		737.0	737.0	737.1	737.3	736.5	735.6	733.6	731.9	730.9	728.1	727.0	724.1	721.7	719.1	717.5	714.7	714.0	713.0	713.0	712.6	712.1	712.3	712.2	711.0
27	10.6	10.1	9.4	8.5	7.7	7	6.6	6.2	5.8	5.6	5.5	5.2	5.1	5.2	5.7	6.1	7.2	8.3	9.7	11.9	13	14.6	15.5	16.7	8.63	8.63		710.6	710.1	709.4	708.5	707.7	707.0	706.6	706.2	705.8	705.6	705.5	705.2	705.1	705.2	705.7	706.1	707.2	708.3	709.7	711.9	713.0	714.6	715.5	716.7
28	18.8	20.9	22.5	24.6	25.7	27.4	27.8	28.2	28.4	28.5	28.2	28.8	28.9	28.3	28.2	27.9	27.4	27.3	27.4	27.2	27.5	28.1	28.1	29.5	26.9	26.90		718.8	720.9	722.5	724.6	725.7	727.4	727.8	728.2	728.4	728.5	728.2	728.8	728.9	728.3	728.2	727.9	727.4	727.3	727.4	727.2	727.5	728.1	728.1	729.5
29	30.2	31	31.8	33.2	33.6	34.5	35.1	36.1	36.8	37.6	38	38.5	38.4	37.2	36.8	35.2	34.4	32.3	31.6	33.4	33.8	34.3	35.1	35.2	34.76	34.75		730.2	731.0	731.8	733.2	733.6	734.5	735.1	736.1	736.8	737.6	738.0	738.5	738.4	737.2	736.8	735.2	734.4	732.3	731.6	733.4	733.8	734.3	735.1	735.2
30	35.7	37.2	37.7	38.1	38.1	38.1	37.5	35.3	34.3	33.2	32.5	31.9	31.5	30.2	29.2	29.1	29.2	29.8	31	32.4	32.7	33.4	33.7	34.7	33.61	33.60		735.7	737.2	737.7	738.1	738.1	738.1	737.5	735.3	734.3	733.2	732.5	731.9	731.5	730.2	729.2	729.1	729.2	729.8	731.0	732.4	732.7	733.4	733.7	734.7
Mean	39.64	39.81	39.89	39.96	39.87	39.9	39.85	39.79	39.61	39.44	39.35	39.14	39	38.79	38.72	38.52	38.43	38.37	38.44	38.54	38.59	38.71	38.81	38.98	39.18	39.17																									
	39.64	39.81	39.89	39.96	39.87	39.94	39.85	39.79	39.61	39.44	39.35	39.14	39.00	38.79	38.72	38.53	38.43	38.37	38.44	38.54	38.58	38.71	38.81	38.98	39.18	39.17																									
	ILLE PETERMANN  OCTOBER 1909   mm																																																		
DATE	1	2	3	4	5	6	7	8	9	10	11	12	13	14	15	16	17	18	19	20	21	22	23	24	MEAN		DATE	1	2	3	4	5	6	7	8	9	10	11	12	13	14	15	16	17	18	19	20	21	22	23	24
1	35.2	35.3	34.5	33.5	32.6	30.3	29.9	30.3	30.8	33.5	35.6	38.5	40	41	43.4	44.4	45.1	45.1	45.9	45.7	45.2	44.3	43.2	40.8	38.51	38.50		735.2	735.3	734.5	733.5	732.6	730.3	729.9	730.3	730.8	733.5	735.6	738.5	740.0	741.0	743.4	744.4	745.1	745.1	745.9	745.7	745.2	744.3	743.2	740.8
2	38.6	35.8	34.9	34.4	34.7	35	35.7	37.2	38.6	39.5	39.9	41	41.7	42.2	43.1	43.3	43.4	44.1	44.2	44.6	44.6	44.5	44.5	43.5	40.38	40.38		738.6	735.8	734.9	734.4	734.7	735.0	735.7	737.2	738.6	739.5	739.9	741.0	741.7	742.2	743.1	743.3	743.4	744.1	744.2	744.6	744.6	744.5	744.5	743.5
3	43.5	43.5	43.5	43.3	42.7	42.5	42.6	42.7	42.7	42.7	42.7	43	43	42.9	42.8	42.9	43.1	43.5	44.1	44.3	44.7	45.1	45.3	45.5	43.45	43.44		743.5	743.5	743.5	743.3	742.7	742.5	742.6	742.7	742.7	742.7	742.7	743.0	743.0	742.9	742.8	742.9	743.1	743.5	744.1	744.3	744.7	745.1	745.3	745.5
4	46.4	46.6	47.2	47.7	47.8	48	48.3	48.7	48.9	48.9	48.9	48.9	49	48.9	48.9	48.9	48.9	49	49.1	49.2	48.9	48.8	48.5	48.2	48.45	48.44		746.4	746.6	747.2	747.7	747.8	748.0	748.3	748.7	748.9	748.9	748.9	748.9	749.0	748.9	748.9	748.9	748.9	749.0	749.1	749.2	748.9	748.8	748.5	748.2
5	47.8	47.5	47.5	47.6	48.1	49	49.8	50.3	50.9	50.9	51	51.7	51.9	50.9	51.7	50	49.3	49.8	50.4	50.5	50.6	51	51.3	51.4	50.04	50.04		747.8	747.5	747.5	747.6	748.1	749.0	749.8	750.3	750.9	750.9	751.0	751.7	751.9	750.9	751.7	750.0	749.3	749.8	750.4	750.5	750.6	751.0	751.3	751.4
6	51.5	51.5	51.1	50	49.5	49.5	49.5	49.1	48.6	47.8	47.2	46.4	46.1	45.2	44.4	44.3	43.6	43.7	43.8	43.8	44.8	45.7	46.5	47.2	47.12	47.12		751.5	751.5	751.1	750.0	749.5	749.5	749.5	749.1	748.6	747.8	747.2	746.4	746.1	745.2	744.4	744.3	743.6	743.7	743.8	743.8	744.8	745.7	746.5	747.2
7	48.2	49.1	49.6	50.3	50.5	50.6	50.7	51	51.4	51.4	51.3	50.6	50.4	49.9	49.3	48.7	47.8	45.9	45.1	44.5	43.6	42.4	42.1	41.4	48.16	48.16		748.2	749.1	749.6	750.3	750.5	750.6	750.7	751.0	751.4	751.4	751.3	750.6	750.4	749.9	749.3	748.7	747.8	745.9	745.1	744.5	743.6	742.4	742.1	741.4
8	41.4	40.7	39.7	39.1	39.8	40.6	42.3	44.9	46.8	48.7	49.4	50.6	51.5	51.8	52	52.3	52.9	53.4	53.7	54	54.4	54.9	55	55.2	48.55	48.55		741.4	740.7	739.7	739.1	739.8	740.6	742.3	744.9	746.8	748.7	749.4	750.6	751.5	751.8	752.0	752.3	752.9	753.4	753.7	754.0	754.4	754.9	755.0	755.2
9	55.9	56.1	56.3	56.3	56.1	56.1	56	55.9	56	55.7	55.2	55.2	54.7	54.3	54	53.6	53.3	52.3	51.4	50.5	49.8	48.8	48.5	47.9	53.75	53.75		755.9	756.1	756.3	756.3	756.1	756.1	756.0	755.9	756.0	755.7	755.2	755.2	754.7	754.3	754.0	753.6	753.3	752.3	751.4	750.5	749.8	748.8	748.5	747.9
10	48.1	49	50.2	50.7	51.3	52.3	52.7	53.3	54	54	54.5	54.6	55.1	55.3	55.3	55.1	54.9	54.2	53.2	52.4	50.9	49.2	47.9	46.4	52.28	52.28		748.1	749.0	750.2	750.7	751.3	752.3	752.7	753.3	754.0	754.0	754.5	754.6	755.1	755.3	755.3	755.1	754.9	754.2	753.2	752.4	750.9	749.2	747.9	746.4
11	45.4	44.7	44.6	44.2	43.8	43.4	43.2	42.4	41.8	41.6	41.6	42.7	43.4	44.7	45.3	46.7	47.6	48.8	49.5	50.1	50.5	51.6	52.5	52.4	45.94	45.94		745.4	744.7	744.6	744.2	743.8	743.4	743.2	742.4	741.8	741.6	741.6	742.7	743.4	744.7	745.3	746.7	747.6	748.8	749.5	750.1	750.5	751.6	752.5	752.4
12	53.4	53.6	53.7	53.6	53.6	53.7	53.7	53.5	52.8	52.8	52	51.8	51.6	51.1	50.3	49.8	49.5	48.8	48	47.1	46.4	46.8	47	47.2	50.91	50.91		753.4	753.6	753.7	753.6	753.6	753.7	753.7	753.5	752.8	752.8	752.0	751.8	751.6	751.1	750.3	749.8	749.5	748.8	748.0	747.1	746.4	746.8	747.0	747.2
13	47.3	47.3	46.9	46.1	45.3	44.3	43.3	42.3	41.3	40.6	39.8	39.4	38.6	37.5	36.5	35.1	34.1	33.1	31.4	31	30.1	28.8	28.4	28.7	38.23	38.22		747.3	747.3	746.9	746.1	745.3	744.3	743.3	742.3	741.3	740.6	739.8	739.4	738.6	737.5	736.5	735.1	734.1	733.1	731.4	731.0	730.1	728.8	728.4	728.7
14	28.8	28.9	29.3	29.5	29.3	29.2	29.7	30.6	33.1	35.1	36.6	38.7	40	41.4	42.7	44.3	45.2	45.6	46.7	47.6	48.3	48.5	48.4	48.5	38.59	38.58		728.8	728.9	729.3	729.5	729.3	729.2	729.7	730.6	733.1	735.1	736.6	738.7	740.0	741.4	742.7	744.3	745.2	745.6	746.7	747.6	748.3	748.5	748.4	748.5
15	48.6	48.4	48.3	47.5	46.9	46.4	45.8	44.7	43.4	42.6	41.7	41.2	39.8	38.5	37.9	37	36.5	35.5	34.8	34.5	33.8	33.8	33.6	33.4	40.61	40.61		748.6	748.4	748.3	747.5	746.9	746.4	745.8	744.7	743.4	742.6	741.7	741.2	739.8	738.5	737.9	737.0	736.5	735.5	734.8	734.5	733.8	733.8	733.6	733.4
16	33	33.1	33	33	33.1	33.6	33.6	33.6	33.7	34.5	34.6	34.9	35.2	35.7	36.1	36.5	36.6	37	37.3	37.4	37.5	37.9	38.2	38.5	35.32	35.32		733.0	733.1	733.0	733.0	733.1	733.6	733.6	733.6	733.7	734.5	734.6	734.9	735.2	735.7	736.1	736.5	736.6	737.0	737.3	737.4	737.5	737.9	738.2	738.5
17	38.5	38.8	38.9	39.2	39.3	39.4	39.6	39.9	39.9	40.5	40.6	41	41.5	41.5	41.7	41.9	42.3	42.5	42.7	43.2	43.9	44.3	44.7	45	41.29	41.28		738.5	738.8	738.9	739.2	739.3	739.4	739.6	739.9	739.9	740.5	740.6	741.0	741.5	741.5	741.7	741.9	742.3	742.5	742.7	743.2	743.9	744.3	744.7	745.0
18	45	45.7	45.8	45.9	46	46.1	45.8	45.7	45.7	46.6	46.2	46.2	46.3	46.4	46.4	46.3	46.1	46	46	45.9	45.7	45.7	45.7	46	45.97	45.97		745.0	745.7	745.8	745.9	746.0	746.1	745.8	745.7	745.7	746.6	746.2	746.2	746.3	746.4	746.4	746.3	746.1	746.0	746.0	745.9	745.7	745.7	745.7	746.0
19	45.9	46	45.9	46	46	45.9	45.7	45.6	45.7	45.6	45.6	45.7	45.6	45.5	45.2	44.8	44.6	44.4	44.2	43.9	43.7	43.1	42.8	42.4	45	44.99		745.9	746.0	745.9	746.0	746.0	745.9	745.7	745.6	745.7	745.6	745.6	745.7	745.6	745.5	745.2	744.8	744.6	744.4	744.2	743.9	743.7	743.1	742.8	742.4
20	41.8	41.3	40.7	39.7	39	38.2	37.2	36.7	36.2	35.9	35.8	35.7	35.6	35.1	34.5	33.9	33	32.7	32.6	32.3	31.4	31.3	31.4	32.4	35.6	35.60		741.8	741.3	740.7	739.7	739.0	738.2	737.2	736.7	736.2	735.9	735.8	735.7	735.6	735.1	734.5	733.9	733.0	732.7	732.6	732.3	731.4	731.3	731.4	732.4
21	32.8	32.8	33.3	33.4	33.6	34	34	34.2	34.4	34.7	34.6	34.4	33.7	33.4	33.3	32.5	31.7	31	30.2	29.6	28.7	28	27.9	27.8	32.25	32.25		732.8	732.8	733.3	733.4	733.6	734.0	734.0	734.2	734.4	734.7	734.6	734.4	733.7	733.4	733.3	732.5	731.7	731.0	730.2	729.6	728.7	728.0	727.9	727.8
22	27.9	28	28.6	28.9	29.7	30.5	30.7	31.2	31.5	31.9	31.6	31.2	30.9	30.2	30.2	30	29.5	29.5	29.2	28.7	28.5	28.4	27.9	27.8	29.69	29.69		727.9	728.0	728.6	728.9	729.7	730.5	730.7	731.2	731.5	731.9	731.6	731.2	730.9	730.2	730.2	730.0	729.5	729.5	729.2	728.7	728.5	728.4	727.9	727.8
23	27.2	26.9	26.7	27.2	27.1	27	27.1	27.1	27.9	28.4	28.9	29.1	29.8	30.6	30.8	31.1	31.5	31.6	31.8	32.2	32.3	32.3	32.4	32.3	29.56	29.55		727.2	726.9	726.7	727.2	727.1	727.0	727.1	727.1	727.9	728.4	728.9	729.1	729.8	730.6	730.8	731.1	731.5	731.6	731.8	732.2	732.3	732.3	732.4	732.3
24	32.3	32.2	31.7	31.6	31.7	31.8	32	32	32.1	32.3	32.3	32.3	32.3	32.2	32.1	31.9	31.8	31.7	31.9	32	31.7	32	32.4	32.4	32.03	32.03		732.3	732.2	731.7	731.6	731.7	731.8	732.0	732.0	732.1	732.3	732.3	732.3	732.3	732.2	732.1	731.9	731.8	731.7	731.9	732.0	731.7	732.0	732.4	732.4
25	32.3	32.4	32.5	32.7	32.9	33.5	33.6	33.6	34.2	34.3	34.3	34.3	34.3	34.3	34.4	34.6	34.7	35.1	35.5	35.5	35.6	35.6	35.8	36	34.25	34.25		732.3	732.4	732.5	732.7	732.9	733.5	733.6	733.6	734.2	734.3	734.3	734.3	734.3	734.3	734.4	734.6	734.7	735.1	735.5	735.5	735.6	735.6	735.8	736.0
26	36.1	36.2	36.4	36.6	36.8	36.9	36.9	37.1	37.3	37.6	37.6	37.9	38	33.1	38.1	38.4	38.7	39	39.7	39.8	40.1	40.3	40.7	40.7	38.13	37.92		736.1	736.2	736.4	736.6	736.8	736.9	736.9	737.1	737.3	737.6	737.6	737.9	738.0	733.1	738.1	738.4	738.7	739.0	739.7	739.8	740.1	740.3	740.7	740.7
27	40.7	41.4	41.8	41.9	42.2	42.3	42.8	42.9	43	43.4	43.5	44	44.2	44.8	45.1	45.7	45.8	46	46.6	46.5	46.6	46.7	47.4	47.3	44.28	44.28		740.7	741.4	741.8	741.9	742.2	742.3	742.8	742.9	743.0	743.4	743.5	744.0	744.2	744.8	745.1	745.7	745.8	746.0	746.6	746.5	746.6	746.7	747.4	747.3
28	47.9	48	48.2	48.8	49	49.2	49.3	49.4	49.6	49.9	49.9	50.1	50.4	50.6	50.5	50.5	50.2	50	49.7	49.4	48.9	48.4	47.5	46.5	49.25	49.25		747.9	748.0	748.2	748.8	749.0	749.2	749.3	749.4	749.6	749.9	749.9	750.1	750.4	750.6	750.5	750.5	750.2	750.0	749.7	749.4	748.9	748.4	747.5	746.5
29	45.4	44.6	44.4	43.8	42.7	41.6	41.5	41.4	40.5	40.1	39.8	39.5	38.8	38.6	38.6	39.1	39.2	39.5	39.9	40.5	40.9	41.5	41.8	42.4	41.09	41.09		745.4	744.6	744.4	743.8	742.7	741.6	741.5	741.4	740.5	740.1	739.8	739.5	738.8	738.6	738.6	739.1	739.2	739.5	739.9	740.5	740.9	741.5	741.8	742.4
30	42.7	43.5	44.5	45.1	45.5	45.7	45.9	46.5	46.8	47.6	47.7	47.8	48.3	48.6	48.6	49	49	49	49.1	49.1	49.1	49.1	48.5	48.4	47.3	47.30		742.7	743.5	744.5	745.1	745.5	745.7	745.9	746.5	746.8	747.6	747.7	747.8	748.3	748.6	748.6	749.0	749.0	749.0	749.1	749.1	749.1	749.1	748.5	748.4
31	48.2	47.4	46.9	45.7	45.1	44.1	43.7	43	42.5	43	43.3	43.3	43.7	43.7	43.8	44.3	44.4	44.4	44.4	44.1	44	43.9	43.7	43.5	44.34	44.34		748.2	747.4	746.9	745.7	745.1	744.1	743.7	743.0	742.5	743.0	743.3	743.3	743.7	743.7	743.8	744.3	744.4	744.4	744.4	744.1	744.0	743.9	743.7	743.5
Mean	41.87	41.82	41.83	41.72	41.67	41.64	41.7	41.83	42.01	42.33	42.38	42.64	42.76	42.74	42.81	42.81	42.72	42.65	42.65	42.56	42.43	42.35	42.31	42.17	42.27	42.27																									
	41.86	41.82	41.83	41.72	41.67	41.64	41.70	41.83	42.00	42.33	42.38	42.64	42.75	42.58	42.81	42.80	42.72	42.65	42.65	42.58	42.43	42.35	42.31	42.16	42.27	42.26																									
	ILLE PETERMANN  NOVEMBER 1909   mm																																																		
DATE	1	2	3	4	5	6	7	8	9	10	11	12	13	14	15	16	17	18	19	20	21	22	23	24	MEAN		DATE	1	2	3	4	5	6	7	8	9	10	11	12	13	14	15	16	17	18	19	20	21	22	23	24
1	42.8	42.6	42.4	41.5	41.3	40.8	40.8	40.6	40.6	41.8	42.3	42.7	42.7	43.5	44.4	44.8	45.4	46	46.3	46.8	47.3	47.6	47.7	47.8	43.77	43.77		742.8	742.6	742.4	741.5	741.3	740.8	740.8	740.6	740.6	741.8	742.3	742.7	742.7	743.5	744.4	744.8	745.4	746.0	746.3	746.8	747.3	747.6	747.7	747.8
2	47.7	47.6	47.6	47.5	47.2	46.6	45.9	45.3	44.8	43.1	42.4	41.7	40.8	40	39.3	38.3	37.4	36.8	36.4	36.3	36	35.9	35.8	35.8	41.51	41.51		747.7	747.6	747.6	747.5	747.2	746.6	745.9	745.3	744.8	743.1	742.4	741.7	740.8	740.0	739.3	738.3	737.4	736.8	736.4	736.3	736.0	735.9	735.8	735.8
3	35	35	35	35.1	35.3	35.7	35.8	35.2	35.2	34.8	34.5	34.6	34.7	34.8	34.8	34.9	34.8	33.9	32.6	31.8	30.8	30.4	30.3	31	34	34.00		735.0	735.0	735.0	735.1	735.3	735.7	735.8	735.2	735.2	734.8	734.5	734.6	734.7	734.8	734.8	734.9	734.8	733.9	732.6	731.8	730.8	730.4	730.3	731.0
4	31	31.1	31	30.9	30	29.6	28.6	28.3	28.9	30.1	31.1	32.4	34.2	35.8	36	36	36.7	37.5	38.1	39	39.7	40.5	41.6	41.7	34.16	34.16		731.0	731.1	731.0	730.9	730.0	729.6	728.6	728.3	728.9	730.1	731.1	732.4	734.2	735.8	736.0	736.0	736.7	737.5	738.1	739.0	739.7	740.5	741.6	741.7
5	42	42.1	42.1	41.9	42	41.9	42.1	42.1	41.9	41.1	40.8	39.6	38.8	38.6	37.4	36.4	34.6	34.3	33.3	33.1	32.4	32.3	32.5	33.5	38.2	38.20		742.0	742.1	742.1	741.9	742.0	741.9	742.1	742.1	741.9	741.1	740.8	739.6	738.8	738.6	737.4	736.4	734.6	734.3	733.3	733.1	732.4	732.3	732.5	733.5
6	35	36.6	37.6	38.3	38.6	38.7	38.8	38.9	38.9	39	38.9	38.8	38.8	38.8	39	39.6	40.1	40.2	40.8	41.1	41.4	41.5	42.5	44.1	39.42	39.42		735.0	736.6	737.6	738.3	738.6	738.7	738.8	738.9	738.9	739.0	738.9	738.8	738.8	738.8	739.0	739.6	740.1	740.2	740.8	741.1	741.4	741.5	742.5	744.1
7	45.1	45.6	45.9	46.6	46.7	46.5	46.5	46.1	46	45.7	45.5	44.7	44	42.8	41.5	40.6	39.5	37	36.8	36.3	36.5	36.3	36.2	35.8	42.26	42.26		745.1	745.6	745.9	746.6	746.7	746.5	746.5	746.1	746.0	745.7	745.5	744.7	744.0	742.8	741.5	740.6	739.5	737.0	736.8	736.3	736.5	736.3	736.2	735.8
8	35.6	35.5	34.9	34.6	34.6	34.6	34.7	35.6	35.9	36.8	37.3	38.2	39.1	40	40.7	41.7	42.6	43.5	44.3	45.3	46.2	47.1	47.8	48.6	39.81	39.80		735.6	735.5	734.9	734.6	734.6	734.6	734.7	735.6	735.9	736.8	737.3	738.2	739.1	740.0	740.7	741.7	742.6	743.5	744.3	745.3	746.2	747.1	747.8	748.6
9	49.6	50.5	51.5	51.9	52.5	52.9	53.7	53.8	54.1	54.3	54.4	55.1	55.4	55.4	55	55	55.2	54.5	54.5	53.4	53.1	52	51	50.1	53.29	53.29		749.6	750.5	751.5	751.9	752.5	752.9	753.7	753.8	754.1	754.3	754.4	755.1	755.4	755.4	755.0	755.0	755.2	754.5	754.5	753.4	753.1	752.0	751.0	750.1
10	49.1	47.9	47.1	46.3	46.1	45.5	45.2	44.8	43.9	43.3	42.4	42.2	41.4	41.4	40.6	40.6	40.9	40.7	40.5	40.4	40.2	39.4	39.2	38.9	42.84	42.83		749.1	747.9	747.1	746.3	746.1	745.5	745.2	744.8	743.9	743.3	742.4	742.2	741.4	741.4	740.6	740.6	740.9	740.7	740.5	740.4	740.2	739.4	739.2	738.9
11	38.4	37.6	37.4	37.2	36.6	36.3	35.6	35.2	34.5	34.5	34.5	34.4	34.5	34.7	34.6	34.3	34.1	34.1	34	34	34.1	34	34.1	34.2	35.12	35.12		738.4	737.6	737.4	737.2	736.6	736.3	735.6	735.2	734.5	734.5	734.5	734.4	734.5	734.7	734.6	734.3	734.1	734.1	734.0	734.0	734.1	734.0	734.1	734.2
12	34.4	34.5	34.6	34.7	34.8	35.1	35.1	35.5	35.7	36.1	36.5	36.9	37.3	37.8	37.7	38	38.7	39.6	39.6	40.5	41	41.8	42.6	42.8	37.56	37.55		734.4	734.5	734.6	734.7	734.8	735.1	735.1	735.5	735.7	736.1	736.5	736.9	737.3	737.8	737.7	738.0	738.7	739.6	739.6	740.5	741.0	741.8	742.6	742.8
13	43.2	43.4	43.9	44.7	45.3	45.9	46.2	47	47.3	47.9	48.4	49	49.3	49.5	49.7	50.7	50.7	50.8	51	51	51.3	51.2	51.2	51.5	48.34	48.34		743.2	743.4	743.9	744.7	745.3	745.9	746.2	747.0	747.3	747.9	748.4	749.0	749.3	749.5	749.7	750.7	750.7	750.8	751.0	751.0	751.3	751.2	751.2	751.5
14	51.5	51.5	51.6	51.4	51.6	51.7	51.9	52.1	52.2	52.2	52.3	52	52	51.9	51.8	51.8	51.6	51.4	51.6	51.1	50.9	50.9	50.4	50.3	51.57	51.57		751.5	751.5	751.6	751.4	751.6	751.7	751.9	752.1	752.2	752.2	752.3	752.0	752.0	751.9	751.8	751.8	751.6	751.4	751.6	751.1	750.9	750.9	750.4	750.3
15	50.4	50.3	50.7	50.9	51.3	51.5	51.5	51.8	51.7	52.5	52.8	53.1	53.4	53.4	53.4	53.5	53.4	53.1	53.1	53	52.8	52.6	52.6	52.4	52.3	52.30		750.4	750.3	750.7	750.9	751.3	751.5	751.5	751.8	751.7	752.5	752.8	753.1	753.4	753.4	753.4	753.5	753.4	753.1	753.1	753.0	752.8	752.6	752.6	752.4
16	52	51.7	51.7	51.6	51.3	51	50.7	50.3	49.7	49.7	49	48.7	48.4	48.1	47.5	47.1	46.7	46.3	46	46	45.2	45.2	44.8	44.8	48.48	48.48		752.0	751.7	751.7	751.6	751.3	751.0	750.7	750.3	749.7	749.7	749.0	748.7	748.4	748.1	747.5	747.1	746.7	746.3	746.0	746.0	745.2	745.2	744.8	744.8
17	45.2	45.2	45.5	45.6	46	46.5	46.5	46.5	46.5	46.5	46.5	46.5	46.6	46.7	46.7	46.7	47	47	47.2	47.3	47	46.7	46.7	46.8	46.48	46.48		745.2	745.2	745.5	745.6	746.0	746.5	746.5	746.5	746.5	746.5	746.5	746.5	746.6	746.7	746.7	746.7	747.0	747.0	747.2	747.3	747.0	746.7	746.7	746.8
18	46.8	47	47	47.2	47.5	47.7	47.7	48	48	48.1	48.2	48.2	48.2	48.2	48.4	48.5	48.4	48.4	48.5	48.5	48.5	48.3	48.3	48.1	47.99	47.99		746.8	747.0	747.0	747.2	747.5	747.7	747.7	748.0	748.0	748.1	748.2	748.2	748.2	748.2	748.4	748.5	748.4	748.4	748.5	748.5	748.5	748.3	748.3	748.1
19	47.9	47.7	47.1	46.4	45.9	44.8	44	42.6	40.8	40.3	38.8	36.6	34.6	33.8	32.8	31.7	31	30.4	30.4	30.8	30.8	31	31.1	31.2	37.61	37.60		747.9	747.7	747.1	746.4	745.9	744.8	744.0	742.6	740.8	740.3	738.8	736.6	734.6	733.8	732.8	731.7	731.0	730.4	730.4	730.8	730.8	731.0	731.1	731.2
20	31.3	31.4	31.6	31.7	32	32	32	32	31.9	31.9	31.9	31.9	31.9	32	32	32.1	32.1	32	32	32.3	32.5	32.5	32.7	32.8	32.02	32.02		731.3	731.4	731.6	731.7	732.0	732.0	732.0	732.0	731.9	731.9	731.9	731.9	731.9	732.0	732.0	732.1	732.1	732.0	732.0	732.3	732.5	732.5	732.7	732.8
21	32.9	33	33.1	33.2	33.4	33.7	33.9	34.4	34.6	34.8	35.1	35.5	35.8	36	36	36	36.2	35.9	35.8	35.7	35.5	35	34.6	33.9	34.75	34.75		732.9	733.0	733.1	733.2	733.4	733.7	733.9	734.4	734.6	734.8	735.1	735.5	735.8	736.0	736.0	736.0	736.2	735.9	735.8	735.7	735.5	735.0	734.6	733.9
22	33.6	32.7	32.1	31.5	30.7	29.7	29.6	28.5	27.7	27.5	27.4	27.3	27.3	27.5	27.5	27.4	27.5	27.5	27.5	27.6	27.6	27.8	27.9	28	28.73	28.73		733.6	732.7	732.1	731.5	730.7	729.7	729.6	728.5	727.7	727.5	727.4	727.3	727.3	727.5	727.5	727.4	727.5	727.5	727.5	727.6	727.6	727.8	727.9	728.0
23	28	28	28.1	28.3	28.5	28.5	28.6	28.8	29	29	29.1	29.3	29.3	29.4	29.5	29.6	29.6	29.6	29.6	29.6	29.7	29.9	30.1	30.2	29.14	29.14		728.0	728.0	728.1	728.3	728.5	728.5	728.6	728.8	729.0	729.0	729.1	729.3	729.3	729.4	729.5	729.6	729.6	729.6	729.6	729.6	729.7	729.9	730.1	730.2
24	30.3	30.5	30.7	31	31.6	32	32.6	32.7	33.7	34	34.4	34.8	35.3	35.9	36.4	36.9	37.6	37.9	38.4	38.6	39	39.5	39.8	39.9	35.15	35.15		730.3	730.5	730.7	731.0	731.6	732.0	732.6	732.7	733.7	734.0	734.4	734.8	735.3	735.9	736.4	736.9	737.6	737.9	738.4	738.6	739.0	739.5	739.8	739.9
25	40.4	40.7	41	41.6	41.6	41.7	41.7	41.9	41.9	41.8	41.8	41.5	41.4	41.1	41	40.7	40.6	40.3	39.8	39.6	39.6	39.6	39.6	39.6	40.86	40.85		740.4	740.7	741.0	741.6	741.6	741.7	741.7	741.9	741.9	741.8	741.8	741.5	741.4	741.1	741.0	740.7	740.6	740.3	739.8	739.6	739.6	739.6	739.6	739.6
26	39.5	39.5	39.5	39.5	39.4	39.3	39.3	39.3	39.3	39.1	39.1	39.2	39.2	39.2	39.2	39.2	39.1	39.1	39.1	39.1	39.1	39.2	39.2	39.1	39.24	39.24		739.5	739.5	739.5	739.5	739.4	739.3	739.3	739.3	739.3	739.1	739.1	739.2	739.2	739.2	739.2	739.2	739.1	739.1	739.1	739.1	739.1	739.2	739.2	739.1
27																																																			
28																																																			
29																																																			
30																																																			
31																																																			
Mean	40.72	40.74	40.79	40.81	40.84	40.78	40.73	40.66	40.56	40.61	40.59	40.57	40.55	40.63	40.49	40.46	40.44	40.34	40.27	40.31	40.31	40.31	40.39	40.49	40.56	40.56																									
	40.72	40.74	40.80	40.81	40.84	40.78	40.73	40.67	40.57	40.61	40.59	40.57	40.55	40.63	40.50	40.47	40.44	40.30	40.28	40.32	40.32	40.32	40.40	40.50	40.56	40.56																									
	ILLE PETERMANN  JANUARY 1910   mm																																																		
DATE	1	2	3	4	5	6	7	8	9	10	11	12	13	14	15	16	17	18	19	20	21	22	23	24	MEAN		DATE	1	2	3	4	5	6	7	8	9	10	11	12	13	14	15	16	17	18	19	20	21	22	23	24
1																																																			
2																																																			
3																																																			
4	41.5	41.6	41.7	41.9	42.1	42.3	42.4	42.5	42.5	42.5	42.8	42.8	43.2	43.1	42.8	42.5	42	41.6	41.4	41	40.9	40.4	39	39	41.90	41.81		741.5	741.6	741.7	741.9	742.1	742.3	742.4	742.5	742.5	742.5	742.8	742.8	743.2	743.1	742.8	742.5	742.0	741.6	741.4	741.0	740.9	740.4	739.0	739.0
5	38.7	38.7	38.7	38.9	40.2	40.3	40.7	40.9	41.1	41.4	41.7	41.7	41.9	42.2	42.3	42.8	42.9	43.2	43.8	44	44.4	44.6	45.1	45.1	41.89	41.89		738.7	738.7	738.7	738.9	740.2	740.3	740.7	740.9	741.1	741.4	741.7	741.7	741.9	742.2	742.3	742.8	742.9	743.2	743.8	744.0	744.4	744.6	745.1	745.1
6	45.4	45.5	45.6	46	46.4	46.5	46.8	47.3	47.7	47.9	48.3	48.7	49.1	49.5	49.7	49.9	50.2	50.4	50.4	50.4	50.4	50.3	50.2	50.2	48.45	48.45		745.4	745.5	745.6	746.0	746.4	746.5	746.8	747.3	747.7	747.9	748.3	748.7	749.1	749.5	749.7	749.9	750.2	750.4	750.4	750.4	750.4	750.3	750.2	750.2
7	49.7	49.4	47.5	46.7	47.1	46.3	45.5	44.7	43.5	43.1	41.9	41.4	41.4	41.4	41.3	41.3	41.2	40.8	40.7	40.4	40.2	39.8	39.7	39.1	43.09	43.09		749.7	749.4	747.5	746.7	747.1	746.3	745.5	744.7	743.5	743.1	741.9	741.4	741.4	741.4	741.3	741.3	741.2	740.8	740.7	740.4	740.2	739.8	739.7	739.1
8	39	38.8	38.8	38.8	38.6	38.6	38.2	37.8	37.2	36.8	36.4	36	35.6	35.4	35	34.8	34.5	34.3	33.9	33.8	33.7	33.6	33.5	33.5	36.11	36.11		739.0	738.8	738.8	738.8	738.6	738.6	738.2	737.8	737.2	736.8	736.4	736.0	735.6	735.4	735.0	734.8	734.5	734.3	733.9	733.8	733.7	733.6	733.5	733.5
9	33.4	33.4	33.4	33.3	33.2	33.2	33.2	33.2	33.2	33.4	33.4	33.7	34	34.4	34.8	34.9	34.9	35.1	35.3	35.4	35.6	35.8	35.8	36.1	34.27	34.25		733.4	733.4	733.4	733.3	733.2	733.2	733.2	733.2	733.2	733.4	733.4	733.7	734.0	734.4	734.8	734.9	734.9	735.1	735.3	735.4	735.6	735.8	735.8	736.1
10	36.4	36.6	36.8	37.2	37.4	37.8	38	38.2	38.3	38.4	38.9	39	39.1	39.4	39.7	39.7	40	40.1	40.4	40.5	40.5	40.5	40.7	40.8	38.93	38.93		736.4	736.6	736.8	737.2	737.4	737.8	738.0	738.2	738.3	738.4	738.9	739.0	739.1	739.4	739.7	739.7	740.0	740.1	740.4	740.5	740.5	740.5	740.7	740.8
11	40.8	40.8	40.8	40.8	40.8	40.7	40.7	40.6	40.6	40.5	40.6	40.6	40.6	40.6	40.5	40.5	40.4	40.2	40.2	40	39.8	39.8	39.8	39.8	40.44	40.44		740.8	740.8	740.8	740.8	740.8	740.7	740.7	740.6	740.6	740.5	740.6	740.6	740.6	740.6	740.5	740.5	740.4	740.2	740.2	740.0	739.8	739.8	739.8	739.8
12	39.8	39.8	39.8	39.8	39.8	39.7	39.7	39.6	39.6	39.6	39.7	39.8	40	40.3	40.6	40.8	40.8	41	41	41.2	41.7	42	42.1	42.2	40.43	40.43		739.8	739.8	739.8	739.8	739.8	739.7	739.7	739.6	739.6	739.6	739.7	739.8	740.0	740.3	740.6	740.8	740.8	741.0	741.0	741.2	741.7	742.0	742.1	742.2
13	42.7	42.9	43	43.2	43.7	43.9	44.1	44.3	44.3	44.3	44.2	44	43.8	43.8	43.7	43.7	43.5	43.5	43.2	42.9	42.6	42.3	42	41.9	43.4	43.40		742.7	742.9	743.0	743.2	743.7	743.9	744.1	744.3	744.3	744.3	744.2	744.0	743.8	743.8	743.7	743.7	743.5	743.5	743.2	742.9	742.6	742.3	742.0	741.9
14	41	40.6	40.3	40	39.6	39.4	39.2	38.8	38.4	38	37.9	37.8	37.7	37.7	37.6	37.6	37.5	37.4	37.4	37.3	37.3	37.3	36.8	36.3	38.29	38.29		741.0	740.6	740.3	740.0	739.6	739.4	739.2	738.8	738.4	738.0	737.9	737.8	737.7	737.7	737.6	737.6	737.5	737.4	737.4	737.3	737.3	737.3	736.8	736.3
15																																																			
16																																																			
17																																																			
18																																																			
19																																																			
20																																																			
21																																																			
22																																																			
23																																																			
24																																																			
25																																																			
26																																																			
27																																																			
28																																																			
29																																																			
30																																																			
31																																																			
Mean																																																			
	40.76	40.74	40.58	40.60	40.81	40.79	40.77	40.72	40.58	40.54	40.53	40.50	40.58	40.71	40.73	40.77	40.72	40.69	40.70	40.63	40.65	40.58	40.43	40.36	40.65	40.64																									
