		"VOYAGE TO CHINA, JAMES CUNNINGHAM"						

YEAR	MONTH	DAY	THERMOMETER	BAROMETER	LAT	N	LONG	E
			Alt. Below	Philof. Barom.		or	E from	or
			extreme heat	Altitude		S	St. Jago	W
1700	1	31	5.0		1.26	N	6.16	E
1700	2	1	4.0		1.18	N	6.11	E
1700	2	2	5.0		1.14	N	6.13	E
1700	2	3	5.0		1.07	N	5.57	E
1700	2	4	2.0		0.27	N	5.49	E
1700	2	5	4.0		0	N	5.44	E
1700	2	6	4.0		0.3	S	5.35	E
1700	2	7	5.0		1.46	S	5.08	E
1700	2	8	4.5		3	S	4.56	E
1700	2	9	5.0		4.29	S	4.19	E
1700	2	10	5.0		5.57	S	3.54	E
1700	2	11	6.0		7.1	S	3.05	E
1700	2	12	6.0		8.46	S	2.22	E
1700	2	13	8.0		10.29	S	1.37	E
1700	2	14	7.0		12.05	S	1.2	E
1700	2	15	7.5		13.44	S	1.1	E
1700	2	16	7.5		15.09	S	1.1	E
1700	2	17	8.0		16.32	S	1.14	E
1700	2	18	8.5		18.01	S	1.19	E
1700	2	19	7.5		19.14	S	1.29	E
1700	2	20	8.0		20.05	S	1.15	E
1700	2	21	7.0		21.16	S	1.35	E
1700	2	22	7.0		22.23	S	1.54	E
1700	2	23	5.0		23.47	S	2.39	E
1700	2	24	5.0		24.21	S	3.28	E
1700	2	25	6.5		26.38	S	4.09	E
1700	2	26	6.5		29.49	S	4.52	E
1700	2	27	8.0		29.16	S	6.07	E
1700	2	28	8.0		30.01	S	7.34	E
1700	2	29	10.5		31.26	S	10.2	E
1700	3	1	12.5	8.0	31.1	S	11.49	E
1700	3	2	13.0	10.0	31.16	S	13.57	E
1700	3	3	17.5	14.0	31.13	S	16.04	E
1700	3	4	23.5	18.0	30.26	S	17.51	E
1700	3	5	26.0	19.5	30.58	S	17.17	E
1700	3	6	24.0	20.0	32.07	S	17.08	E
1700	3	7	23.0	26.0	33.06	S	16.54	E
1700	3	8	32.0	32.0	33.14	S	18.26	E
1700	3	9	33.0	38.5	32.43	S	19.19	E
1700	3	10	29.0	34.0	32.27	S	21.13	E
1700	3	11	29.0	32.5	32.01	S	22.32	E
1700	3	12	28.5	33.5	32.36	S	22.23	E
1700	3	13	27.0	34.0	33.42	S	22.42	E
1700	3	14	26.0	31.0	34.08	S	23.22	E
1700	3	15	26.0	30.0	34.19	S	25.2	E
1700	3	16	24.0	30.0	34.36	S	27.45	E
1700	3	17	25.0	30.0	34.54	S	29.48	E
1700	3	18	25.5	30.0	34.59	S	33.27	E
1700	3	19	34.0	38.0	34.44	S	36.25	E
1700	3	20	26.0	31.5	34.22	S	37.45	E
1700	3	21	28.0	33.0	34.29	S	39.04	E
1700	3	22	37.0	42.0	34.08	S	41.31	E
1700	3	23	39.0	36.0	34.35	S	43.41	E
1700	3	24	26.5	32.0	34.08	S	45.06	E
1700	3	25	27.0	30.5	33.58	S	47.02	E
1700	3	26	25.5	26.5	33.35	S	48.32	E
1700	3	27	27.0	29.0	33.51	S	49.56	E
1700	3	28	35.5	30.5	34.03	S	50.36	E
1700	3	29	33.0	34.5	34.03	S	50.36	E
1700	3	30	30.0	31.0	34.03	S	50.36	E
1700	3	31	26.0	25.0	34.03	S	50.36	E
1700	4	1			Cape of	S		E
1700	4	2			Good Hope	S		E
1700	4	3				S		E
1700	4	4				S		E
1700	4	5				S		E
1700	4	6				S		E
1700	4	7				S		E
1700	4	8	30.5	34.0		S		E
1700	4	9				S		E
1700	4	10				S		E
							LONG	
							from Cape of	
							Good Hope	
1700	4	11	31.0	29.0	34.45	S	0.43	W
1700	4	12	26.0	28.0	35.01	S	0.25	W
1700	4	13	33.0	42.5	35.3	S	0.08	W
1700	4	14	34.5	44.5	36.52	S	0.36	W
1700	4	15	25.5	29.0	37.51	S	0.13	W
1700	4	16	27.0	31.5	37.57	S	1.03	E
1700	4	17			37.41	S	2.38	E
1700	4	18	31.0	38.0	38.45	S	3.29	E
1700	4	19	26.0	34.0	39.53	S	4.5	E
1700	4	20	31.0	39.0	40.42	S	5.58	E
1700	4	21	32.5	34.0	41.06	S	7.49	E
1700	4	22	40.0	45.5	39.52	S	10.06	E
1700	4	23	38.0	44.0	38.51	S	11.34	E
1700	4	24	32.0	33.5	39.09	S	11.5	E
1700	4	25	39.5	41.0	39.14	S	14.37	E
1700	4	26	46.0	55.0	38	S	17.06	E
1700	4	27	36.0	45.0	37.41	S	19.1	E
1700	4	28	31.0	37.0	37.45	S	21.35	E
1700	4	29	25.0	36.0	37.37	S	23.32	E
1700	4	30	23.0	33.0	37.3	S	23.57	E
1700	5	1	33.0	42.0	37.58	S	25.24	E
1700	5	2	32.0	45.0	38.16	S	27	E
1700	5	3	32.0	40.0	38.47	S	29.4	E
1700	5	4	30.0	31.5	38.5	S	33.2	E
1700	5	5	37.0	37.0	38.43	S	36.2	E
1700	5	6	38.5	45.5	38.35	S	39.54	E
1700	5	7	38.5	45.5	38.17	S	42.07	E
1700	5	8	46.5	53.0	37.49	S	45.51	E
1700	5	9	35.0	40.0	38.48	S	49.19	E
1700	5	10	32.0	39.0	38.3	S	52.41	E
1700	5	11	35.0	46.0	38.09	S	56.08	E
1700	5	12	32.0	42.0	37.25	S	58.16	E
1700	5	13	33.5	47.5	37.25	S	59.11	E
1700	5	14	34.0	45.5	37.1	S	60.54	E
1700	5	15	30.0	38.5	37.13	S	63.29	E
1700	5	16	34.0	41.0	36.53	S	65.04	E
1700	5	17		36.5	36.48	S	68.14	E
1700	5	18		41.0	36.56	S	71.12	E
1700	5	19	35.5	41.0	36	S	74.16	E
1700	5	20	31.0	34.0	35.01	S	76.39	E
1700	5	21	32.5	37.0	34.07	S	78.32	E
1700	5	22	27.0	35.5	33.07	S	81.05	E
1700	5	23	28.5	24.5	32.53	S	83.36	E
1700	5	24	35.0	33.0	31.35	S	85.13	E
1700	5	25	29.5	30.5	30.11	S	86.28	E
1700	5	26	31.0	34.5	29.27	S	87.06	E
1700	5	27	31.0	35.0	28.01	S	87.59	E
1700	5	28	30.0	33.0	25.55	S	89.24	E
1700	5	29	27.0	20.0	23.59	S	90.29	E
1700	5	30	25.0	24.0	22.49	S	91.32	E
1700	5	31	22.0	22.0	21.23	S	92.42	E
1700	6	1	19.0	19.0	19.54	S	93.2	E
1700	6	2	17.0	17.0	18.02	S	94.1	E
1700	6	3	14.0	13.0	16.3	S	94.55	E
1700	6	4	12.0	10.0	15.02	S	95.15	E
1700	6	5	7.5	7.0	13.4	S	95.34	E
1700	6	6	5.0	3.0	13.01	S	95.42	E
1700	6	7	5.0	3.0	12.59	S	95.56	E
1700	6	8	5.0	3.0	12.26	S	96.17	E
1700	6	9	5.5	1.0	11.43	S	96.2	E
1700	6	10	5.0	1.0	11.1	S	96.34	E
1700	6	11	4.0	0.0	10.18	S	96.54	E
1700	6	12	5.0	1.0	8.45	S	97.37	E
1700	6	13	5.5	1.0	7.52	S	97.21	E
1700	6	14	4.5	0.0	7.23	S	95.56	E
1700	6	15	5.0	0.0	6.45	S	95.16	E
1700	6	16	4.0	0.0	Betwixt	S		
1700	6	17	2.5	0.0	Java Head	S		
1700	6	18	2.0	0.0	and 	S		
1700	6	19	2.0	0.0	Batavia	S		
1700	6	20	1.0	0.0		S		
1700	6	21	1.0	0.0		S		
							LONG	
							from	
							Batavia	
1700	6	22	1.5	0.0		S	0.05	W
1700	6	23	4.5	0.0	5.27	S	0.47	E
1700	6	24	2.0	0.0	5.24	S	1.48	E
1700	6	25	3.0	0.0	5.51	S	1.55	E
1700	6	26	6.5	2.5	6.12	S	1.51	E
1700	6	27	5.0	0.0	6.16	S	1.59	E
1700	6	28	5.0	0.0	6.2	S	2.02	E
1700	6	29	5.0	0.0	6.21	S	2.18	E
1700	6	30	5.0	0.0	6.29	S	2.33	E
1700	7	1	4.0	0.0	6.44	S	2.43	E
1700	7	2	4.5	0.0	6.39	S	2.55	E
1700	7	3	3.5	0.0	6.35	S	3.34	E
1700	7	4	3.5	0.0	6.3	S	3.49	E
1700	7	5	5.0	0.0	6.35	S	3.49	E
1700	7	6	8.0	2.0	6.12	S	1.07	E
1700	7	7	6.0	0.0	6.21	S	1.28	E
1700	7	8	6.0	0.0	6.22	S	1.43	E
1700	7	9	6.0	1.0	6.28	S	5.13	E
1700	7	10	8.5	3.0	6.5	S	5.37	E
1700	7	11	6.0	0.0	6.44	S	5.47	E
1700	7	12	5.0	0.5	6.23	S	6.05	E
1700	7	13	5.0	0.0	6.05	S	6.17	E
1700	7	14	6.0	2.0	5.1	S	6.54	E
1700	7	15	4.0	0.0	4.2	S	7.09	E
1700	7	16	5.0	0.0	4.08	S	7.27	E
1700	7	17	5.0	0.0	4	S	7.3	E
1700	7	18	8.0	4.0	4	S	7.3	E
1700	7	19	7.5	1.0	4	S	7.3	E
1700	7	20	6.0	0.0	4.15	S	7.06	E
1700	7	21	5.0	0.0	4.51	S	5.08	E
1700	7	22	2.5	0.0	4.59	S	3.12	E
1700	7	23	4.0	0.0	4.45	S	1.25	E
1700	7	24	7.0	4.0	4.09	S	0.17	E
1700	7	25	5.0	0.0	4.01	S	0.013	E
1700	7	26	1.5	0.0	3.32	S		
1700	7	27	3.0	0.0		S		
1700	7	28	5.0	0.0		S		
1700	7	29	4.5	0.0	1.59	S		
1700	7	30	4.0	0.0	0.31	S		
							LONG	
							from Pulo	
							Condore	
1700	7	31	4.0	0.0	1.25	N		
1700	8	1	2.5	0.0	3.19	N	1.36	W
1700	8	2	1.0	0.0	5.07	N	0.52	W
1700	8	3	1.0	0.0	6.04	N	0.25	W
1700	8	4	1.0	0.0	7.47	N	0.08	E
1700	8	5	3.5	0.0	9.16	N	1.25	E
1700	8	6	1.0	0.0	10.14	N	3.07	E
1700	8	7	1.0	0.0	12.04	N	4.33	E
1700	8	8	1.0	0.0	14.05	N	5.58	E
1700	8	9	1.5	0.0	16.15	N	7.02	E
1700	8	10	2.5	0.0	18.14	N	7.2	E
1700	8	11	1.5	0.0	19.49	N	7.12	E
1700	8	12	0.5	0.0	21.17	N	7.02	E
1700	8	13	1.5	0.0	21.58	N	7.36	E
1700	8	14	-1.0	0.0	22.15	N	7.47	E
1700	8	15	1.0	0.0	22.18	N	8.09	E
1700	8	16	0.0	0.0	22.32	N	8.43	E
1700	8	17	0.5	0.0	23.1	N	9.46	E
1700	8	18	1.5	0.0	23.32	N	10.04	E
1700	8	19	2.5	0.0	23.56	N	10.18	E
1700	8	20	4.0	0.0	24.12	N	10.28	E
1700	8	21	1.0	0.0	24.22	N	10.43	E
1700	8	22	3.0	0.0	24.32	N	11.01	E
1700	8	23	4.5	0.0	24.47	N	11.15	E
1700	8	24	6.0	0.0	24.56	N	11.28	E
1700	8	25	5.0	0.0	25.09	N	11.38	E
1700	8	26	6.0	0.0	25.09	N	12.08	E
1700	8	27	5.0	0.0	25.07	N	12.2	E
1700	8	28	5.0	0.0	25.29	N	11.5	E
1700	8	29	4.0	0.0	25.37	N	12.02	E
1700	8	30	3.5	0.0	25.49	N	11.47	E
1700	8	31	2.0	0.0	26.02	N	11.53	E
1700	9	1	0.5	0.0	26.05	N	11.56	E
1700	9	2				N		E
1700	9	3				N		E
1700	9	4				N		E
1700	9	5				N		E
1700	9	6				N		E
1700	9	7				N		E
1700	9	8				N		E
1700	9	9	3.0	0.0	25.44	N	12.38	E
1700	9	10	3.5	0.0	26.11	N	12.13	E
1700	9	11	5.0	0.0	26.11	N	12.47	E
1700	9	12	4.5	0.0	26.22	N	12.37	E
1700	9	13	8.5	0.0	26.26	N	12.4	E
1700	9	14	6.5	0.0	26.37	N	12.59	E
1700	9	15	5.0	0.0	27.05	N	13.11	E
1700	9	16	7.0	0.0	26.55	N	14.01	E
1700	9	17	8.0	0.0	27.07	N	14.13	E
1700	9	18	10.0	7.5	27.26	N	14.13	E
1700	9	19	9.0	6.5	27.42	N	14.02	E
1700	9	20	7.5	4.0	27.46	N	14.25	E
1700	9	21	12.0	10.0	28.03	N	14.25	E
1700	9	22	15.0	12.5	27.49	N	15.31	E
1700	9	23	17.0	14.0	27.51	N	15.01	E
1700	9	24	14.0	13.0	27.53	N	16.26	E
1700	9	25	14.0	12.0	28.1	N	15.36	E
1700	9	26	13.5	13.0	28.47	N	15.04	E
1700	9	27	14.0	13.0	29.06	N	14.49	E
1700	9	28	15.5	17.0	28.55	N	15.09	E
1700	9	29	15.0	13.0	29.02	N	15.09	E
1700	9	30	15.0	17.0	29.43	N	15.19	E
1700	10	1			29.56	N	14.55	E
1700	10	2			29.56	N	14.55	E
1700	10	3				N		E
1700	10	4				N		E
1700	10	5				N		E
1700	10	6				N		E
1700	10	7				N		E
1700	10	8				N		E
1700	10	9				N		E
1700	10	10	20.0	20.0	29.56	N	14.55	E
1700	10	11	12.0	10.0	30.25	N	14.2	E
1700	10	12	17.0	15.0	30.25	N	14.2	E
1700	10	13	25.0	32.0		N		E
1700	10	14	24.0	30.0	30.25	N	14.2	E
1700	10	15	22.0	8.0				
1700	10	16	25.0	20.0				
1700	10	17	16.0	14.0				
1700	10	18	15.0	13.0				
1700	10	19	23.5	31.0				
1700	10	20	24.0	30.0				
1700	10	21	24.0	29.0				
1700	10	22	25.0	30.0				
1700	10	23	26.0	30.0				
1700	10	24	27.5	32.0				
1700	10	25	24.0	28.0				
1700	10	26	22.5	26.0				
1700	10	27	20.0	27.0				
1700	10	28	36.5	45.0				
1700	10	29	45.0	58.0				
1700	10	30	46.0	59.0
1700	10	31	47.0	65.0
