	"VOYAGE IN SEARCH OF LA PEROUSE, VOL II, M LABILLARDIERE"								
	TABLES OF THE ROUTE OF THE ESPERANCE:								

Pg. 73 of Appendix					"DIFFICULT TO READ, COULD BE MORE ERRORS THAN USUAL"				

YEAR	MONTH	DAY	HOUR	LAT	LAT	LONG	LONG	THERM	BAR
				OBSERVATION	COMPUTATION	OBSERVATION	COMPUTATION		PARIS LINES
1791	9	29	1200	47 41.20 N	47 43 N		9 36.40	15.0	"28 2,9"
		30	1200	47 7.30	47 2		10 24.18	16.0	"28 3,7"
	10	1	1200		46 46.30		10 59.30	16.0	"28 3,9"
		2	1200		46 35.10		10 56.18	16.1	"28 4,2"
		3	1200	45 46.36	45 59.20	10 23 W	10 38	16.2	"28 3,6"
		4	1200	45 36.38	45 38	11 14.24	11 17.10		"28 1,0"
		6	1200	42 49.58	43 3.18	13 58	13 47.36	14.4	"28 3,6"
		8	1200	38 23.29	38 27		16 24.12	16.5	"28 2,9"
		10	1200	34 8.53	34 4.14	17 25	17 48.14	16.0	"28 2,9"
		12	1200	29 26.18	29 32.38	18 53.10	18 36.36	17.1	"28 3,8"
		13	1200	28 29.55		18 38.32		20.2	"28 2,0"
		25	1200	25 22.9	25 21.36		19 24.32	19.0	"28 2,0"
		26	1200	23 33.59	23 41.2	20 16.36	19 59.36	19.5	"28 2,8"
		27	1200	21 32.45	21 24.38	20 59.46	20 44.10	19.5	"28 3,0"
		28	1200	19 58.47	20 3.19	21 56.30	21 7.12	19.0	"28 2,5"
		30	1200	17 52.48	17 53	22 24.12	21 29.38	19.8	"28 3,0"
	11	1	1200	14 56.49	14 52	23 19.54	21 37.40	21.0	"28 2,6"
		2	1200	13 6.19	13 5.44		21 25.38	22.0	"28 2,5"
		3	1200		12 8.18	22 35.45	21 12.19	21.8	"28 2,9"
		4	1200	10 23.49	10 26.2	21 28	20 10	22.2	"28 2,9"
		5	1200	9 6.36	9 6.19	21 6	19 16.19	22.8	"28 2,4"
		6	1200	9 7.00	8 55.36		19 24.36	22.8	"28 2,3"
		7	1200	9 1.8	8 59.38	20 53.45	19 15.18	22.5	"28 2,8"
		8	1200	8 23.5	8 22	20 38.10	18 49.30	22.3	"28 2,2"
		9	1200	7 49.38	7 43.14		18 2.12	22.5	"28 2,4"
		10	1200		7 9.48		19 19.17	21.7	"28 2,8"
		11	1200	7 1.36	6 47.32	19 49.50	18 6.34	21.9	"28 3,0"
		12	1200	6 45.29	6 53.38	19 46.12	18 4.18	22.9	"28 2,4"
		13	1200	6 9.34	6 19.25	19 49.10	18 6.12	22.9	"28 1,9"
		14	1200	6 00.46	5 56.26	19 47.14	18 8.37	23.0	"28 2,0"
		15	1200	5 52.54	5 44.34	19 46.24	18 14.50	22.5	"28 1,9"
		16	1200	5 32.56	5 31.19	20 6.18	18 27.36	22.9	"28 2,0"
		17	1200		5 13.40		18 59.8	22.5	"28 2,5"
		18	1200		5 3.46		19 7.4	22.0	"28 2,0"
		19	1200	5 3.29	4 42.58	20 12.45	18 47.3	22.0	"28 1,9"
		20	1200	4 42.26	4 41.19	19 26.36	18 34.10	22.0	"28 2,0"
		21	1200	4 30.38	4 23.38	18 38.24	18 8.37	21.3	"28 1,8"
		22	1200	4 28.39	4 17.39	18 5.18	18 7.12	21.8	"28 1,1"
		23	1200	3 49	3 30.46		18 45.10	22.0	"28 0,8"
		24	1200	3 16.55	2 59	20 49.13	19 56	21.6	"28 1,2"
		25	1200	2 58	2 53.34	22 6.12	20 54	21.9	"28 1,1"
		26	1200	2 5.37	2 1.55	23 19.36	21 33.4	21.5	"28 1,3"
		27	1200	1 20.19	1 17.57	24 19.20	22 14.7	21.7	"28 1,8"
		28	1200	0 30.55	0 36.35	25 17.13	22 38.49	21.2	"28 1,8"
		29	1200	0 39.12 S	0 26.12 S	26 19.36	23 19.30	21.3	"28 2,1"
		30	1200	1 32.49	1 34.19	27 12.18	24 6.10	21.2	"28 1,8"
	12	1	1200	2 34.49	2 34.20	28 12.17	24 36.10	21.2	"28 2,3"
		2	1200	3 52.25	3 49.35	29 4.18	24 59.38	21.3	"28 2,2"
		3	1200	5 10.26	5 4.26	30 8.3	25 29.37	21.0	"28 2,0"
		4	1200	6 28.35	6 15.54	30 42.36	25 56.14	21.4	"28 2,1"
		5	1200	7 34.31	7 24.34	30 58.14	26 2.6	21.5	"28 2,3"
		6	1200	9 2.36	8 57.19	31 19.26	26 5.12	21.5	"28 2,7"
		7	1200	10 34.26	10 24.25	31 43.40	26 24.36	21.6	"28 2,7"
		8	1200	11 43.12	11 38.56	31 38.17	25 59.38	21.0	"28 2,8"
		9	1200	12 46.33	12 33.18	31 8.14	25 28.34	20.7	"28 2,5"
		10	1200	14 14.24	14 4.25	30 29.38	24 38.39	20.5	"28 2,8"
		11	1200	15 42.46	15 41.26	29 43.12	23 43.39	20.5	"28 3,5"
		12	1200	16 56.13	16 47.48	29 6.38	23 6.32	20.5	"28 3,6"
		13	1200	18 6.20	17 56.28	28 38.40	22 39.42	20.3	"28 3,9"
		14	1200	19 9.36	19 6.34	28 19.34	22 26.10	20.2	"28 4,9"
		15	1200		20 32.19	28 26.12	22 26.18	20.3	"28 4,2"
		16	1200	22 16.27	22 3.59	28 38.44	22 27.12	20.4	"28 2,9"
		17	1200	23 48.14	23 27.13	29 15.36	22 54.10	19.5	"28 5,2"
		18	1200	25 20.32	25 9.24	29 27.18	23 19.4	19.0	"28 5,0"
		19	1200	26 35.17	26 32.27	29 29.4	23 7.14	19.4	"28 4,5"
		20	1200	27 28.29	27 18.59	28 18.38	22 8.3	19.4	"28 3,5"
		21	1200		28 6.44	25 43.10	19 48.2	19.0	"28 2,3"
		22	1200	28 49.48	28 32.59	24 6.36	18 9.4	19.3	"28 2,3"
		23	1200		28 33.36	22 44.34	16 49.3	18.0	"28 3,8"
		24	1200	27 49.58	27 57.28	22 9.36	16 23.6	17.6	"28 5,3"
		25	1200		28 19.34	22 26.18	16 44.7	18.6	"28 4,0"
		26	1200	29 33.54	29 16.36	22 54.18	17 22.18	17.0	"28 4,8"
		27	1200	30 44.49	30 42.54	22 38.17	17 16.18	16.7	"28 4,5"
		28	1200	31 16.24	30 53.54	21 56.14	16 26.19	17.5	"28 3,9"
		29	1200	31 32.54	31 23.24	19 49.38	14 34.17	17.8	"28 3,9"
		30	1200	31 49.33	31 38.44	17 45.17	12 46.14	17.8	"28 3,9"
		31	1200	32 6.17	32 4.32	15 44.12	10 58.13	17.6	"28 0,0"
1792	1	1	1200	32 19.55	31 22.34	13 34.39	9 4.8	17.7	"28 3,3"
		2	1200		32 28.38	9 35.27	7 9.13	17.7	"28 3,2"
		3	1200	32 42.43	32 35.44	9 8.49	4 59.12	18.0	"28 3,4"
		4	1200	32 49.34	32 42.24	7 12.17	3 14.8	18.0	"28 4,1"
		5	1200	32 55.46	32 51.38	5 59.14	2 14.7	17.9	"28 4,0"
		6	1200	32 56.40	32 52.37	4 17.12	0 39.18	17.8	"28 3,3"
		7	1200	32 55.40	32 48.12	1 11.10	2 26.19 E	18.0	"28 1,7"
		8	1200	32 58.17	32 56.34	1 53.36 E	5 23.36	18.4	"28 2,5"
		9	1200	32 57.36	32 3.24	4 3.18	7 2.34	18.1	"28 4,0"
		10	1200	33 00.24	32 58.56	4 46.19	7 35.39	18.4	"28 4,9"
		11	1200	32 47.36	30 2.14	5 17.34	7 14.36	19.0	"28 4,0"
		12	1200	32 55.24	33 3.24	7 14.19	9 49.14	18.8	"28 3,6"
		13	1200	32 52.12	32 59.12	8 53.48	11 34.42	17.0	"28 3,1"
		14	1200	33 14.54	33 2.26	10 44.17	13 12.48	18.0	"28 2,3"
		15	1200	33 36.30	33 40.10	12 6.16	14 32.14	18.3	"28 1,5"
		16	1200	34 3.29	34 8.18	15 37.10	17 3.12	16.5	"28 1,5"
	2	17	1200	34 8.54	34 17.4		16 8.34	15.0	"28 4,0"
		18	1200		34 12.3		15 33.10	15.5	"28 4,2"
		19	1200		34 38.44		16 24.18	18.2	"28 2,7"
		20	1200	34 46.19	35 52.42	17 24.36	18 14.36	17.0	"28 2,0"
		21	1200	34 59.16	35 9.16	19 27.48	19 38.47	19.0	"28 4,0"
		22	1200	34 55.54	34 54.14	20 8.45	20 19.58	19.0	"28 1,9"
		23	1200	34 35.19	34 48.50	22 12.4	22 17.54	18.0	"27 8,5"
		24	1200	34 16.12	34 17.52	24 42.10	25 26.12	17.1	"28 6,9"
		25	1200	34 12.00	33 55.12	24 18.13	25 16.4	18.5	"28 2,7"
		26	1200		35 9.14	26 4.20	24 48.00	19.9	"28 0,0"
		27	1200	35 24.10	35 5.10	27 3.32	27 24.00	19.0	"28 2,9"
		28	1200	35 18.46	35 22.4	28 22.34	28 8.14	18.4	"28 2,7"
		29	1200		35 35.43		29 46.32	19.5	"27 10,0"
	3	1	1200	35 16.36	35 22.54	32 59.4	32 57.34	15.8	"27 11,5"
		2	1200	34 45.34	34 59.26	35 43.36	36 13.24	18.0	"28 1,2"
		3	1200	34 32.00	34 32.14	38 14.18	38 16.54	18.5	"28 3,0"
		4	1200	34 35.37	34 38.44		40 18.12	18.0	"28 3,3"
		5	1200		34 40.54	42 22.12	42 8.3	17.1	"28 2,4"
		6	1200	34 41.52	34 42.34	43 36.44	43 34.2	18.7	"28 3,0"
		7	1200		34 41.36	44 3.35	44 8.13	17.0	"28 4,0"
		8	1200	35 23.18	35 29.14	44 54.18	44 58.4	18.0	"28 3,9"
		9	1200	34 54.14	35 6.2		46 22.2	15.0	"28 5,0"
		10	1200	35 42.8	35 54.34	47 4.34	46 58.3	16.0	"28 6,0"
		11	1200	36 22.5	36 8.14	49 25.32	49 14.15	17.0	"28 3,0"
		12	1200	36 44.20	36 44.52	52 54.38	52 44.36	17.0	"28 2,9"
		13	1200	36 43.34	36 48.34	53 13.19	52 26.12	16.0	"28 5,0"
		14	1200	37 16.49	37 11.39	53 33.46	53 34.6	16.0	"28 5,0"
		15	1200	36 13.44	36 18.4	54 5.42	54 9.34	15.0	"28 6,3"
		16	1200	36 53.52	36 49.34	54 39.24	54 38.34	14.8	"28 7,0"
		17	1200		37 46.14	55 53.52	56 8.52	15.0	"28 5,9"
		18	1200	37 57.55	38 4.36		57 49.12	16.0	"28 5,0"
		19	1200	38 2.47	38 6.27	59 12.34	58 45.10	16.0	"28 6,0"
		20	1200	38 12.38	38 9.4	60 18.20	60 4.8	16.0	"28 6,5"
		21	1200	38 30.37	38 24.37	61 54.36	61 33.16	15.0	"28 5,5"
		22	1200	38 26.42	38 28.14	64 16.12	64 18.00	15.0	"28 3,8"
		23	1200	38 9.45	38 22.45		66 34.20	13.9	"28 3,6"
		24	1200	37 15.44	37 14.36	68 4.18	67 59.32	12.0	"28 5,6"
		25	1200	36 49.36	36 54.33	68 43.47	68 38.44	13.3	"28 6,0"
		26	1200	37 4.49	37 18.49	70 48.10	70 58.10	14.0	"28 5,0"
		27	1200	36 48.50	36 54.12	72 8.10	71 59.4	13.5	"28 5,8"
		28	1200	37 33.6	37 33.48	74 24.18	74 8.19	15.0	"28 3,0"
		29	1200	38 45.34	39 4.12		77 51.4	15.0	"27 11,2"
		30	1200	39 23.34	39 30.58	80 4.32	79 48.2	13.0	"27 10,0"
		31	1200	39 54.49	40 7.55	82 23.36	82 14.49	10.0	"27 11,9"
	4	1	1200	40 42.26	41 2.26	84 59.14	85 3.40	10.0	"28 7,0"
		2	1200	40 5.18	41 9.18	88 14.19	87 48.10	10.0	"27 9,0"
		3	1200	40 45.10	40 34.00	90 26.18	90 22.14	8.5	"28 2,5"
		4	1200	41 3.36	41 19.26	92 59.4	93 5.4	12.1	"28 2,3"
		5	1200	41 34.00	41 46.11	96 58.58	96 41.38	12.5	"28 3,0"
		6	1200	42 3.18	42 18.14	100 25.19	100 18.8	13.0	"28 3,2"
		7	1200		42 17.10		104 7.3	11.0	"28 1,7"
		8	1200	42 15.16	42 32.16	106 35.36	106 49.39	10.8	"28 3,0"
		9	1200		42 36.34		110 8.12	11.8	"28 2,0"
		10	1200		42 59.32		114 35.14	11.5	"27 11,6"
		11	1200	42 54.33	43 14.43	116 59.13	117 12.4	10.7	"28 1,0"
		12	1200		42 42.46		119 35.2	8.5	"28 0,5"
		13	1200		42 30.12		120 51.4	9.0	"28 3,0"
		14	1200	42 2.50	42 3.10	123 48.42	123 32.8	9.2	"27 2,5"
		15	1200	42 5.29	42 18.29		127 27.3	8.5	"27 10,0"
		16	1200	42 24.25	42 42.15	128 42.11	129 41.40	10.0	"28 3,1"
		17	1200		44 7.54		131 32.18	12.0	"28 3,0"
		18	1200		44 32.36	136 14.4	135 18.18	12.5	"28 4,7"
		19	1200	43 32.53	44 33.24	138 22.3	139 5.29	12.0	"28 4,5"
		20	1200	43 48.58	44 3.32	142 59.32	141 59.30	11.5	"28 1,7"
	5	14	1200	43 32.19		144 48.4			
		16	1200	43 30.53	43 33.36		144 48.2		"27 6,0"
		18	1200		43 21.13		145 14.4	8.5	"27 9,4"
		25	1200	43 10.55			145 18.2	8.0	"28 2,9"
		26	1200					10.0	"28 3,0"
		27	1200		43 5.2		145 22.1	10.2	"28 2,7"
		28	1200		43 3.6		145 24.2	9.0	"27 11,0"
		29	1200	43 38.23	42 35.32	146 54.19	146 57.29	9.0	"27 10,3"
		30	1200		40 55.4		150 3.8	9.2	"27 7,5"
		31	1200	39 12.34	39 18.2		152 4.1	12.0	"27 11,5"
	6	1	1200	37 16.43	37 14.36	153 48.13	154 20.19	12.5	"28 0,5"
		2	1200	35 34.38	35 28.14	155 38.44	155 52.50	13.0	"28 3,0"
		3	1200	34 43.57	34 52.38	156 12.18	156 28.4	14.8	"28 4,0"
		4	1200	34 35.47	34 26.4	158 4.8	157 46.2	14.8	"28 3,5"
		5	1200	34 52.18	34 38.48		159 12.3	15.0	"28 0,3"
		6	1200	34 45.52	34 34.12	159 42.54	159 10.2	14.0	"27 11,0"
		7	1200	32 32.36	32 42.48	161 18.24	161 .1854	15.0	"27 10,0"
		8	1200	29 50.54	29 39.54	162 32.14	162 29.6	15.0	"28 0,5"
		9	1200	28 21.46	28 18.42	163 13.4	163 13.36	15.5	"28 2,5"
		10	1200		27 38.3		163 32.34	16.0	"28 3,0"
		11	1200	27 10.49	27 9.19	164 13.10	164 14.8	16.4	"28 2,3"
		12	1200	25 51.26	25 48.44	165 13.4	165 8.20	17.0	"28 2,9"
		13	1200	24 42.12	24 42.23	165 28.46	165 13.46	18.0	"28 3,0"
		14	1200	24 18.00	24 12.44		165 24.6	18.0	"28 3,4"
		15	1200	23 57.43	23 57.33	165 18.00	165 24.00	18.0	"28 3,5"
		16	1200	23 6.14	23 8.24	165 13.00	164 59.00	17.0	"28 3,6"
		17	1200	22 49.38	22 56.2	164 44	165 3	18.0	"28 2,6"
		18	1200	23 4.48	22 59.4	164 35.37	164 24.37	18.0	"28 2,0"
		19	1200		23 4.46	164 7.44	164 16.41	17.0	"28 1,9"
		20	1200	22 42.18	22 39	164 7.9	163 24	16.9	"28 1,9"
		21	1200	22 6.42	22 9.34	163 36.52	163 29.31	17.0	"28 3,3"
		22	1200	21 49.34	21 44.36		163 00	17.7	"28 3,3"
		23	1200	21 38.18	21 36.34	162 49.38	162 49.32	18.0	"28 1,0"
		24	1200	21 45.27	21 37.27	162 46.29	162 38.54	18.0	"28 2,0"
		25	1200	21 38.19	21 30.48	162 39.28	162 29.28	18.0	"28 3,0"
		26	1200	21 42.58	21 38.44	162 36.39	162 14.26	18.0	"28 2,3"
		27	1200	21 20.44	21 24.26	162 22.29	161 48.39	17.9	"28 3,5"
		28	1200	20 28	20 29.44	161 27.36	161 22.38	17.0	"28 4,0"
		29	1200	20 6.4	20 9.14	161 9.48	161 19.46	18.0	"28 4,0"
		30	1200	19 26.49	19 27.54		160 46.51	18.3	"28 4,0"
	7	1	1200	18 47.54	18 57	160 34.6	160 48.45	19.0	"28 2,9"
		2	1200	18 9.16	18 5.52		160 33.2	20.0	"28 2,5"
		3	1200	17 21.18	17 32.46	159 56.44	160 22.56	21.0	"28 2,0"
		4	1200	16 46.54	16 45.48	159 32.36	159 34.40	22.0	"28 2,0"
		5	1200	15 45.48	15 54.48		158 54.8	20.4	"28 1,2"
		6	1200	14 27.39	14 17.59	157 38.2	157 49.16	20.0	"28 1,1"
		7	1200	12 48.16	12 48.46		156 18.44	20.0	"28 1,6"
		8	1200	10 52.34	10 56.19	155 59.8	155 17.14	20.5	"28 1,8"
		9	1200	8 51.14	8 47.17	154 34.7	154 34.2	21.0	"28 1,4"
		10	1200	8 26.43	7 31.4	152 54.9	153 8.17	21.0	"28 1,0"
		11	1200	6 59.32	6 58.44		152 46.18	21.6	"28 0,5"
		12	1200		6 37.26	152 18.12	152 30.4	22.0	"28 1,0"
		13	1200	6 13.24	6 24.52	152 9.42	152 5.44	21.0	"28 1,4"
		14	1200	5 43.14	5 44.34	52 5.18	152 2.54	22.0	"28 1,0"
		15	1200	5 5.53	5 22.4	152 6	151 52.8	22.0	"28 1,0"
		16	1200	4 56.8	5 5.30	151 8.42	151 35.18	22.0	"28 1,0"
		17	1200	4 40.58	4 48	150 17.3	150 38.3	22.0	"28 1,3"
		24	1200		4 41		150 24	21.0	"28 1,4"
		25	1200		4 4.31		149 36.4	21.0	"28 1,3"
		26	1200	2 51.39	3 42	148 18.43	148 48.40	21.0	"28 0,9"
		27	1200	2 43.45	2 53.15	147 9.7	147 5.2	21.2	"28 0,6"
		28	1200	2 21.48	2 29.36	145 44.52	146 36.22	22.0	"28 0,4"
		29	1200	2 19.59	2 19.39	145 44.46	145 49.46	22.3	"28 0,6"
		30	1200	1 45	2 6.24	145 28.45	145 18.46	21.2	"28 0,8"
		31	1200	1 56	2 9.12	144 59.46	144 52.46	22.4	28 1.3
	8	1	1200	2 5.24	2 10.35	143 42.36	144 13.36	22.2	"28 1,2"
		2	1200	1 32	1 35.38	142 34.10	142 23.18	22.5	"28 1,3"
		3	1200	1 37.17	1 49.47	142 1.4	141 49.4	22.6	"28 1,3"
		4	1200	1 36.53	1 49.58	140 58.44	141 22.12	22.5	"28 1,4"
		5	1200	1 18	1 13.46	139 25.56	139 24.56	22.5	"28 1,2"
		6	1200	0 45.39	0 53.39	137 46.30	137 59.26		
		7	1200	0 17.24	0 26.34	136 38.12	136 36.8		
		8	1200	0 3.19	0 2.47	135 59.43	135 55.46	23.3	"28 1,4"
		9	1200	0 9 N	0 1	135 16.54	135 19.44		
		10	1200	0 17.52	0 10.52 N	134 38.12	134 36.8		
		11	1200	0 26.39	0 18.48		134 9.38	23.8	"28 1,2"
		12	1200	0 10.37	0 1.32 S	133 32	133 36.38	23.2	"28 1,6"
		13	1200	0 5.3 S	0 17.38	133 32.26	133 22.54	24.1	"28 1,1"
		14	1200	0 6.34	0 17.34	133 12.46	132 39.56	23.3	"28 1,7"
		15	1200	0 7.29 N	0 6.23	132 19.12	132 18.13		
		16	1200	0 14.12	0 2.14 N	131 57.36	132 2.22		
		17	1200	0 9.4	0 8.38 S	131 45.19	131 48.38		
		18	1200		0 18.14		131 18.17	23.6	"28 1,4"
		19	1200	0 17.30 S	0 19.29	130 54.3	130 55.2		
		20	1200	0 13.46	0 19.14	130 24.46	130 24.48	23.1	"28 1,7"
		21	1200	0 12.37	0 15.37	130 6.19	130 22.19		
		22	1200	0 28.46	0 33.59	129 35.34	129 39.36		
		23	1200	0 46.54	0 55.19	128 56.33	129 2.34	22.2	"28 1,4"
		24	1200	0 53.49	0 56.10	128 24.19	128 28.19	21.6	"28 1,8"
		25	1200	1 19.36	1 29.35	127 45.10	127 41.12	21.1	"28 2,0"
		26	1200	1 43.16	1 39.46	127 26.34	127 28.19	21.7	"28 1,7"
		27	1200	1 59.56	2 4.16	127 2.38	127 13.38		
		28	1200	2 22.34	2 28.38	127 12.6	127 6.3		
		29	1200	2 28.38	2 39.19	127 13.52	127 1.49	22.6	"28 1,2"
		30	1200	2 39.48	2 41.38	127 4.32	126 56.54	22.2	"28 2,2"
		31	1200	2 40.31	2 46.11	126 49.46	126 42.46		
	9	1	1200	2 46.37	2 52.47	126 28.54	126 24.52		
		2	1200	2 52.34	2 43.38	126 4.43	126 8.44	22.6	"28 1,8"
		3	1200	3 14.6	3 10.34	125 35.8	126 48.3	22.0	"28 1,5"
		4	1200	3 35.46	3 28.6	125 49.3	125 40.24	22.0	"28 1,7"
		5	1200	3 48.36	3 55.36	125 52.15	125 2.25	22.0	"28 2,1"
		6	1200	3 40.39		126 9.54		22.0	"28 2,2"
	10	14	1200	3 48.46	3 48.3	125 57.4	125 56.8		
		15	1200	4 29	4 33.48	125 14.8	125 36.2		
		16	1200	5 24.54	5 26.19	124 36.8	124 38.49	22.4	"28 1,5"
		17	1200	6 12.13	6 26.23	123 52.6	124 3.2		
		18	1200	8 2.24	7 4.44	123 9.34	123 35.9	23.1	"28 2,1"
		19	1200	7 25.36	7 18.24	123 3.46	123 22.46		
		20	1200	8 15.27	8 9.29	123 29.10	123 23.10		
		21	1200	8 44.39	8 29.36	122 56.6	123 28.36	22.3	"28 1,6"
		22	1200	9 3.12	8 56.44	122 34.8	122 44.7	22.1	"28 1,2"
		23	1200	9 17.49	9 8.29	122 17.12	122 19.19	22.2	"28 1,6"
		24	1200	9 18.48	9 16.19	121 39.34	122 4.8	22.6	"28 1,6"
		25	1200	9 44.48	9 28.42	120 58.46	121 36.47		
		26	1200	10 6	9 55.37	120 23.12	120 46.12		
		27	1200	10 23.54	10 14	119 52.14	120 15.18	23.5	"28 2,7"
		28	1200	10 42	10 42.47	118 49.18	119 19.34	24.2	"28 2,9"
		29	1200	10 50.48	10 58.38	118 7.23	118 34.23	22.4	"28 2,1"
		30	1200	11 3.8	11 3	117 19.54	117 48.28		
		31	1200	11 24.16	11 28.2	117 6.38	117 19.6		
	11	1	1200	11 45.38	11 36.6	116 19.32	116 42.54		
		2	1200	12 14.54	12 19.33	115 28.4	115 39.34		
		3	1200	12 35.28	12 46.54	114 36.12	114 52.14	21.2	"28 2,2"
		4	1200	12 36.33	12 55.43	113 48.48	114 6.12		
		5	1200	13 28.44	13 28.42	113 3.56	113 26.56		
		6	1200	14 58	14 45.33	112 5.28	112 26.34		
		7	1200	15 59	15 52.38	111 29.36	111 39.36		
		8	1200	16 45.34	16 39.14	110 34.43	110 54.46		
		9	1200	17 15.38	17 23.46	109 15.48	109 24.48	19.4	"28 2,6"
		10	1200	17 46.12	17 52.34	107 49.27	108 4.27		
		11	1200	18 5.6	18 15.26	106 59.34	107 5.32		
		12	1200	18 7.54	18 15.24	106 26.38	106 34.38		
		13	1200	18 38.12	18 38.52	105 56.12	106 5.44		
		14	1200	19 42.34	19 41.34	105 15.24	105 22.44	19.1	28 3.1
		15	1200	20 42.44	20 42.11	104 26.32	104 25.52		
		16	1200	21 26.34	21 46.42	105 44.11	103 16.16		
		17	1200	22 28.38	22 30.46	101 45.34	101 54.36		
		18	1200	23 34.26	23 33.26	101 6.16	100 58.46		
		19	1200	24 42	24 49	100 15.8	100 29.13		
		20	1200	25 47.38	25 46.54	99 26.34	99 26.14		
		21	1200	26 24	26 18.19	99 36.8	99 28.36	18.4	"28 3,2"
		22	1200		27 18.4	98 29.34	98 39.24		
		23	1200		28 23.6		97 44.3		
		24	1200	30 4	29 32.7	96 56.7	97 36.8		
		25	1200	31 4.47	30 44.49		97 8.2		
		26	1200	30 48.24	30 49.36	98 8.46	97 35.48		
		27	1200	30 48.23	30 52.53	99 12.54	95 14.54	19.2	"28 4,1"
		28	1200	30 59.37	31 2.8	99 46.23	99 49.54		
		29	1200	31 4.12	31 9.17	100 26.54	100 9.54		
		30	1200	31 24.46	31 24.9	101 28.36	101 24.32		
	12	1	1200	32 29.54	32 26.30	103 14.54	103 14.54		
		2	1200	32 56.16	33 8.16	105 00.16	104 2.18		
		3	1200	33 23.54	33 28.19	105 53.14	105 23.34	14.2	"28 2,3"
		4	1200	34 16.14	34 32.4	108 58.38	108 19.18		
		5	1200	34 10.34	34 26.8	112 2.3	111 36.38	13.0	"28 1,2"
		6	1200	34 45.36	34 34.36	113 38.56	113 4.56	14.0	"28 2,5"
		7	1200	35 26.46	35 2.36	115 10.14	114 48.46	14.0	"28 2,5"
		8	1200	34 48.34	34 52.45	116 51.28	116 59.24	14.2	"28 1,8"
		9	1200	34 9.36	34 14.19	118 21.48	117 46.26	13.5	"28 2,7"
		10	1200	34 1.12	34 9.42	119 26.34	118 54.8	14.0	"28 0,5"
		11	1200	33 55.16	33 54.52	119 32.19	118 56.34	14.2	"28 2,4"
		18	1200	34 12.54	34 12.54	119 27.10	118 49.36	15.0	"28 3,0"
		19	1200	34 16.18	34 18.49	19 30.14	119 8.45	15.5	"28 3,0"
		20	1200	34 26.16	34 32.16	119 33.6	119 4.4		
		21	1200	35 12	35 9.28		119 35.2	15.2	"28 1,5"
		22	1200	35 4.34	34 59.14	119 54.36	119 28.36	16.0	"28 1,5"
		23	1200	34 24.53	34 28.54	120 22.36	120 3.38	15.6	"28 0,5"
		24	1200	24 13.42	34 14.42	121 1.3	120 55.2	15.0	"27 11,9"
		25	1200	33 40.46	33 48.46	122 4.8	122 8.4	14.5	"28 2,3"
		26	1200	33 3.58	33 12.54	122 35.7	122 35.38	15.1	"28 1,0"
		27	1200	32 33.19	32 36.34	123 23.46	123 16.44	15.0	"28 0,3"
		28	1200	32 19.52	32 24.38	124 52.16	124 45.16		
		29	1200	31 59	32 4.36	126 4.7	125 58.14	16.0	"28 3,0"
		30	1200	32 16.40	32 9.18	126 39.46	126 48.46	16.0	"28 2,0"
		31	1200	32 9.34	32 5.4	127 2.38	127 4.14	19.5	"28 0,0"
1793	1	1	1200	31 53.8	31 59.17	127 20.54	127 29.52	16.9	"28 1,8"
		2	1200	31 47.4	31 48.19	127 58.46	127 58.54	17.0	"28 0,1"
		3	1200	31 42	31 44.52	128 54.32	128 53.36	17.0	"28 1,0"
		4	1200	31 52	31 55.44	129 9.48	129 14.42	15.0	"28 4,2"
		5	1200	32 52.46	32 59.15	128 8.4	128 18.36	14.5	"28 5,0"
		6	1200	34 28.54	34 24.52	127 44.52	128 6.54		
		7	1200	35 31.48	35 32.46	127 18.54	127 38.8		
		8	1200	36 13.32	36 16.12	126 22.2	126 46.58	13.4	"28 3,0"
		9	1200	37 00.8	36 48.34		127 12.16		
		10	1200	37 16.36	37 16.48	128 34.44	128 45.19		
		11	1200	37 12.34	37 14.36	129 6.54	129 8.54	13.0	"28 2,3"
		12	1200	37 36.15	37 38.34	129 38.36	129 28.34		
		13	1200	38 53.16	38 44.16	131 32.54	131 34.52		
		14	1200	39 18.24	39 28.46	131 56.8	132 4.36		
		15	1200	40 18.38	40 9	132 22.28	132 32.58	11.4	"28 4,1"
		16	1200	40 58.34	41 12.4	135 4.18	135 18.34		
		17	1200	41 39.37	41 48.19	137 44.37	137 38.17		
		18	1200	42 38.52	42 52.36	141 6.46	141 8.56		
		19	1200	42 51.19	42 56.58	142 49.18	142 32.46	10.3	"28 1,4"
		20	1200	43 22.34	43 28.24	143 29.6	143 14.4	11.5	"28 3,0"
		21	1200	43 44.48	43 48.36	144 16.52	144 2.6	12.5	"28 3,3"
		22	1200	43 38.1		144 46.3		12.7	"28 2,4"
	2	28	1200	43 22.26			145 40		
	3	1	1200	42 56.52	42 59.4	147 57.6	147 55.8	14.0	"28 0,4"
		2	1200	42 32.34	42 25.8	151 1.8	151 13.8		
		3	1200	42 21.38	42 12.49	153 14.16	153 21.38		
		4	1200	42 10.54	42 2.4	15 1.3	155 42.36		
		5	1200		41 42.8		157 35.8	14.4	"28 1,6"
		6	1200	40 23.8	40 21.54		159 26.4		
		7	1200	39 27.19	39 26.28	161 7.53	160 38.2		
		8	1200	37 53.43	37 44.46	163 33.56	163 27.26	15.1	"28 2,0"
		9	1200	36 24.36	36 28.56	165 48.19	165 35.19		
		10	1200	35 36.12	35 43.3	166 52.59	166 43.19		
		11	1200	34 26.18	34 22.29	168 35.56	168 17.56		
		12	1200	34 23.36	34 12.26	170 18.32	170 2.34	16.1	"28 0,2"
		13	1200	34 7.46	34 12.36	171 54.26	171 26.34	17.2	"28 0,2"
		14	1200	33 15.54	33 5.54	174 13.52	174 8.38		
		15	1200	32 38.44	32 28.52	176 26.14	176 12.17		
		16	1200	31 55.19	31 41.32	178 34.53	178 29.34		
		17	1200	30 19.17	30 18.27	179 49.27	179 42.24	16.8	"28 2,2"
		18	1200	29.34.36	29 22.36	179 54.26	179 59.28 W	17.0	"28 3,5"
		19	1200	28 18.49	28 28.18	179 9.19 W	179 18.36		
		20	1200		27 9.4		178 38.44	18.6	"28 2,0"
		21	1200	25 58.36	25 53.36	178 7.14	178 32.46		
		22	1200	24 19.26	24 9.34	176 18.4	176 5.3		
		23	1200	22 8.39	22 9.48	176 26.7	176 22.8		
		24	1200	21 9.36	21 10.32		177 16.9	20.0	"28 3,2"
	4	10	1200	20 55.23	20 56.23	177 26.40	177 25.56		
		11	1200	20 12.38	20 18.54	179 34.40	179 42.24	21.0	"28 2,7"
		12	1200	20 2.8	20 16.6		177 45.46 E		
		13	1200		20 8.16		175 37.26	20.8	"28 2,3"
		14	1200	19 37.50	20 9.4	172 4.2 E	172 48.33		
		15	1200	19 52.16	20 9.34	169 43.10	169 48.16		
		16	1200	19 53.8	20 15.2	167 54.30	167 44.18	20.7	"28 1,2"
		17	1200	20 8.52	20 28.54	165 45.19	165 58.16		
		18	1200	20 22.35	20 39.26	162 55.4	163 9.2	20.0	"28 2,0"
		19	1200	20 9.36	20 16.56	161 58.53	162 4.53	20.3	"28 2,2"
		20	1200	20 16.46				20.4	"28 2,5"
	5	10	1200	20 10.48	20 12.38	162 15.18	162 32.46	20.1	"28 2,3"
		11	1200	19 50.24	19 54.14	162 2.52	162 36.49		
		12	1200	18 53.33	19 13.6	161 25.12	161 42.54	20.4	"28 2,6"
		13	1200	18 31.13	18 38.54	161 6.26	161 38.8		
		14	1200	17 38.59	17 56.29	161 6.55	161 34.6	20.7	"28 3,5"
		15	1200	16 28	16 38.56		162 14.36		
		16	1200	14 42.59	14 47.54	163 4.15	163 18.34	21.2	"28 2,4"
		17	1200		13 52.18		163 24.36		
		18	1200	12 55.54	12 58.44	162 39.15	163 14.46	21.8	"28 2,1"
		19	1200	11 38.17	11 39.54	163 13.52	163 38.54		
		20	1200	11 15.48	11 12.39	163 32.25	163 39.37	22.0	"28 1,0"
		21	1200	10 56.54	10 56.49	163 39.31	163 52.14	23.0	"28 1,0"
		22	1200	10 39.38	10 47.17	163 32.35	163 45.54	22.5	"28 1,0"
		23	1200	10 38.25	10 36.34	163 21.10	163 48.34	23.0	"28 0,0"
		24	1200		10 32.54		163 34.46	22.0	"28 0,8"
		25	1200		10 58.36		162 14.6	22.0	"28 1,1"
		26	1200	10 48.19	11 8.47	160 17.35	160 52.34	22.5	"28 0,5"
		27	1200	10 53.42	10 58.34	159 40.30	159 43.17	22.8	"28 0,2"
		28	1200	10 33.16	10 8.47	158 57.5	158 52.8	22.6	"28 0,2"
		29	1200	9 53.34	9 58.54	159 7.40	158 54.56	22.5	"28 0,5"
		30	1200		10 12.52		159 4.50	22.2	"28 1,8"
		31	1200	9 58.56	10 32.56	158 45.50	158 3.56	22.0	"28 1,0"
	6	1	1200	10 7.16	10 12.18	158 9.26	157 52.26	22.5	"28 0,6"
		2	1200	10 3.6	9 52.14	158 7.30	157 33.36	22.6	"28 1,0"
		3	1200		9 59.4		157 36.8	21.5	"28 1,8"
		4	1200	9 27.43	9 32.14	157 15.10	156 44.7	21.5	"28 1,5"
		5	1200	9 6.39	9 28.37	156 35.45	156 54.13	22.5	"28 1,5"
		6	1200	8 56.54	9 2.34		155 56.34	22.0	"28 0,0"
		7	1200	8 49.56	8 48.16	155 9.2	155 33.38	22.0	"28 1,2"
		8	1200	9 18.45	9 14.46	155 12.30	155 12.16		
		9	1200	10 8.19	10 4.12	154 49.5	154 49.49	21.9	"28 1,6"
		10	1200	11 29.54	11 9.36	154 37.42	154 38.54	22.0	"28 2,0"
		11	1200	11 6.46	11 24.52	153 33.15	153 44.36		
		12	1200	11 00	11 43.36	152 14.50	152 28.34	21.0	"28 1,9"
		13	1200	11 14.34	11 16.38	151 54.25	152 5.34	20.5	"28 2,0"
		14	1200	10 58.32	11 18.14	151 28.32	151 29.37	21.0	"28 2,3"
		15	1200	10 36.32	10 38.6	150 18.35	151 4.12	21.0	"28 3,0"
		16	1200	10 24.29	10 39.47	152 20.10	150 19.46	21.0	"28 2,0"
		17	1200	10 12.56	10 12.56	149 42.36	149 56.44	21.2	"28 2,0"
		18	1200	9 54.39	10 4.59	149 14.22	149 13.26	20.0	"28 1,8"
		19	1200	9 42.44	9 55.24	149 7.55	149 8.34	21.5	"28 1,9"
		20	1200	9 46.6	9 52.36	149 22.30	149 12.48	21.6	"28 1,9"
		21	1200	8 53.29	9 6.34	149 18.24	149 8.54	21.0	"28 2,0"
		22	1200	8 14.48	8 36.54	148 59.40	149 8.36	21.0	"28 1,5"
		23	1200	8 16.9	8 26.46	148 17.15	148 24.42	21.0	"28 1,3"
		24	1200	8 16.38	8 28.9	147 32.54	147 33.54	22.0	"28 2,7"
		25	1200	8 8.17	8 18.42	146 37.25	146 47.36	21.4	"28 2,5"
		26	1200	7 36.38	8 41.37	146 13.44	146 19.34	21.7	"28 2,3"
		27	1200	6 54.42	7 32.18	145 31.35	145 33.38	21.0	"28 2,6"
		28	1200	7 8.48	7 6.9	145 47.10	145 45.19	20.0	"28 2,0"
		29	1200	7 8.43	7 13.44	145 51.45	145 36.34	21.7	"28 1,5"
		30	1200	5 39.36	6 25.14	146 26.20	145 56.37	21.0	"28 1,0"
	7	1	1200	5 15.16	5 18.36	147 31.55	146 54.58	22.0	"28 0,5"
		2	1200	4 49.56	5 12.58	147 15.30	147 12.18	22.2	"28 1,0"
		3	1200	4 47.24	4 47.36	147 53.36	147 48.56	22.0	"28 1,1"
		4	1200	5 4.38	4 51.34	147 57.40	148 9.52	22.2	"28 1,0"
		5	1200	4 51.14	4 54.8	148 36.15	148 28.19	22.4	"28 0,7"
		6	1200	4 38.36	4 42.8	148 55.50	148 43.36	22.5	"28 1,0"
		7	1200	4 42.18	4 38.36	149 9.25	148 54.19	22.5	"28 0,7"
		8	1200	4 22.44	4 18.54	150 19.34	149 6.18	22.5	"28 0,5"
		9	1200	3 46.39	3 48.18	149 18.35	149 8.36	23.0	"28 1,0"
		10	1200	3 13.36	3 16.34	148 49.10	149 43.17	23.0	"28 0,7"
		11	1200	2 42.54	2 52.33	147 2.46	147 59.6	21.6	"28 0,5"
		12	1200	2 31.36	2 38.14	147 4.20	147 5.48		
		13	1200	2 9.49	2 12.47	146 30.55	146 24.54		
		14	1200	1 5.36	1 12.18	145 42.30	145 54.48	23.2	"28 0,6"
		15	1200	0 53.39	0 52.48	144 5.6	145 3.43	23.2	"28 0,9"
		16	1200	0 52.18	0 49.18	144 35.40	144 26.38		
		17	1200	0 36.54	0 33.14	144 5.15	143 54.12		
		18	1200	0 39.10	0 26.8	143 23.52	143 7.56	22.8	"28 1,0"
		19	1200		0 31.19		142 46.48	23.4	"28 0,7"
		20	1200	0 38.54	0 22.26	143 9.26	142 38.46		
		21	1200	0 42.18	0 27.44	143 2.12	142 39.36		
		22	1200	0 43.34	0 26.39	142 53.36	142 26.16		
		23	1200	0 14.18	0 13.24	142 25.35	142 4.12	23.6	"28 0,9"
		24	1200	0 2.34 N	0 1.43 N	141 22.45	141 13.46	22.8	"28 1,1"
		25	1200	0 8.39 S	0 1.38	140 36.0	140 28.38		
		26	1200	0 12.6	0 7.46 S	139 12.50	139 54.32		
		27	1200	0 8.54 N	0 3.58 N	139 32.30	138 59.8		
		28	1200	0 22.14	0 16.36	139 14.51	138 34.36	24.1	"28 1,3"
		29	1200	0 8.58 S	0 5.54 S	138 9.40	138 38.7		
		30	1200	0 8.14	0 14.42	138 43.15	138 8.34		
		31	1200		0 23.6		137 19.17	23.8	"28 1,4"
	8	1	1200	0 8.46	0 25.47	135 56.50	135 14.19		
		2	1200	0 5.34	 0 8.24	134 51.25	134 38.12		
		3	1200	0 5.42	0 5.41	134 30	134 9.46	24.0	"28 1,2"
		4	1200		0 15.36		133 56.34		
		5	1200		0 9.18		133 44.52	23.7	"28 0,8"
		6	1200	0 13.23	0 6.34		133 22.12	23.2	"28 1,3"
		7	1200	0 18.34 N	0 1.37	132 30.20	132 2.8		
		8	1200	0 18.58	0 15.37 N	132 36.55	132 4.36	24.2	"28 0,6"
		9	1200	0 9.26	0 3.5 S	131 56.30	131 38.34		
		10	1200	0 3.3	0 5.10	131 25.5	131 4.36	21.9	"28 0,9"
		11	1200	0 1.32	0 8.29		130 38.24		
		12	1200	0 15.52	0 5.18	129 18.5	130 12.14		
		13	1200		0 6.4		129 32.16	22.4	"28 1,3"
		14	1200	0 12.39	0 00.49	129 48.25	129 26.16	22.3	"28 0,6"
		15	1200	0 2.36 S	0 00.36	129 34.3	129 8.19		
		16	1200	0 1.27 N	0 00.39 S		129 2.4		
		28	1200	0 3.44	0 2.48	129 15.2	129 14.54	21.9	"28 1,0"
		29	1200	0 6.36 S	0 14.16	128 33.8	128 37.44		
		30	1200	0 33.38	0 38.19	127 24.16	127 52.16	22.0	"28 1,1"
		31	1200	0 56.16	0 58.14	127 14.6	127 16.19		
	9	1	1200	1 38.29	1 29.37	127 2.36	127 8.4	22.6	"28 1,4"
		2	1200	2 14.42	2 3.42	126 28.36	126 52.24		
		3	1200	2 48.43	2 38	125 48.6	126 14.8	22.4	"28 1,3"
		4	1200	3 18.24	3 8.32	125 22.4	125 48.4		
		16	1200	2 48.54	3 4.6	124 52.16	124 54.16	22.5	"28 1,6"
		17	1200	2 51.52	2 58.32	124 8.36	124 42.36		
		18	1200	3 28	3 25.36	122 54.48	123 19.7	22.1	"28 1,4"
		19	1200	3 28.46	3 33.3	123 19.43	123 23.42	22.3	"28 1,7"
		20	1200	4 14.37	4 8.36	122 36.48	122 48.34		
		21	1200	4 18.14	4 28.34	122 3.16	122 8.26	22.0	"28 1,5"
		22	1200	4 18.56	4 32.46	121 38.46	121 32.46	22.4	"28 2,0"
		23	1200	4 22.4	4 28.16	121 8.16	121 18.16	22.0	"28 1,7"
		24	1200					22.2	"28 1,5"
		25	1200	4 32.38				22.6	"28 0,7"
		26	1200						
		27	1200	4 38.34				22.8	"28 1,5"
		28	1200	4 36.38					
		29	1200	4 38.36		120 46.2		22.7	"28 1,6"
		30	1200	4 43.14			120 59.4	22.5	"28 1,7"
	10	1	1200	4 47.28				22.7	"28 1,3"
		2	1200					23.0	"28 1,5"
		3	1200					23.3	"28 1,8"
		4	1200					22.8	"28 1,6"
		5	1200						
		6	1200	5 28.4		120 44.8		22.3	"28 1,8"
		7	1200	5 47.56	5 54.56	119 38.34	119 42.38	22.1	"28 1,6"
		8	1200	5 45.43	5 52.44	118 43.56	118 46.38	22.4	"28 1,4"
		9	1200	6 5.34	6 12.8	117 25.14	117 32.7	22.0	"28 1,8"
		10	1200	6 16.38	6 12.38	116 2.36	116 4.35	22.8	"28 1,7"
		11	1200	5 53.36	5 56.48	114 54.16	114 53.38	22.5	"28 1,5"
		12	1200	5 44.52	5 53.54	113 42.34	113 44.56		
		13	1200	6 18.34	6 26.34	112 45.34	112 58.37	23.5	"28 1,6"
		14	1200	6 52.36	6 53.46	111 56.5	112 2.45	23.0	"28 1,5"
		15	1200	6 52.16	6 52.28	111 28.12	111 28.12	23.0	"28 1,4"
		16	1200	6 55.4	6 56.4	110 59.54	110 59.18	23.6	"28 1,2"
		17	1200	6 56.44	6 58.32	110 48.46	110 52.7	23.7	"28 1,3"
		18	1200	6 58		110 54.38		23.6	"28 1,5"
