					"Pressure reduced to 32F, SG and MSL"						

YEAR	MONTH	DAY	HOUR	HOUR	LAT	LONG	PRESSURE	DRY BULB	WET BULB	SST	REMARKS
			GMT	SHIP			hPa	F	F	F & C	
1929	8	10		16			1020.2	62.9	61.0	62.0	
				20			1020.0	60.0	59.0	62.0	
				24			1019.2	59.0	58.0	63.0	
		11		4			1018.6	62.0	59.0	62.5	
				8			1019.4	62.0	62.0	63.5	
			12.26	12	50 39 N	6 15 W	1019.2	63.0	62.0	64.0	
				16			1022.0	63.2	60.0	62.5	
				20			1025.4	60.0	57.0	59.0	
				24			1025.3	59.0	57.0	59.0	
		12		4			1025.3	60.0	56.1	59.0	
				8			1026.0	62.0	58.0	62.0	
			12.36	12	48 75.5 N	7 48.5 W	1026.7	67.0	60.0	64.0	
				16			1026.1	67.0	59.2	63.5
				20			1026.5	62.0	59.0	63.0
				24			1024.8	61.0	60.0	62.0
		13		4			1024.0	61.2	60.0	63.5
				8			1024.5	65.0	62.0	64.0
			12.43	12	46 05 N	9 28 W	1024.7	70.0	64.0	67.0
				16			1023.9	70.8	63.7	68.0
				20			1024.0	67.0	68.0	66.0
				24			1023.4	68.0	63.0	65.0
		14		4			1022.1	66.5	62.0	66.0
				8			1023.2	67.0	63.0	65.0
			12.49	12	43 54 N	10 45 W	1022.7	68.0	63.0	67.0
				16			1022.3	67.5	63.2	66.5
				20			1022.6	66.0	64.0	66.0
				24			1022.8	66.0	63.0	65.0
		15		4			1020.4	65.8	62.0	65.8
				8			1022.4	66.1	61.1	66.2
			12.55	12	41 26 N	12 40 W	1020.2	67.0	61.0	67.0
				16			1019.3	69.0	63.8	67.0
				20			1019.1	68.0	65.0	67.5
				24			1018.4	68.0	66.0	67.0
		16		4			1016.4	67.0	65.0	67.3
				8			1017.9	66.0	65.0	67.0
			13.00	12	39 6.5 N	13 56.5 W	1018.5	74.0	69.0	68.0
				16			1018.3	72.0	67.1	69.0
				20			1020.0	68.0	66.0	69.0
				24			1019.7	68.0	66.0	68.0
		17		4			1018.5	67.2	65.0	68.5
				8			1019.5	72.0	66.0	69.0
			13.05	12	36 54 N	15 13.5 W	1019.7	73.0	67.0	70.0
				16			1018.8	71.8	68.0	70.5
				20			1020.1	68.0	66.0	70.0
				24			1019.6	70.1	67.0	69.0
		18		4			1018.6	69.5	67.0	69.0
				8			1020.3	71.0	67.0	70.0
			13.08	12	34 54 N	16 00 W	1021.6	75.0	69.0	73.0
				16			1021.4	73.1	68.6	72.5
				20			1022.2	70.0	67.0	72.0
				24			1021.3	70.0	68.0	71.0
		19		4			1021.5	70.0	65.0	70.5
				8			1023.3	68.0	67.0	72.0
			13.13	12	32 54 N	17 37 W	1023.0	73.0	68.0	72.0
				16			1022.0	75.0	70.0	72.5
				20			1023.3	72.0	68.0	72.0
				24			1022.0	71.0	68.0	71.0
		20		4			1021.4	70.5	66.5	70.5
				8			1022.5	71.0	68.0	69.0
			13.19	12	30 34.5 N	18 59 W	1022.2	72.0	68.0	72.0
				16			1021.6	72.0	68.2	71.9
				20			1022.6	71.0	68.0	70.5
				24			1022.3	71.0	68.0	71.0
		21		4			1020.3	70.5	68.0	70.0
				8			1021.5	71.0	68.0	71.0
			13.24	12	27 42 N	20 28 W	1021.1	72.0	68.0	72.0
				16			1020.3	73.0	67.5	73.0
				20			1021.4	72.0	68.0	72.0
				24			1021.1	72.0	68.0	72.0
		22		4			1018.5	72.0	66.4	71.0
				8			1020.8	73.0	67.0	70.0
			13.29	12	25 01 N	21 40 W	1020.0	75.0	68.0	74.0
				16			1017.3	74.5	68.5	73.0
				20			1018.4	73.4	66.0	72.5
				24			1017.9	73.0	68.0	70.0
		23		4			1016.5	73.0	67.0	71.0
				8			1017.4	76.0	68.5	69.0
			13.33	12	22 50 N	22 26 W	1017.1	77.0	68.0	74.0
				16			1015.6	77.0	68.0	75.0
				20	22 05 N	22 47 W	1016.0	79.0	65.0	74.0
				24			1016.5	74.0	69.0	73.0
		24		4			1015.4	74.1	68.5	74.0
				8	21 05 N	23 24 W	1016.5	75.2	70.0	75.0
			13.37	12	20 24 N	23 40 W	1015.7	76.0	69.0	76.0
				16			1014.1	75.6	70.0	75.0
				20			1015.4	75.5	69.0	74.5
				24			1015.0	75.0	71.0	74.0
		25		4			1014.0	75.5	71.0	76.5
				8			1015.6	79.1	73.1	77.0
			13.42	12	17 47 N	24 30.5 W	1015.5	79.0	73.0	77.0
				16			1014.4	81.0	74.0	78.5
				20			1014.4	79.0	74.0	79.0
				24			1014.5	77.0	73.0	
		26		4	At St Vincent					
				8						
			13.41	12						
				16						
				20			1015.4	78.0	75.0	78.0
				24			1014.6	78.0	76.0	78.0
		27		4			1012.8	78.0	76.0	77.0
				8			1013.6	78.9	76.2	79.0
			13.41	12	15 7.5 N	25 10 W	1013.1	79.5	77.0	77.9
				16			1011.7	79.5	76.5	80.0
				20			1012.4	79.9	76.0	77.1
				24			1011.5	79.5	76.0	78.4
		28		4			1010.5	79.0	75.5	80.0
				8			1011.3	81.0	76.0	80.0
			13.42	12	12 50 N	25 15 W	1011.2	81.9	77.2	81.0
				16			1010.8	81.5	77.0	81.0
				20			1012.1	84.1	79.0	79.0
				24			1012.4	78.7	75.7	79.2
		29		4			1011.2	76.2	74.9	80.0
				8			1012.6	79.6	75.8	80.0
			13.42	12	10 57 N	25 20.5 W	1013.2	78.0	75.5	79.0
				16	Dead reckoning		1011.9	79.5	75.1	79.2
				20	Sun observed		1013.5	79.0	75.5	76.0
				24			1013.7	78.2	75.4	78.7
		30		4			1012.3	76.1	74.0	79.0
				8			1012.9	80.0	75.0	78.0
			13.42	12	9 25.5 N	25 8.5 W	1014.0	81.9	75.8	79.4
				16			1011.7	82.0	75.0	80.4
				20			1012.5	80.0	74.0	78.0
				24			1013.3	79.2	73.8	78.0
		31		4			1012.1	79.0	73.9	78.8
				8			1013.6	81.2	74.0	80.2
			13.40	12	7 46.5 N	24 48 W	1014.0	82.0	75.0	80.9
				16			1012.5	80.1	75.0	80.2
				20			1014.3	77.0	74.0	78.0
				24			1014.1	76.0	73.0	78.0
1929	9	1		4			1012.0	77.0	74.0	78.2
				8			1013.9	77.9	74.9	78.0
			13.40	12	5 58.5 N	24 38.5 W	1014.2	79.0	75.0	79.0
				16			1012.7	76.9	74.0	79.0
				20			1014.2	79.0	74.0	79.0
				24			1014.5	79.0	72.3	77.5
		2		4			1012.3	77.0	73.0	79.0
				8			1013.3	79.2	73.0	79.0
			13.40	12	4 35.5 N	24 53.5 W	1013.9	79.2	73.0	77.9
				16			1012.7	78.8	72.1	78.9
				20			1015.0	78.5	73.0	77.0
				24			1015.2	78.2	73.4	78.2
		3		4			1013.7	77.8	71.8	78.0
				8			1015.5	78.0	72.0	77.0
			13.43	12	3 11.15 N	25 53 W	1014.5	78.0	73.1	76.7
				16			1013.2	77.5	72.2	78.1
				20			1015.2	77.2	72.2	75.2
				24			1016.0	77.0	71.9	76.0
		4		4			1013.2	76.1	71.8	77.0
				8			1014.6	77.5	73.0	76.0
			13.47	12	1 29 N	26 58 W	1014.5	77.4	72.4	76.9
				16			1012.8	77.1	73.0	77.0
				20			1012.3	77.5	74.0	76.5
				24			1014.6	75.6	72.7	75.3
		5		4			1012.9	75.5	72.9	75.8
				8			1014.0	74.0	71.8	73.9
			13.49	12	0 24 S	27 87 W	1014.5	76.7	73.8	75.8
				16			1012.8	74.0	70.1	75.4
				20	0 53 S	27 45 W	1013.8	75.0	72.0	75.0
				24			1014.8	76.0	73.0	75.0
		6		4			1014.1	76.0	72.9	75.4
				8			1015.2	77.0	74.0	75.0
			13.50	12	2 7.5 S	27 53 W	1014.9	76.6	72.6	76.0
				16			1013.1	76.0	73.2	75.0
				20	2 36 S	28 16 W	1013.8	76.5	73.5	74.0
				24			1014.1	76.5	72.5	74.0
		7		4			1013.1	76.0	71.1	74.0
				8			1015.0	77.0	72.0	72.0
			13.52	12	4 07 S	28 30 W	1014.8	77.2	72.8	76.6
				16			1012.5	77.0	74.0	77.8
				20	4 43 S	28 35.5 W	1014.0	78.0	73.0	74.0
				24			1014.6	77.2	71.4	75.3
		8		4			1014.5	77.0	71.2	75.8
				8	5 38 S	28 36 W	1015.9	76.0	72.0	77.2
			13.53	12	6 15 S	28 46.5 W	1015.8	78.0	73.2	76.2
				16			1014.6	78.2	72.0	76.0
				20	6 51 S	28 55 W	1016.2	78.0	73.0	75.0
				24			1016.4	77.0	72.1	76.0
		9		4			1014.9	76.7	70.9	75.5
				8	7 44 S	29 13 W	1016.4	77.0	71.2	76.0
			13.56	12	8 20 S	29 32 W	1016.3	77.9	69.3	77.9
				16			1014.5	77.9	71.2	77.3
				20			1015.7	77.0	72.0	75.0
				24			1015.7	76.2	72.0	75.2
		10		4			1015.0	76.0	72.0	75.0
				8	9 48 S	30 13 W	1016.3	75.2	70.5	77.4
			13.58	12	10 24.5 S	30 15 W	1016.4	76.4	71.3	75.9
				16			1014.9	76.5	72.1	77.0
				20	11 00.5 S	30 26 W	1015.8	74.5	72.0	75.0
				24			1016.4	71.2	71.2	74.0
		11		4			1014.8	70.5	69.2	74.3
				8			1016.3	72.1	70.1	76.2
			13.59	12	12 30.5 S	30 42 W	1016.6	73.6	69.0	73.4
				16			1015.4	74.6	69.2	75.7
				20			1016.1	73.0	70.0	75.0
				24			1017.8	73.4	70.4	74.0
		12		4			1017.2	74.0	69.9	74.5
				8	14 22 S	30 54 W	1019.3	72.2	69.9	74.9
			14.00	12	14 55.5 S	30 55 W	1020.0	73.6	68.0	73.4
				16			1018.0	75.5	69.5	74.4
				20			1019.5	74.0	69.0	75.0
				24			1020.7	69.0	68.0	75.0
		13		4			1019.0	70.3	69.0	73.1
				8			1020.2	72.0	69.0	74.2
			14.00	12	17 01 S	30 56 W	1019.0	74.5	69.0	75.2
				16			1017.7	74.8	69.0	74.9
				20	17 41 S	30 58.5 W	1019.2	73.5	68.5	74.0
				24			1019.0	73.0	69.2	73.0
		14		4			1018.0	72.5	68.0	73.0
				8			1018.1	72.4	69.0	73.8
			14.00	12	19 34 S	31 0 2 W	1017.1	73.1	68.8	73.0
				16			1015.9	72.7	67.8	71.9
				20			1017.6	72.0	67.4	74.0
				24			1016.3	71.0	67.4	71.4
		15		4			1015.1	71.0	68.0	72.6
				8			1016.9	72.5	67.4	73.0
			13.57	12	21 52 S	30 33 W	1015.8	71.5	67.6	71.9
				16			1014.8	72.1	67.1	73.0
				20			1016.7	71.5	68.0	72.0
				24			1016.0	71.0	67.2	71.6
		16		4			1013.8	70.8	66.8	69.0
				8			1015.4	71.0	67.5	70.8
			13.50	12	23 38 S	28 33 W	1014.9	72.0	67.6	70.2
				16			1013.5	70.0	66.7	70.2
				20			1014.5	68.0	66.0	70.0
				24			1014.9	66.4	66.0	69.8
		17		4			1014.4	63.5	62.1	66.1
				8			1017.1	66.0	62.0	69.5
			13.40	12			1017.7	66.5	59.8	70.0
				16			1017.1	67.0	60.0	71.0
				20	24 33 S	24 56 W	1019.5	66.0	57.0	69.0
				24			1019.6	65.7	56.3	68.2
		18		4			1018.4	65.6	58.9	69.2
				8			1021.1	66.0	59.0	69.9
			13.25	12	24 57 S	22 35.5 W	1021.5	67.0	59.9	70.0
				16			1020.7	66.2	59.7	70.0
				20			1022.6	66.0	57.0	69.0
				24			1023.4	65.1	58.2	65.3
		19		4			1022.9	63.3	59.0	67.0
				8			1024.0	65.0	57.0	68.1
			13.14	12	25 04 S	20 06 W	1022.8	66.6	58.5	69.0
				16			1022.0	66.0	57.1	68.1
				20			1023.4	67.0	54.5	65.0
				24			1024.2	63.8	58.8	63.5
		20		4			1022.1	63.8	57.0	66.0
				8			1024.2	64.5	56.0	67.6
			13.13	12	26 27.5 S	19 59.5 W	1024.0	65.8	59.2	64.8
				16			1023.3	65.9	59.9	67.7
				20			1024.3	63.0	58.0	65.0
				24			1025.4	63.8	56.3	64.4
		21		4			1024.2	62.0	54.8	63.6
				8			1026.5	63.0	56.0	65.6
			13.13	12	27 59 S	19 49 W	1026.0	62.9	56.2	65.8
				16			1024.7	63.0	55.5	66.0
				20			1026.8	61.0	55.0	64.5
				24			1027.6	60.9	55.0	62.0
		22		4			1026.7	60.7	54.8	61.9
				8			1027.8	61.0	55.0	63.2
			13.12	12	29 44 S	19 50 W	1027.0	62.0	56.0	64.9
				16			1026.3	67.0	59.0	65.0
				20	30 11 S	19 47 W	1028.6	61.2	57.0	64.9
				24			1028.4	61.2	57.6	62.2
		23		4			1025.9	61.2	56.1	64.0
				8			1026.3	63.0	58.0	64.0
			13.03	12	30 38 S	18 05 W	1025.8	67.3	61.0	63.8
				16			1024.0	64.0	60.4	64.0
				20			1024.0	63.0	60.5	63.5
				24			1024.0	62.0	60.0	63.1
		24		4			1021.0	61.9	60.1	60.9
				8			1021.6	62.0	60.0	61.2
			12.53	12	31 30.5 S	15 14 W	1019.9	64.8	61.8	61.8
				16			1017.7	64.3	61.5	62.2
				20			1017.9	63.4	61.0	62.0
				24			1016.1	62.2	59.0	61.8
		25		4			1013.2	61.2	59.0	61.1
				8			1013.7	62.5	60.0	61.2
			12.39	12			1015.4	58.8	55.8	61.0
				16			1017.1	59.1	55.0	59.2
				20			1019.7	57.0	52.5	58.0
				24			1023.4	56.2	50.0	56.0
		26		4			1023.6	55.0	49.2	58.9
				8			1026.0	55.0	49.5	58.2
			12.26	12	32 29.5 S	8 43 W	1026.3	57.7	51.4	58.0
				16			1026.4	56.5	49.5	60.5
				20			1027.3	56.0	51.0	58.0
				24			1026.9	56.6	50.5	57.9
		27		4			1025.8	56.6	50.6	59.0
				8			1028.0	57.0	50.0	59.0
			12.14	12	33 17 S	5 30 W	1027.5	57.7	50.8	59.1
				16			1026.7	56.5	50.8	58.0
				20			1027.9	56.0	51.0	
				24			1028.2	54.3	50.8	58.0
		28		4			1027.4	54.2	51.1	57.0
				8			1030.0	56.0	51.0	58.0
			12.0	12	33 31 S	2 22 W	1028.5	58.0	52.6	58.0
				16			1027.5	57.0	52.1	60.0
				20			1029.7	56.0	49.0	58.2
				24			1031.5	55.0	48.2	55.5
		29		4			1028.3	54.5	47.3	57.0
				8			1029.1	56.0	49.0	55.0
			11.5	12	33 32 S	0 10 E	1030.0	57.9	49.8	57.5
				16			1028.2	56.0	49.0	58.1
				20			1028.5	58.5	53.0	56.0
				24			1027.9	56.2	52.2	56.0
		30		4			1024.8	56.7	52.1	58.0
				8			1025.4	57.0	52.9	58.0
			11.39	12	33 50.5 S	2 50 E	1023.2	58.3	54.2	58.0
				16			1020.6	57.9	54.8	60.0
				20			1019.8	58.5	54.0	59.0
				24			1018.2	57.5	54.0	59.0
1929	10	1		4			1014.6	58.1	55.0	58.0
				8			1014.1	59.0	55.0	58.0
			11.24	12	34 25 S	6 45 E	1011.5	60.0	56.0	59.5
				16			1009.2	60.0	56.2	59.0
				20			1013.1	65.0	64.0	57.0
				24			1015.8	55.3	50.3	58.2
		2		4			1016.8	53.5	48.5	58.1
				8			1020.3	57.0	50.0	59.0
			11.07	12	34 30.5 S	10 47.5 E	1023.7	53.0	46.2	59.0
				16			1025.1	52.0	47.1	58.9
				20			1027.0	52.0	46.0	57.5
				24			1031.1	51.9	45.9	56.0
		3		4			1030.7	51.0	46.9	60.4
				8			1032.8	53.0	47.0	61.0
			10.52	12	34 22 S	14 13 E	1032.1	56.3	50.0	62.4
				16			1030.6	55.3	49.0	60.2
				20			1031.0	55.0	49.0	59.0
				24			1031.1	54.9	49.0	60.1
		4		4			1026.7	54.5	48.9	58.5
				8			1027.1	55.0	50.0	59.0
			10.41	12	33 58.5 S	16 54 E	1025.6	58.5	52.4	58.0
				16			1022.8	59.5	54.0	60.4
				20			1023.0	57.0	52.1	59.0
				24			1023.0	55.8	51.0	59.0
		5		4	Cape Town		1020.9	56.6	52.0	52.5
				8						
				12						
				16						
				20						
				24						
		19		4						
				8						
			10.32	12	33 55 S	18 17 E	1012.0	63.0	60.0	50.0
				16			1010.7	64.0	60.5	53.8
				20			1012.0	62.5	62.0	54.0
				24			1012.8	63.8	63.0	54.0
		20		4			1012.5	65.0	62.9	54.1
				8			1015.2	65.2	63.0	64.0
			10.32	12	35 13 S	18 07 E	1016.0	67.5	62.8	66.0
				16			1015.5	65.5	61.8	65.1
				20			1017.4	64.0	59.0	65.0
				24			1017.6	62.5	59.7	67.0
		21		4			1017.5	60.6	59.3	64.2
				8			1017.8	64.0	61.0	64.0
			10.3	12	36 48.5 S	19 06 E	1017.7	69.2	61.8	65.0
				16			1017.0	69.8	62.0	67.3
				20			1017.5	64.0	60.0	66.0
				24			1017.2	64.2	60.5	69.0
		22		4			1015.7	64.9	60.0	64.9
				8			1016.4	68.4	63.0	68.5
			10.18	12	37 23 S	21 35.5 E	1016.2	60.8	60.2	71.4
				16			1017.5	59.2	57.0	71.9
				20			1021.4	59.0	57.1	72.0
				24			1023.7	59.7	57.0	68.0
		23		4			1024.3	58.5	55.0	66.0
				8			1024.2	58.5	56.0	65.0
			10.12	12	36 51.5 S	23 05 E	1024.7	59.3	57.8	65.0
				16			1021.1	64.0	62.1	65.5
				20			1021.0	63.0	62.0	65.0
				24			1019.3	63.5	62.0	64.7
		24		4			1014.8	64.9	64.0	64.8
				8			1013.3	67.0	64.0	65.5
			10.09	12	38 9.5 S	23 48 E	1010.1	67.3	65.8	65.0
				16			1008.2	67.1	65.3	65.1
				20			1007.2	67.0	66.0	65.0
				24			1007.5	62.0	60.3	65.3
		25		4			1008.1	58.0	55.5	56.3
				8			1011.3	56.0	54.0	56.5
			10.01	12	39 37 S	25 29 E	1013.5	55.8	53.3	59.0
				16			1015.9	53.5	52.1	61.0
				20			1017.9	52.5	50.0	57.5
				24			1019.0	52.5	51.0	56.0
		26		4			1018.4	54.6	52.0	57.2
				8			1018.9	60.0	57.0	57.0
			9.52	12	40 27.5 S	27 58.5 E	1020.1	59.4	57.0	58.2
				16			1020.9	58.0	55.2	58.3
				20			1022.7	54.0	52.0	58.0
				24			1022.0	55.0	52.3	57.0
		27		4			1019.1	55.4	51.0	56.8
				8			1017.0	58.9	54.9	56.7
			9.41	12	41 20 S	30 52 E	1013.0	56.5	54.1	57.0
				16			1007.8	56.8	55.7	57.9
				20			1004.9	57.0	55.0	57.0
				24			1008.0	50.3	45.0	53.2
		28		4			1009.3	50.5	44.7	55.2
				8			1007.6	51.0	45.7	55.0
			9.27	12	42 11.5 S	34 10.5 E	1004.8	54.3	47.2	53.8
				16			998.8	49.5	48.2	51.0
				20			997.9	44.0	43.0	50.0
				24			1000.8	43.0	40.0	46.0
		29		4			1001.1	42.1	39.2	44.3
				8			1004.1	41.5	39.0	44.0
			9.13	12	42 38.5 S	37 50 E	1004.2	44.0	39.9	44.5
				16			1003.3	46.2	42.0	44.8
				20			1000.9	44.0	43.0	44.0
				24			993.9	44.8	44.0	43.0
		30		4			983.0	47.2	47.0	42.6
				8			979.9	45.0	44.0	43.0
			9.01	12	43 36 S	41 03 E	983.0	40.4	37.5	42.4
				16		Dead reckoning	985.1	38.9	37.6	41.8
				20		Sun observed	987.5	39.0	36.6	41.0
				24			988.4	38.8	34.9	40.2
		31		4			988.4	38.5	36.2	40.8
				8			988.1	38.0	37.0	40.0	
			8.46	12	44 24 S	44 37.5 E	986.9	42.1	38.3	38.6	
				16			985.7	37.8	36.2	39.9	
				20			988.3	36.2	35.0	38.7	
				24			994.3	36.4	34.2	38.8	
1929	11	1		4			997.5	34.7	32.8	37.2	
				8			1000.1	37.7	35.0	38.0	
			8.31	12	44 59 S	48 11.5 E	999.2	40.1	37.4	37.6	
				16			993.9	39.4	38.0	38.2	
				20			991.1	39.0	38.2	38.6	
				24			990.5	39.0	38.0	38.2	
		2		4			989.5	37.6	36.4	38.4	"04.15 Large iceberg, first seen."
				8			991.1	38.0	36.0	38.0	
			8.18	12	46 16 S	51 24 E	992.7	42.9	39.0	37.7	
				16			991.8	40.0	37.2	35.1	
				20			992.2	36.4	32.4	38.2	
				24			992.1	33.1	32.1	37.0	
		3		4			996.6	33.5	32.1	36.5	
				8			1003.6	33.3	31.2	34.4	
			8.17	12			1007.9	36.8	33.3	37.1	12.00 Three icebergs seen to E
				16			1011.4	36.2	31.8	37.0	
				20			1014.0	33.4	30.5	37.0	
				24			1017.0	34.0	31.1	37.0	
		4		4			1017.4	35.3	32.2	36.7	
				8			1019.0	38.9	35.4	37.2	
			8.17	12	46 24 S	51 55 E	1018.7	39.0	36.9	37.3	12.00 Two icebergs visible to N and S
				16			1017.0	38.0	35.9	37.0	
				20			1015.1	36.2	35.1	37.2	
				24			1014.4	37.9	36.7	36.7	
		5		4			1012.9	37.4	36.7	36.2	06.00 Passed two icebergs
				8			1011.3	38.3	37.7	36.0	07.00 Passed one iceberg
			8.06	12	46 45.5 S	55 09 E	1006.4	40.5	39.5	37.7	
				16			998.8	42.0	41.3	38.9
				20			995.0	42.4	42.1	39.0
				24			994.2	39.5	39.0	39.7
		6		4			992.1	39.1	38.4	39.8
				8			989.5	39.9	39.0	40.0
			7.49	12	47 34 S	58 51 E	985.5	41.7	41.0	39.0
				16	Dead reckoning		986.2	41.2	39.6	38.9
				20	Sun observed		991.5	37.0	34.9	39.0
				24			996.2	36.1	32.8	38.8
		7		4			997.0	36.0	33.2	35.9
				8			997.8	36.2	33.7	35.0
			7.31	12	47 47 S	63 14 E	1000.2	40.2	36.6	37.0
				16			1000.6	38.9	36.1	36.0
				20			1001.0	36.2	34.0	37.0
				24			1002.7	36.8	33.9	36.6
		8		4			1002.8	36.8	33.2	36.8
				8			1002.3	37.3	34.9	36.4
			7.14	12	47 59 S	69 31 E	1001.9	40.3	37.8	36.1
				16			1001.1	40.9	38.0	36.6
				20			1001.0	36.5	35.5	36.0
				24			1001.6	35.9	35.2	35.8
		9		4			998.2	34.3	33.9	36.1
				8			995.2	36.2	36.0	36.5
			7.03	12	48 43 S	70 10 E	991.2	37.8	37.1	36.2
				16	Dead reckoning	Sun observed	988.1	37.7	37.1	36.3
				20			985.7	37.5	37.0	37.0
				24			983.0	35.8	35.6	36.6
		10		4			982.0	33.2	33.0	36.2
				8			984.3	34.0	33.2	36.0
			7.00	12	48 44 S	70 15 E	988.7	34.6	33.8	35.9
				16		Dead reckoning	993.0	33.4	32.1	36.1
				20		Sun observed	1000.9	33.5	31.4	36.2
				24			1004.4	33.5	32.0	35.8
		11		4			1008.0	34.2	33.2	36.0
				8			1009.2	34.0	33.2	36.7
			7.02	12	47 35.5 S	70 17 E	1009.2	35.0	31.6	36.9
				16			1007.4	35.1	32.0	36.9
				20			1004.3	34.0	32.0	35.4
				24			1000.2	33.9	32.2	36.0
		12		4			995.0	33.0	32.6	35.5
				8			992.8	34.0	33.7	36.0
			7.04	12	49 27.5 S	70 23 E	991.2	36.2	36.0	36.1
				16			990.3	41.8	38.9	38.3
				20	Kerguelen 	Island	991.0	38.9	39.0	39.0
				24						
		13		4	49 33 S	69 49 E				
				8			993.6	39.8	36.8	37.5
			7.04	12			993.9	41.9	37.6	37.7
				16			995.1	39.5	37.0	37.3
				20			996.8	37.5	34.2	37.2
				24			996.1	37.5	35.1	37.1
		14		4			994.4	35.0	34.1	36.9
				8			994.7	37.0	33.6	37.2
			7.04	12			996.5	39.0	33.9	37.3
				16			997.8	34.8	32.5	36.9
				20			998.5	34.9	33.3	36.9
				24			999.3	34.8	33.8	36.8
		15		4			999.1	33.5	30.5	36.7
				8			1000.0	37.7	34.6	37.1
			7.04	12			1000.6	39.3	36.0	37.2
				16			1002.1	37.4	35.1	37.0
				20			1003.8	34.0	32.4	36.9
				24			1005.3	33.2	30.9	36.5
		16		4			1006.7	33.1	31.7	36.2
				8			1008.9	35.7	33.2	37.0
			7.05	12	49 33 S	69 49 E	1008.4	48.0	41.3	38.2
				16			1007.0	39.0	37.0	39.0
				20			1005.4	37.3	36.2	38.9
				24			1002.6	36.6	36.0	38.4
		17		4			997.6	35.6	35.4	38.2
				8			994.9	36.0	35.9	38.3
			7.06	12			992.2	36.7	36.6	38.5
				16			990.7	37.5	37.2	38.6
				20			991.4	37.5	36.9	37.9
				24			992.7	37.8	36.7	38.0
		18		4			995.1	37.7	36.8	37.7
				8			998.4	37.8	36.5	37.8
			7.06	12			1000.8	38.9	36.3	38.0
				16			1003.5	36.6	33.2	38.0
				20			1006.6	34.0	31.2	37.6
				24			1009.2	32.0	30.5	37.4
		19		4			1009.7	33.5	31.0	37.2
				8			1011.6	35.2	32.0	37.3
			7.06	12			1012.9	38.5	34.0	38.0
				16			1012.9	41.4	35.8	38.3
				20			1013.5	33.5	31.2	38.2
				24			1012.7	33.9	32.0	37.9
		20		4			1010.5	34.1	32.7	37.7
				8			1009.0	38.2	38.2	38.1
			7.06	12			1006.2	43.0	39.0	38.4
				16			1002.5	41.6	39.1	38.5
				20			999.4	36.0	35.1	38.6
				24			997.0	33.6	32.4	38.2
		21		4			1000.5	32.8	30.3	37.0
				8			1003.0	34.7	34.5	37.0
			7.06	12			1002.0	35.8	33.8	37.7
				16			1001.5	35.6	33.1	37.6
				20			999.2	34.1	31.9	37.5
				24			997.7	33.8	32.0	37.5
		22		4			995.5	34.2	32.9	37.4
				8			992.6	35.6	34.9	37.8
			7.06	12	49 27 S	70 03 E	989.7	37.4	36.7	37.4
				16	Island Harbour	Kerguelen Is	987.7	45.0	41.5	37.6
				20	49 28 S	70 05 E	987.6	39.0	37.8	38.0
				24			986.9	35.3	34.3	37.7
		23		4			984.7	36.0	35.1	37.9
				8			984.7	36.8	36.0	38.0
			7.06	12			985.2	38.8	36.9	38.0
				16			986.1	39.8	37.8	38.1
				20			990.5	35.9	35.3	38.0
				24			994.4	34.3	33.2	37.8
		24		4			997.7	32.8	31.3	37.6
				8			1000.2	37.4	33.8	38.0
			7.06	12	49 29 S	70 18 E	1001.3	36.6	34.3	37.6
				16			1001.2	37.2	34.5	36.2
				20			999.8	33.3	32.3	34.0
				24			997.8	35.0	34.1	35.0
		25		4			993.8	35.0	34.4	35.0
				8			990.4	36.5	35.5	35.0
			7.01	12	51 24 S	71 30 E	985.8	38.0	35.9	34.3
				16			980.4	36.6	34.8	34.7
				20			978.3	33.2	32.9	35.0
				24			976.2	33.6	33.0	33.9
		26		4			977.0	32.5	31.9	33.7
				8	Corinthian Bay	Heard Island	980.7	38.0	34.9	34.2
			6.54	12	53 04 S	73 25 E	982.3	39.1	35.5	34.6
				16			984.7	35.1	32.9	34.4
				20			987.2	32.9	31.2	34.2
				24			989.4	34.2	33.0	34.1	
		27		4			989.5	34.0	32.8	34.0	
				8			986.8	33.6	33.0	34.0	
			6.54	12			984.3	35.7	35.3	34.1	
				16			979.9	36.2	35.2	34.2	16.00 Continual rumbling from glacier
				20			977.8	34.5	34.0	34.0	
				24			982.3	34.0	33.2	33.8	
		28		4			984.1	35.0	33.8	34.0	
				8			985.2	36.3	34.0	34.0	
			6.55	12			981.2	35.5	33.8	34.1	
				16			973.3	36.0	35.2	34.3	
				20			967.4	36.2	35.9	34.4	
				24			969.7	35.1	33.8	34.4	
		29		4			968.4	35.5	34.1	34.1	
				8			967.8	35.3	33.2	34.1	
			6.55	12			968.1	40.3	36.0	34.3	
				16			966.0	37.9	34.9	34.8	
				20			963.3	34.0	32.1	34.3	
				24			962.5	33.2	32.4	34.2	
		30		4			962.9	32.2	31.8	34.1	04.00-06.00 Heavy falls of ice from glacier
				8			962.3	34.8	32.5	34.0	
			6.55	12	53 02 S	73 21 E	957.9	34.7	33.5	34.0	
				16			958.1	36.8	34.7	34.3	
				20			961.1	34.0	32.2	34.0	
				24			964.3	34.0	32.2	34.2	
1929	12	1		4			966.9	33.2	31.9	34.0	
				8			968.7	37.8	35.0	34.1	
			6.52	12	52 50 S	74 11 E	970.9	37.7	34.6	34.2	
				16			973.6	35.9	33.8	34.0	
				20			974.8	34.4	33.4	34.3	
				24			977.2	34.2	32.4	34.5	
		2		4			978.9	33.8	32.1	34.6	
				8	Corinthian Bay	Heard Island	980.0	35.9	34.0	34.5
			6.54	12	53 01.5 S	73 34 E	980.4	36.9	34.3	34.5
				16			980.6	39.0	35.6	35.1
				20			981.4	33.2	32.5	35.0
				24			980.7	34.1	33.0	34.8
		3		4			980.7	34.3	32.6	34.5
				8			978.6	33.3	32.8	34.4
			6.56	12			967.5	33.4	33.0	34.3
				16			964.3	35.3	34.0	34.1
				20			962.3	34.0	33.2	34.0
				24			960.9	32.8	32.4	32.2
		4		4			965.0	32.5	32.1	33.1
				8			969.5	32.6	32.3	33.8
			6.48	12	54 28 S	75 29 E	975.4	34.0	33.2	31.9
				16	Dead reckoning		979.7	33.8	32.8	33.2
				20	Sun observed		982.5	32.0	31.9	32.6
				24			985.8	31.8	31.5	32.2
		5		4			987.9	31.6	31.0	32.2
				8			989.3	32.1	31.3	32.1
			6.37	12	55 31.5 S	77 55.5 E	989.3	34.3	32.0	31.6
				16			988.9	34.0	31.8	32.0
				20			985.7	30.6	29.5	31.8
				24			980.2	29.9	29.5	31.9
		6		4			971.6	30.7	29.9	31.1
				8			968.6	29.9	29.5	31.2
			6.39	12	57 02 S	78 05 E	966.7	31.0	30.5	31.0
				16	Dead reckoning	Sun observed	966.6	31.0	30.6	30.9
				20			967.7	30.7	30.3	30.7
				24			968.4	31.0	30.5	31.0
		7		4			967.4	31.0	30.7	30.9
				8			967.1	31.1	30.7	31.0
			6.42	12	58 40 S	77 43 E	969.7	32.9	31.9	31.0
				16			977.2	31.0	30.2	30.8	
				20			982.1	30.2	28.8	30.8	
				24			985.9	30.0	29.1	30.9	
		8		4			989.2	30.1	29.8	31.0	02.00 Weatherworn bergs and pieces of floe ice
				8			986.7	31.9	30.2	31.4	
			6.41	12	60 17 S	77 50 E	985.3	34.7	32.0	31.8	
				16			983.5	32.6	31.4	31.3	
				20			982.1	31.4	30.9	31.2	
				24			982.8	30.3	30.0	30.8	
		9		4			982.0	30.6	30.0	30.8	00-24 hrs Numerous old bergs weatherworn floes of bay ice and small pieces
				8			981.3	32.0	31.1	30.5	
			6.41	12	61 36 S	77 53 E	980.5	32.5	31.6	30.7	
				16			979.8	32.5	31.6	30.7	
				20			980.3	31.2	30.9	30.5	
				24			982.0	30.7	30.1	31.0	
		10		4			982.0	30.0	29.7	30.5	00-24 Numerous icebergs scattered floes of heavy bay ice and from 06-14 hrs. open pack ice. 1000 small berg 12 ft high stained black
				8			980.2	30.0	29.6	30.6	
			6.40	12	62 43 S	78 28 E	978.6	30.4	30.0	-0.70	Celsius
				16			977.9	31.1	30.8	-1.04	
				20			977.8	30.0	27.7	-1.21	
				24			979.3	30.0	29.8	-1.17	
		11		4			979.4	30.0	29.5	-1.19	"03-24 hrs. open pack with areas of open water and close pack ice of all ages, occasional icebergs."
				8			980.7	30.0	29.8	-1.20	
			6.36	12	64 34 S	78 58 E	983.1	30.1	29.9	-1.15	
				16			985.5	31.2	30.9	-1.04	
				20			986.9	30.3	29.9	-1.26	
				24			990.4	29.4	29.1	-1.51	
		12		4			988.0	29.2	29.0	-1.40	"00-12 Light open pack with large stretches open water, few small island bergs. 04.00 hrs, five large bergs with brown stain."
				8			988.0	30.0	29.8	-1.13	
			6.33	12	65 15 S	80 12 E	988.8	28.7	27.6	-1.29	
				16			989.8	28.8	28.0	-1.29	18.30-22 hrs. in close pack otherwie fairly open water near pack several large tabular bergs.
				20			990.6	26.8	26.4	-1.54	
				24			993.9	28.0	26.4	-1.40	
		13		4			993.7	27.8	27.6	-1.69	"6.30-11.00 Pack becoming more dense. Occasional icebergs, one approx. five miles long."
				8			994.8	27.7	26.9	-1.39	
			6.30	12	65 05.5 S	81 01.5 E	996.2	29.9	29.8	-1.55	
				16			996.7	30.1	29.9	-1.40	
				20			996.8	31.2	30.8	-1.52	
				24			998.3	30.2	30.1	-1.50	
		14		4			999.6	29.9	29.6	-1.49	
				8			999.5	29.8	28.5	-1.58	
			6.30	12	65 13 S	80 53 E	999.2	30.2	29.0	-1.31	
				16			998.6	30.1	29.5	-1.77	
				20			997.2	29.2	28.9	-1.61	
				24			997.4	27.8	27.2	-1.56	
		15		4			997.7	26.5	26.0	-1.58	04.00 Two large tabular bergs moving apparently to E.
				8			997.8	27.3	27.0	-1.62	
			6.33	12	65 19 S	80 40 E	997.4	29.0	28.8	-1.29	"13.37-17.00 Working slowly out of dense pack then fairly open water, occasional icebergs, largest two miles long."
				16			997.4	30.5	30.1	-1.57	
				20			997.0	29.8	28.8	-1.23	
				24			997.1	27.8	27.4	-1.31	
		16		4			997.5	24.2	23.3	-1.74	09-24 hrs open and close pack
				8			997.4	26.0	25.8	-1.69	
			6.38	12	65 34 S	79 36 E	998.4	29.2	27.9	-1.11	
				16			999.9	31.6	29.9	-0.66	16.00 Five large tabular and six small irregular bergs in sight.
				20			1000.1	29.9	29.5	-0.86	
				24			1001.7	28.7	27.9	-0.91	
		17		4			999.5	29.0	28.3	-0.91	02.00 Numerous icebergs
				8			997.5	31.0	30.0	-0.73	
			6.44	12	64 31 S	77 41 E	996.2	29.8	29.2	-0.69	
				16			994.8	31.2	30.5	-0.29	
				20			993.1	30.5	30.0	-0.62	
				24			992.6	30.6	30.4	-0.62	
		18		4			991.3	30.5	30.4	-0.60	
				8			991.1	30.4	30.0	-0.77	
			6.54	12	64 41.5 S	75 36 E	991.3	30.4	30.2	-0.89	
				16	Dead reckoning	Sun observed	993.2	31.0	30.7	-0.81	16-20 hrs Occasional icebergs
				20			993.6	30.0	29.9	-0.79	
				24			994.4	29.9	29.8	-0.89	
		19		4			994.9	29.8	29.2	-0.69	00-24 hrs. Few icebergs
				8			995.8	29.9	29.7	-0.81	
			7.00	12	65 39 S	74 08 E	998.2	31.9	30.9	-0.89	
				16			999.1	31.0	30.0	-0.69	
				20			999.4	31.7	31.0	-0.88	
				24			1000.7	30.4	30.2	-0.88	
		20		4			1000.6	29.9	29.6	-1.18	
				8			1000.8	32.2	30.9	-0.69	
			7.03	12	66 12 S	73 42 E	1001.6	32.5	31.8	-1.10	
				16			1002.0	31.0	30.4	-0.65	17.30 Large iceberg with stain
				20			1002.7	30.7	30.5	-0.80	
				24			1003.8	29.8	29.5	-1.24	
		21		4			1004.1	29.9	29.5	-1.00	00-24 Several tabular bergs
				8			1005.8	31.1	30.4	-1.00	
			7.05	12	66 20 S	73 27 E	1005.1	32.0	31.6	-1.18	
				16			1005.4	33.5	32.0	-0.99	
				20			1006.0	30.6	30.0	-1.07	
				24			1005.8	30.2	29.8	-1.10	
		22		4			1005.3	30.2	29.4	-1.47	
				8			1005.2	31.3	30.5	-1.14	
			7.06	12	66 23 S	73 16 E	1004.8	30.7	30.2	-1.02	
				16			1004.5	31.4	31.0	-1.09	
				20			1004.8	27.5	27.3	-1.17	
				24			1005.2	25.4	25.2	-1.59	
		23		4			1003.2	24.9	24.5	-1.59	00-24 Numerous tabular bergs
				8			1002.6	26.9	26.3	-1.82	
			7.06	12	66 22 S	73 01 E	1000.6	29.6	28.5	-1.60	
				16			997.6	31.0	30.0	-1.30	
				20			994.5	29.9	29.0	-1.32	
				24			990.3	30.7	30.2	-1.21	
		24		4			986.4	29.8	29.7	-1.50	
				8			983.3	30.2	29.9	-1.49	
			7.06	12	66 22 S	72 46 E	981.0	30.2	30.0	-1.49	
				16			978.8	30.5	30.3	-1.39	
				20			977.9	30.0	29.8	-1.10	
				24			979.3	29.9	29.6	-1.47	
		25		4			981.9	30.6	30.3	-1.39	00-24 Numerous tabular bergs
				8			985.1	31.0	30.9	-1.18	
			7.09	12	66 27 S	72 38 E	986.7	31.9	31.1	-1.29	
				16			987.3	31.5	31.0	-1.48	
				20			986.5	30.9	30.5	-1.29	
				24			987.6	30.4	30.0	-1.51	
		26		4			988.6	30.7	30.1	-1.43	00-24 Occasional large bergs
				8			988.9	30.7	30.1	-1.48	
			7.14	12	66 49 S	71 29 E	988.7	31.4	30.9	-1.24	
				16			989.3	30.3	30.0	-1.24	
				20			989.4	29.9	29.7	-1.35	
				24			990.3	30.3	30.0	-1.29	
		27		4			989.5	30.9	30.0	-1.34	
				8			988.8	30.3	29.2	-0.67	
			7.16	12	66 48 S	71 24 E	989.1	30.6	30.0	-1.20	
				16			989.2	30.0	29.7	-1.30	
				20			989.2	30.0	29.7	-1.51	
				24			989.1	30.3	29.7	-1.08	
		28		4			988.3	30.7	30.2	-0.79	"00-24 hrs Numerous small tabular bergs, one very high tabular approx. 200 ft. and occasional island bergs"
				8			988.2	31.0	30.5	-0.68	
			7.18	12	65 52 S	70 24 E	987.8	31.0	30.7	-0.51	
				16			987.0	30.7	29.8	-0.92	
				20			986.5	29.7	29.4	-1.60	
				24			986.7	30.2	29.8	-1.77	
		29		4			985.6	31.0	30.5	-0.97	00-24 hrs. Several bergs
				8			984.7	30.7	30.2	-1.03	
			7.30	12	65 06 S	67 53 E	982.7	30.5	30.1	-0.96	
				16			982.3	30.0	29.6	-1.21	
				20			982.0	29.6	29.0	-1.38	
				24			981.8	29.3	29.0	-1.51	
		30		4			982.2	29.4	29.1	-0.88	00-24 hrs. Several bergs
				8			982.6	29.9	29.6	-1.41	
			7.40	12	65 32 S	65 44 E	983.6	30.1	29.8	-1.31	
				16			985.0	30.4	29.7	-1.24	
				20			986.1	30.2	28.9	-1.19	
				24			988.2	30.3	28.8	-1.46	
		31		4			990.5	29.2	28.0	-1.58	00-24 hrs. Several bergs
				8			992.1	31.8	30.3	-1.36	
			7.42	12	66 10.5 S	65 10 E	994.2	31.2	30.0	-0.99	
				16			995.5	31.3	30.1	-0.49	
				20			996.4	28.2	27.7	-0.32	
				24			998.3	29.2	28.5	-0.88	
1930	1	1		4			999.0	29.6	28.9	-1.00	
				8			999.8	29.4	28.7	-0.99	
			7.45	12	66 03 S	64 33 E	1000.7	31.4	30.1	-0.83	
				16			1001.2	30.1	29.0	-0.79	
				20			1001.3	30.0	29.7	-1.12	
				24			1001.4	30.3	30.2	-1.10	
		2		4			1000.9	30.0	29.7	-1.20	
				8			999.3	30.0	29.5	-1.12	
			7.45	12	65 21.5 S	64 45 E	997.5	30.5	30.2	-1.11	
				16			994.6	32.4	31.0	-1.11	
				20			991.5	30.6	30.0	-1.10	20.50-23.15 hrs. Several brgs and great numbers floes of bay ice 15-20 ft high
				24			988.6	29.8	29.8	-1.29	
		3		4			986.5	31.4	30.2	-1.08	"00-22 hrs, Fairly clear water and fields heavy pressure ice"
				8			985.9	31.4	31.0	-1.09	
			7.51	12	66 01 S	62 50 E	986.1	30.4	30.0	-0.79	
				16	Dead reckoning	Sun observed	986.5	30.2	29.8	-0.69	
				20			987.2	29.8	29.0	-0.68	
				24			988.1	28.9	28.4	-0.78	
		4		4			988.2	25.9	25.1	-0.97	00-24 hrs. Open water among dense pack
				8			988.3	29.3	28.0	-0.52	
			8.00	12	66 35 S	61 19 E	989.4	30.2	29.0	-0.69	
				16			990.2	30.7	30.0	-0.40	
				20			991.6	31.4	30.4	-0.49	
				24			993.3	29.1	28.2	-0.68	
		5		4			993.7	29.7	29.0	-0.59	02.00 hrs. Mirage to S and SW showing up bergs and land
				8			993.5	28.0	25.9	-0.64	
			8.01	12	66 30 S	61 08 E	993.4	28.9	26.0	-0.48	
				16			992.3	30.7	27.2	-0.50	
				20			990.8	30.5	27.0	-0.37	
				24			989.3	30.8	29.9	-0.34	
		6		4			983.7	27.8	27.2	-0.61	00-24 hrs. Scattered drift ice
				8			977.8	28.0	27.2	-0.84	
			8.07	12	66 22 S	59 30 E	973.4	27.9	27.1	-0.82	
				16	Dead reckoning	Sun observed	972.9	28.4	27.6	-0.75	
				20			974.6	28.8	28.1	-0.98	
				24			976.5	29.0	28.5	-0.91	
		7		4			978.2	29.3	29.0	-0.94	00-24 hrs. Scattered pack near close pack several bergs.
				8			980.7	31.0	31.0	-1.00	
			8.10	12	66 24 S	59 07 E	984.4	30.9	30.7	-0.64	
				16			986.2	31.6	31.0	-1.32	
				20			988.7	31.0	30.8	-0.88	
				24			991.2	31.1	30.8	-0.76	
		8		4			992.0	30.9	30.5	-0.80	"00-24 hrs. Drift ice off edge of close heavy pack, several large bergs"
				8			992.0	30.0	29.8	-0.99	
			8.14	12	66 13 S	58 13 E	989.6	30.3	30.0	-0.99	
				16			986.8	30.8	30.5	-1.18	
				20			985.7	30.5	30.1	-0.72	
				24			984.9	30.5	30.0	-0.69	
		9		4			983.5	30.2	29.8	-0.51	"00-24 hrs. Isolated pieces of small ice, several bergs"
				8			981.8	29.9	29.6	-0.71	
			8.14	12	66 06 S	58 31 E	980.4	30.0	29.8	-0.71	
				16	Dead reckoning	Sun observed	979.1	30.2	29.9	-0.56	
				20			978.7	30.2	29.9	-0.58	
				24			979.5	29.7	29.3	-0.72	
		10		4			980.0	29.8	29.5	-0.62	"00-24 hrs. Open water near edge of pack, several bergs."
				8			981.3	29.8	29.5	-1.29	
			8.13	12	66 14 S	58 34 E	983.6	30.3	29.8	-1.09	
				16			986.5	29.9	29.2	-0.68	
				20			988.3	29.0	28.1	-0.67	
				24			989.4	28.7	27.7	-0.67	
		11		4			989.8	27.8	27.3	-0.82	
				8			990.0	27.3	26.0	-0.80	
			8.07	12	66 34 S	60 13 E	990.7	27.6	26.1	-0.88	"13.40-15.00 hrs. In heavy pack, otherwise fairly open water near edge of pack number of large bergs mostly of island type"
				16			990.3	28.5	27.6	-0.86	
				20			989.8	28.0	27.3	-1.15	
				24			989.9	28.0	27.3	-0.52	
		12		4			988.7	28.4	27.6	-0.89	00-24 hrs. Scattered pack off edge of close pack great numbers of large icebergs in lines steaming west aned gradually approacdhing ice cliff coast
				8			988.6	28.5	27.8	-0.90	
			8.17	12	65 51 S	57 13 E	988.2	28.7	27.3	-0.64	
				16			988.2	29.7	27.3	-0.69	
				20			988.4	29.5	27.8	-0.69	
				24			989.8	25.7	23.1	-1.53	
		13		4			990.6	25.9	23.3	-1.57	
				8			991.1	29.0	26.7	-1.61	
			8.33	12	65 50 S	53 37 E	992.7	33.2	31.8	-1.19	"12.50 hr, 64 bergs in sight. 14.00 hr. Coast of ice cliff with ice slopes rising to apparently 3000 ft. Several peaks. 06.00-10.00 Approaching Proclamation Island through open and close pack, great number bergs "
				16			992.7	30.6	27.3	-1.17	
				20			992.3	28.9	27.0	-1.31	
				24			992.3	26.6	25.8	-1.71	
		14		4			990.4	26.0	24.6	-1.59	00-24 hrs. Numerous stranded bergs
				8			988.8	29.9	27.8	-1.69	
			8.53	12	66 12 S	49 21 E	988.4	28.9	26.8	-1.06	
				16			987.3	30.1	28.1	-1.01	
				20			986.8	28.8	27.5	-1.60	
				24			988.2	28.6	27.8	-0.88	
		15		4			988.3	29.0	28.3	-1.09	
				8			989.8	29.5	28.8	-1.29	
			9.07	12	66 35 S	45 22 E	992.0	30.8	29.2	-0.99	
				16			993.0	30.9	29.1		
				20			994.6	29.9	28.0	-1.30	
				24			996.9	29.0	28.2	-1.62	
		16		4			995.9	29.8	29.0	-0.78	
				8			995.6	29.0	27.9	-0.89	
			8.56	12	66 12 S	48 12 E	995.1	29.7	28.5	-0.90	
				16			994.1	30.7	29.8	-0.88
				20			993.5	30.5	29.4	-1.14
				24			994.6	28.4	28.0	-0.94
		17		4			993.4	28.2	27.4	-1.00
				8			992.8	28.8	27.7	-1.29
			8.52	12	66 11 S	49 39 E	993.2	29.3	27.8	-1.30
				16			992.7	29.8	28.2	-1.51
				20			993.0	28.9	27.4	-1.47
				24			995.5	27.6	27.0	-1.69
		18		4			994.2	26.9	26.4	-1.77
				8			994.9	28.5	27.5	-1.81
			8.53	12	66 14 S	49 24 E	995.0	29.0	28.3	-1.26
				16	Dead reckoning	Sun observed	994.3	29.0	28.4	-1.78
				20			991.1	30.0	29.5	-0.98
				24			987.3	29.6	29.3	-0.72
		19		4			980.9	29.9	29.7	-0.56
				8			978.5	30.4	30.0	-0.50	
			9.09	12	66 29 S	43 17 E	975.5	31.1	30.8	-0.69	
				16			973.5	31.8	31.7	-0.71	
				20			971.7	31.4	30.6	-0.69	
				24			973.3	31.2	30.8	-0.70	
		20		4			973.7	31.0	30.2	-0.74	00-24 hrs. Occasional icebergs
				8			973.7	31.2	30.0	-0.77	
			9.18	12	66 25 S	43 05 E	974.4	31.5	30.6	-0.79	
				16			975.6	31.3	30.4	-0.78	
				20			975.2	30.8	30.2	-0.71	
				24			977.4	31.1	30.6	-0.70	
		21		4			978.3	31.0	30.2	-0.61	
				8			979.0	30.8	30.0	-0.79	
			9.16	12	66 40 S	43 50 E	980.5	31.4	30.8	-0.79	
				16			981.0	30.9	30.2	-0.63	
				20			981.6	30.7	30.0	-0.64	
				24			982.5	30.4	29.6	-0.59	
		22		4			982.0	30.9	29.7	-0.80	"00-24 hrs. Passing through occasional tongues of brash ice, numerous bergs to south"
				8			981.5	30.6	29.7	-0.90	
			9.06	12	66 39 S	46 26 E	982.3	31.6	29.7	-1.37	
				16			982.8	32.0	30.1	-1.09	
				20			982.7	31.9	29.0	-1.69	
				24			983.4	30.5	29.2	-1.31	
		23		4			984.2	27.7	26.7	-1.41	"00-24 hrs. Making east in open water along edge of pack, numerous large stranded tabular icebergs"
				8			983.6	31.5	28.0	-1.17	
			8.47	12	66 06 S	50 50 E	984.1	30.8	28.7	-1.51	
				16			984.2	30.5	27.8	-1.20	
				20			984.5	29.4	26.8	-1.20	
				24			986.4	27.6	25.5	-1.48	
		24		4			986.8	27.0	24.9	-1.49	
				8			987.9	27.3	23.7	-1.68	
			8.39	12	65 41 S	53 16 E	990.0	28.2	25.4	-1.48	
				16			991.6	28.2	25.0	-1.28	
				20			993.1	26.0	23.9	-1.74	
				24			994.9	24.5	22.6	-1.67	
		25		4			995.4	23.1	21.4	-1.79	
				8			995.5	26.8	24.1	-1.77	
			8.40	12	65 51 S	53 30 E	995.9	28.4	26.5	-1.29	
				16			995.2	29.0	26.0	-0.92	
				20			994.3	28.2	27.0	-1.18	
				24			993.8	28.5	27.3	-1.30	
		26		4			993.1	28.0	25.9	-1.39	00-16 hrs Many stranded bergs. 16.20 hr. started north open water no pack ice. 19.40 hr. clear of outer line of icebergs.
				8			992.3	27.2	24.9	-1.00	
			8.35	12	65 47 S	54 27 E	991.2	28.5	25.0	-0.24	
				16			989.8	29.0	26.2	-1.49	
				20			989.0	29.9	27.8	0.51	
				24			988.4	30.8	28.1	0.40	
		27		4			987.6	30.2	28.8	0.42	"00-24 hrs. Open water occasional bergs, two tabular 220 and 165 ft high and one tower shaped 270 ft."
				8			988.8	29.7	28.5	0.93
			8.33	12	65 02 S	54 50 E	989.1	30.7	29.0	1.03
				16			991.7	31.3	28.7	1.09
				20			993.2	31.4	29.4	1.13
				24			995.6	31.9	30.1	0.46
		28		4			997.4	31.8	29.8	0.75
				8			998.3	32.8	30.4	0.77
			8.36	12	63 51 S	54 17 E	998.7	32.9	30.0	0.81
				16			999.5	32.3	30.0	0.97
				20			996.2	32.9	30.8	1.04
				24			993.2	31.8	29.5	1.28
		29		4			984.8	32.8	31.0	1.03
				8			977.2	32.0	32.0	0.68
			8.36	12	62 51 S	54 18 E	969.4	32.1	31.8	0.99
				16	Dead reckoning	Sun observed	969.4	33.9	33.0	0.61
				20			965.7	34.0	33.1	0.51
				24			966.4	33.9	33.0	0.53	
		30		4			965.0	33.4	32.5	0.55	
				8			963.5	33.0	32.5	0.60	
			8.36	12	62 24 S	53 48 E	962.5	33.5	32.7	0.60	
				16			962.3	32.9	32.5	0.48	
				20			964.9	33.0	32.7	0.59	
				24			967.2	33.7	32.7	0.59	
		31		4			968.6	33.1	32.7	0.67	07.00 Large island type berg. 13-16 hrs. Three large irregular bergs
				8			968.7	34.0	33.1	0.65	
			8.4	12	61 19 S	53 17 E	970.5	34.1	33.1	0.77	
				16			971.6	34.4	33.3	1.05	
				20			971.7	34.0	33.7	0.97	
				24			974.5	33.9	33.4	0.99	
1930	2	1		4			977.0	33.2	32.9	1.14	00-24 hrs. One large and several small irregular bergs
				8			980.7	33.6	32.9	0.89	
			8.4	12	59 30 S	53 11 E	985.2	34.4	33.5	1.12	
				16			990.9	34.7	33.0	0.97	
				20			995.4	34.2	33.5	1.46	
				24			1000.2	34.7	33.1	1.18	
		2		4			1004.0	34.3	33.0	1.46	00-24 hrs. Ten bergs tabular and irregular 
				8			1005.6	34.8	33.4	1.66	
			8.34	12	57 17.5 S	55 22 E	1007.5	35.1	33.8	1.66	
				16			1007.0	37.5	35.2	1.46	
				20			1007.1	35.2	33.7	1.87	
				24			1009.9	36.0	34.8	1.83	
		3		4			1010.2	35.8	34.7	1.94	
				8			1010.0	36.0	35.4	2.07	
			8.29	12	55 11.5 S	56 14 E	1007.5	35.5	35.0	2.14	
				16	Dead reckoning	Sun observed	1008.6	35.4	35.1	2.23	
				20			1005.5	35.7	34.6	2.27	
				24			1009.4	35.7	34.0	2.39	
		4		4			1013.1	35.7	33.0	2.54	04.00 and 06.00. One small and one large berg showing black stain
				8			1016.3	35.7	32.7	2.69
			8.28	12	53 14 S	56 36 E	1018.6	36.9	33.9	2.83
				16			1021.0	37.4	34.0	3.48
				20			1019.9	37.4	35.3	3.33
				24			1019.2	37.5	36.1	3.23
		5		4			1017.0	39.0	36.9	3.37
				8			1017.1	40.4	38.2	3.44
			8.15	12	51 31 S	59 54 E	1017.1	40.9	39.4	3.56
				16			1016.5	41.8	40.4	3.97
				20			1016.5	41.8	40.4	3.91
				24			1016.9	40.7	40.1	3.52
		6		4			1018.9	39.7	39.2	3.76
				8			1020.3	38.9	38.4	3.50
			7.58	12	50 37 S	64 3.5 E	1021.6	40.0	39.2	3.75
				16			1020.4	39.8	39.5	4.05
				20			1020.7	39.7	39.5	3.85
				24			1020.4	39.1	39.0	3.65
		7		4			1019.2	39.9	39.8	3.70
				8			1018.4	39.8	39.2	3.73
			7.42	12	50 10.5 S	68 14 E	1017.2	41.3	40.0	3.78
				16			1013.9	41.5	41.1	3.55
				20			1009.7	46.9	45.0	3.90
				24			1004.7	49.3	47.0	4.00
		8		4			1000.1	53.5	50.5	4.08
				8	Port	Jeanne D'Arc	994.6	51.4	50.5	5.85
			7.42	12	49 33 S	69 49 E	990.6	50.4	49.2	6.00
				16			994.6	55.8	53.7	6.00
				20			998.4	55.0	52.3	5.82
				24			1000.9	45.4	40.3	5.46
		9		4			1002.8	44.2	39.3	5.35
				8			1002.8	44.7	41.4	6.21
			7.35	12			999.4	54.9	48.4	6.75
				16			1000.0	57.6	48.4	5.81
				20			1004.1	44.5	41.0	5.59
				24			1006.8	40.2	38.2	5.15
		10		4			1006.9	42.2	40.0	5.77
				8			1005.1	42.9	41.0	6.24
			7.35	12			1004.2	42.4	41.0	6.23
				16			1004.0	40.8	38.0	6.25
				20			1005.7	39.1	36.1	5.67
				24			1008.4	38.2	33.9	5.70
		11		4			1009.6	39.2	35.8	5.66
				8			1008.5	44.0	39.6	5.84
			7.35	12			1005.7	45.4	40.3	5.55
				16			1003.2	45.1	40.3	5.45
				20			1001.9	46.8	42.2	5.59
				24			1002.0	46.2	42.5	5.47
		12		4			1000.0	46.5	42.8	5.38
				8			1001.7	46.0	41.1	5.56
			7.35	12			1004.4	46.0	39.8	5.68
				16			1005.4	46.6	41.3	5.45
				20			1006.7	42.2	38.7	5.44
				24			1006.2	40.6	36.9	5.60
		13		4			1004.5	37.8	34.8	5.70
				8			1002.7	41.9	36.7	5.68
			7.35	12			1000.8	43.9	39.0	5.70
				16			1000.5	43.8	40.0	5.75
				20			1001.2	40.8	40.4	5.55
				24			1002.8	39.3	39.2	5.47
		14		4			1005.2	38.9	35.1	5.43
				8			1008.0	40.0	35.5	5.45
			7.35	12			1010.9	42.2	37.6	5.54
				16			1012.4	42.0	37.2	5.74
				20			1014.9	38.8	34.8	5.45
				24			1015.7	39.2	33.6	5.45
		15		4			1015.7	39.0	38.9	5.37
				8			1018.1	40.2	40.0	5.21
			7.35	12			1016.9	46.3	41.1	6.19
				16			1016.6	52.0	46.0	6.47
				20			1015.9	43.0	43.0	5.46
				24			1014.0	41.6	41.4	5.57
		16		4			1011.9	44.3	40.3	5.56
				8			1010.3	46.5	42.0	5.70
			7.35	12			1006.7	51.6	47.2	5.70
				16			1002.3	52.8	48.4	5.85
				20			998.8	51.8	47.9	5.82
				24			992.6	50.3	47.8	5.65
		17		4			991.9	48.2	48.3	5.77
				8			996.3	42.5	37.6	5.85
			7.35	12			1000.1	44.7	38.0	5.82
				16			1003.4	45.0	37.9	5.56
				20			1008.2	40.3	36.4	5.46
				24			1010.5	39.8	38.7	5.16
		18		4			1010.8	39.9	38.1	5.90
				8			1011.6	44.8	43.2	5.85
			7.35	12			1009.3	47.5	41.2	6.15
				16			1007.8	44.2	41.0	5.99
				20			1007.0	41.5	40.3	5.94
				24			1006.4	41.7	40.9	6.05
		19		4			1007.1	42.1	39.5	5.94
				8			1008.5	44.2	40.0	6.05
			7.35	12			1009.5	50.0	47.6	6.85
				16			1009.9	45.0	42.9	7.05
				20			1009.8	45.7	42.7	7.07
				24			1008.6	45.0	43.0	7.08
		20		4			1004.4	45.3	44.1	6.99
				8			1002.8	50.0	48.2	6.97
			7.35	12	49 31 S	70 00 E	1000.3	50.9	49.9	7.50
				16			997.4	49.0	48.0	7.13
				20	Observatory Bay	Royal Sound	995.4	48.9	48.1	6.91
				24	49 25 S	69 55 E	993.6	48.5	48.1	8.14
		21		4			994.1	45.0	39.2	6.17
				8			996.1	45.5	40.1	6.07
			7.35	12	49 30 S	70 04 E	996.5	45.2	40.0	6.35
				16			997.3	44.0	39.2	5.56
				20	Murray Island		999.9	41.1	36.3	5.50
				24	49 30 S	70 14 E	1001.3	40.0	36.8	5.04
		22		4			1004.5	39.1	37.7	5.46
				8			1008.4	40.1	37.4	5.74
			7.35	12	49 30 S	70 14 E	1010.4	43.7	37.8	6.05
				16			1010.7	44.8	38.9	6.09
				20			1008.5	42.9	39.2	5.93
				24			1001.7	44.0	42.0	5.95
		23		4			994.6	47.2	46.1	5.95
				8			993.7	45.8	41.9	5.91
			7.33	12			992.7	46.7	41.0	5.98
				16			989.6	44.8	41.5	6.05
				20			985.3	44.5	41.8	5.95
				24			979.0	43.9	41.9	5.90
		24		4			977.2	42.9	39.7	5.86
				8			981.4	40.7	37.2	5.82
			7.33	12			983.9	42.5	38.4	5.88
				16			986.5	41.9	37.9	5.89
				20			988.2	40.3	36.8	5.85
				24			990.2	40.5	37.0	5.90
		25		4			992.3	40.2	36.7	5.79
				8			993.6	44.2	37.3	5.75
			7.33	12			989.6	43.5	39.9	5.94
				16			988.8	44.4	40.5	5.86
				20			993.6	42.0	37.8	5.74
				24			995.5	43.0	38.9	5.80
		26		4			996.0	41.3	38.7	5.77
				8			994.7	42.5	38.6	5.63
			7.33	12			992.5	42.8	39.1	5.65
				16			989.0	43.1	39.9	5.73
				20			986.8	41.5	40.1	5.65
				24			993.2	40.3	35.3	5.70
		27		4			999.5	39.2	35.4	5.51
				8			1004.8	40.5	35.8	5.55
			7.33	12			1008.8	42.6	37.0	5.70
				16			1011.6	43.0	38.4	5.76
				20			1013.1	41.6	37.1	5.66
				24			1011.2	42.0	38.0	5.70
		28		4			1004.0	42.9	39.6	5.66
				8			993.4	45.7	45.7	5.65
			7.33	12			987.2	51.0	47.8	5.70
				16			994.1	43.0	36.3	5.65
				20			998.9	41.5	36.0	5.54
				24			1001.4	41.2	35.8	5.55
1930	3	1		4			1005.4	41.1	36.6	5.55
				8			1005.2	41.3	36.0	5.48
			7.33	12			1004.6	42.6	37.5	5.55
				16			1004.9	43.2	38.7	5.56
				20			1007.0	41.8	38.0	5.50
				24			1007.0	41.8	38.3	5.50
		2		4			1004.2	41.2	37.8	5.50
				8			1000.1	43.0	39.8	5.45
			7.30	12	49 27.5 S	70 35.5 E	994.2	43.2	42.0	4.40
				16			995.6	42.5	39.1	3.89
				20			1000.7	40.0	37.0	3.66
				24			1004.2	39.0	36.4	3.35
		3		4			1006.2	38.8	35.6	3.67
				8			1009.4	40.0	36.2	4.65
			7.16	12	48 31 S	73 57 E	1011.8	40.0	35.9	4.88
				16			1012.8	40.7	37.6	5.38
				20			1014.4	39.8	36.9	5.09
				24			1015.9	40.3	36.3	5.75
		4		4			1016.2	39.7	35.9	5.44
				8			1018.4	41.2	36.9	5.24
			7.05	12	47 43 S	76 48 E	1019.7	41.8	37.1	5.55
				16			1019.9	41.1	36.2	6.09
				20			1020.9	42.2	38.9	5.72
				24			1022.2	42.3	39.0	6.14
		5		4			1021.7	43.0	39.1	6.15
				8			1022.4	43.8	40.0	6.45
			6.57	12	47 10 S	78 51 E	1021.5	45.1	42.4	6.23
				16			1020.6	45.6	43.1	7.37
				20			1020.2	45.2	44.0	6.93
				24			1018.6	45.1	44.9	6.84
		6		4			1015.8	45.2	44.8	7.16
				8			1013.3	46.0	46.0	6.95
			6.48	12	46 37.5 S	80 52 E	1011.2	46.4	46.3	7.19
				16	Dead reckoning	Sun observed	1011.1	47.0	46.8	7.14
				20			1013.0	46.9	46.8	7.06
				24			1015.0	42.1	40.8	7.86
		7		4			1016.1	43.1	39.2	9.06
				8			1016.5	42.8	39.5	9.84
			6.35	12	45 53 S	84 14.5 E	1014.7	45.4	40.8	10.35
				16			1011.5	47.4	46.5	10.14
				20			1009.2	50.2	50.2	10.22
				24			1006.4	50.3	50.2	9.43
		8		4			1004.2	50.8	50.4	9.34
				8			1007.4	49.7	48.0	8.41
			6.22	12	45 10 S	87 12.5 E	1009.1	47.8	44.2	8.60
				16			1010.2	46.5	42.5	8.66
				20			1010.7	47.6	45.0	8.63
				24			1008.2	48.0	45.5	8.97
		9		4			1005.2	49.4	48.7	8.96
				8			999.3	48.1	47.9	9.17
			6.12	12	44 34.5 S	90 04.5 E	999.7	51.9	49.6	9.93
				16			1004.5	48.8	44.7	9.48
				20			1006.7	48.5	45.0	8.74
				24			1009.5	47.5	45.3	8.77
		10		4			1012.2	47.2	42.9	8.95
				8			1013.9	47.8	44.1	8.99
			5.56	12	43 26 S	93 35 E	1016.6	48.8	44.0	9.25
				16			1017.8	49.9	44.8	9.79
				20			1019.9	48.3	44.7	9.66
				24			1020.8	49.0	44.5	10.14
		11		4			1020.2	49.9	45.1	10.28
				8			1021.0	52.7	46.9	11.84
			5.44	12	42 41 S	96 25.5 E	1020.9	52.1	46.7	11.87
				16			1019.6	52.5	44.8	11.78
				20			1020.2	52.8	50.8	11.43
				24			1019.3	55.3	52.3	13.14
		12		4			1017.6	54.2	51.8	12.99
				8			1018.4	53.6	52.1	12.92
			5.35	12	42 04 S	98 45.5 E	1018.2	58.8	54.5	14.44
				16			1017.4	56.3	53.4	13.36
				20			1018.2	55.2	53.8	13.33
				24			1018.6	55.9	54.7	13.19
		13		4			1017.7	55.1	54.8	13.48
				8			1018.3	56.0	56.0	12.87
			5.26	12	41 18 S	100 57 E	1018.3	57.1	57.0	13.15
				16			1018.4	56.0	56.0	13.15
				20			1020.1	56.3	56.3	13.27
				24			1020.0	57.4	57.3	13.40
		14		4			1020.1	57.3	57.3	13.97
				8			1022.8	56.8	56.2	14.02
			5.12	12	40 22 S	104 20 E	1024.1	57.8	55.3	13.89
				16			1024.1	58.2	56.2	14.16
				20			1026.0	56.8	55.3	13.95
				24			1026.9	57.5	55.3	14.36
		15		4			1027.5	56.7	55.0	14.48
				8			1028.7	56.6	54.8	14.33
			5.04	12	39 40 S	106 18.5 E	1029.1	56.2	54.1	15.05
				16			1029.3	56.0	53.8	14.95
				20			1031.4	56.6	54.0	14.30
				24			1030.6	56.0	52.5	14.38
		16		4			1030.3	58.8	53.9	14.77
				8			1031.1	57.8	53.0	14.57
			4.53	12	38 42.5 S	108 55 E	1030.8	58.5	53.5	15.78
				16			1029.8	59.0	54.0	15.95
				20			1030.4	58.2	53.2	17.53
				24			1030.2	58.7	55.0	17.71
		17		4			1028.7	61.5	55.1	16.98
				8			1029.1	61.2	54.3	17.77
			4.44	12	37 59 S	110 59 E	1027.7	62.7	57.0	18.25
				16			1026.0	62.8	58.6	18.55
				20			1026.1	62.1	59.0	18.53
				24			1025.9	62.2	59.3	18.12
		18		4			1023.6	62.2	59.8	17.83
				8			1023.3	62.4	60.0	17.67
			4.37	12	37 17 S	112 47 E	1022.4	62.0	60.7	17.02
				16			1020.7	63.1	60.4	18.03
				20			1021.0	63.2	61.0	17.75
				24			1021.0	63.5	61.7	18.16
		19		4			1020.1	63.8	62.2	17.99
				8			1019.7	64.8	62.5	18.37
			4.28	12	36 41 S	114 55 E	1018.5	64.8	62.8	18.84
				16			1017.0	65.7	64.8	18.64
				20			1017.7	65.8	64.5	18.89
				24			1017.9	65.7	64.7	18.97
		20		4			1017.0	66.2	64.9	18.90
				8			1017.6	66.1	65.3	18.78
			4.24	12	35 58 S	115 54 E	1017.2	66.4	66.2	19.03
				16			1017.1	67.5	66.8	20.27
				20			1019.9	67.7	66.9	20.56
				24			1020.6	67.0	66.4	20.86
		21		4			1020.8	67.3	66.8	20.99
				8			1020.7	66.2	65.8	19.98
			4.15	12	35 24.5 S	118 03.5 E	1022.7	66.5	65.8	19.37
				16			1023.2	66.9	65.0	19.37
				20			1025.2	66.6	64.8	19.37
				24			1025.7	66.1	63.2	19.74
		22		4			1025.0	67.2	63.4	19.67
				8			1026.5	64.9	61.4	19.60
			4.09	12	35 02.5 S	119 37 E	1025.4	66.0	61.9	19.43
				16			1023.4	67.6	61.8	19.06
				20			1023.5	64.3	61.5	17.97
				24			1022.6	65.0	62.2	18.95
		23		4			1021.2	65.1	62.3	19.25
				8			1022.1	65.5	61.8	18.93
			4.01	12	35 05 S	121 28.5 E	1021.3	65.6	62.4	19.64
				16			1019.1	67.5	62.0	19.59
				20			1019.9	65.8	61.8	19.41
				24			1020.0	66.3	63.2	19.42
		24		4			1019.8	67.1	64.3	19.69
				8			1020.9	67.2	64.4	19.57
			3.55	12	35 16 S	123 06 E	1020.5	67.4	64.1	19.32
				16			1019.5	67.0	63.9	19.65
				20			1020.2	66.7	63.5	19.93
				24			1020.5	65.8	63.3	19.54
		25		4			1020.5	65.9	63.8	19.87
				8			1021.4	66.4	64.5	19.76
			3.48	12	35 30 S	124 36.5 E	1020.5	67.2	65.0	19.14
				16			1019.8	66.5	64.5	19.22
				20			1019.7	65.8	63.8	19.28
				24			1018.6	65.1	63.6	19.29
		26		4			1017.5	65.3	64.1	18.87
				8			1019.0	65.5	63.9	18.12
			3.42	12	35 36 S	125 58 E	1017.9	66.2	64.7	19.23
				16			1016.6	65.9	64.2	18.38
				20			1016.8	66.0	65.0	18.87
				24			1016.8	65.6	64.5	18.83
		27		4			1017.1	65.2	64.3	18.32
				8			1018.8	66.3	64.9	18.15
			3.31	12	35 36 S	128 09 E	1017.8	67.1	65.3	19.03
				16			1017.4	66.8	65.0	19.15
				20			1017.0	66.8	64.7	18.74
				24			1016.6	67.5	63.5	18.72
		28		4			1016.6	67.5	63.9	18.67
				8			1017.7	66.7	64.4	18.45
			3.23	12	35 33 S	130 12 E	1018.6	68.2	64.1	18.57
				16			1019.5	67.5	64.2	18.77
				20			1021.0	67.2	64.0	18.72
				24			1021.0	66.4	63.8	18.10
		29		4			1020.9	67.8	63.7	18.47
				8			1023.0	68.8	64.5	18.55
			3.13	12	35 20 S	133 21.5 E	1023.0	70.8	65.0	19.24
				16			1021.3	69.0	65.4	18.65
				20			1021.6	66.8	64.0	18.89
				24			1020.0	66.8	63.8	18.39
		30		4			1017.6	66.8	63.9	18.65
				8			1019.6	64.4	63.8	17.27
			3.02	12	35 28 S	136 02 E	1017.9	65.7	62.0	17.37
				16			1014.6	67.0	62.9	17.73
				20			1014.2	68.5	63.0	18.47
				24			1014.2	68.9	63.8	18.57
		31		4			1013.4	65.5	62.0	18.42
				8			1012.6	66.5	63.6	18.26
			2.52	12	35 24 S	137 52 E	1012.2	68.5	65.2	18.55
				16			1010.4	68.5	64.8	20.19
				20			1011.2	66.6	63.3	20.29
				24			1011.8	65.0	61.0	20.08
1930	4	1		4	"Semaphore,"	Adelaide	1010.9	63.0	60.1	20.02
				8	
			2.30	12	
				16	
				20	
				24	
		2		4	
				8	
			2.30	12	
				16	
				20	
				24	
		3		4	
				8	
			2.30	12	Port Adelaide
				16	
				20	
				24			1026.2	60.2	56.9	66.8	Fahrenheit
		4		4			1024.3	58.4	56.4	63.2	
				8			1027.3	58.2	53.8	63.0	
			2.49	12			1027.0	62.1	50.5	62.0	
				16			1025.9	59.2	54.4	61.9	
				20			1026.3	59.2	56.5	62.0	
				24			1026.5	57.0	56.8	60.5	
		5		4			1025.7	55.0	52.4	60.0	
				8			1026.5	57.5	54.4		
			2.45	12	37 15.5 S	139 28.5 E	1026.2	60.1	53.9	58.2	
				16			1023.6	59.1	56.4	58.4	
				20			1023.8	58.2	57.1	57.6	
				24			1023.3	57.0	54.9	58.6	
		6		4			1021.9	56.5	54.4	57.9	
				8			1023.8	57.2	54.0	59.1	
			2.39	12	38 22 S	140 54.5 E	1023.3	60.2	56.0	60.0	
				16			1021.5	60.0	55.6	59.9
				20			1022.4	58.7	56.4	59.5
				24			1022.0	57.7	54.7	59.1
		7		4			1021.9	57.4	53.8	58.9
				8			1024.0	58.5	54.8	58.7
			2.32	12	38 06.5 S	142. 45.5 E	1024.9	60.0	54.8	59.5
				16			1022.2	60.0	54.8	59.4
				20			1023.5	59.2	53.9	60.0
				24			1022.7	59.2	55.0	61.8
		8		4			1020.8	59.3	55.6	60.0
				8			1021.7	58.9	56.2	62.0
				12			1021.4	63.9	58.0	62.0
