SIX-HOURLY OBSERVATIONS ABOARD THE U.S.S BEAR - 20/12/1939 TO 29/02/1940							
							
YEAR	MONTH	DAY	LAT - S	LONG - W	TIME	BAROMETER	SST
1939	12	20	33.7	1.8	0	30.36	63
		20	34.6	2.4	6	30.36	64
		20	35.1	2.9	12	30.27	62
		20	35.9	3.4	18	30.25	62
		21	36.7	3.9	0	30.12	62
		21	37.4	4.5	6	30.04	61
		21	38.1	5.2	12	29.92	61
		21	38.9	5.8	18	29.92	64
		22	39.6	6.5	0	29.88	59
		22	40.2	7.3	6	29.79	59
		22	40.9	7.9	12	29.72	55
		22	41.5	8.5	18	29.76	54
		23	42.0	9.0	0	29.76	52
		23	42.5	9.5	6	29.79	50
		23	43.7	10.6	12	29.73	51
		23	44.4	11.3	18	29.77	50
		24	45.0	11.6	0	29.74	48
		24	45.7	11.9	6	29.75	47
		24	46.5	12.2	12	29.72	45
		24	47.2	12.6	18	29.75	45
		25	47.9	13.0	0	29.73	46
		25	48.6	13.7	6	29.71	48
		25	49.3	14.3	12	29.59	48
		25	50.1	14.0	18	29.49	48
		26	50.9	15.6	0	29.36	45
		26	51.8	16.3	6	29.31	42
		26	52.6	17.0	12	29.15	41
		26	53.4	17.3	18	28.99	42
		27	54.1	17.5	0	29.17	39
		27	54.7	17.7	6	29.31	37
		27	55.3	17.9	12	29.34	30
		27	55.7	18.4	18	29.47	28
		28	56.1	18.9	0	29.57	30
		28	56.6	19.4	6	29.60	33
		28	57.2	19.7	12	29.52	39
		28	57.6	20.1	18	29.44	37
		29	58.0	20.6	0	29.20	37
		29	58.4	21.2	6	29.02	37
		29	58.7	21.9	12	29.32	30
		29	59.0	22.3	18	29.46	32
		30	59.5	22.5	0	29.55	32
		30	60.0	22.8	6	29.59	29
		30	60.7	23.1	12	29.54	33
		30	61.4	23.7	18	29.45	25
		31	62.1	24.4	0	29.46	30
		31	62.8	25.1	6	29.42	29
		31	63.5	25.7	12	29.36	32
		31	64.0	26.7	18	29.23	31
1940	1	1	64.0	27.8	0	29.27	31
		1	64.0	28.9	6	29.45	29
		1	64.0	30.0	12	29.58	26
		1	63.9	30.5	18	29.65	27
		2	63.2	30.2	0	29.62	29
		2	62.9	31.9	6	29.63	31
		2	62.9	33.8	12	29.54	29
		2	63.0	35.2	18	29.61	31
		3	63.1	36.9	0	29.72	29
		3	63.2	38.7	6	29.83	29
		3	63.3	40.5	12	29.88	29
		3	63.4	42.3	18	29.83	31
		4	63.5	44.1	0	29.66	31
		4	63.3	46.5	6	29.52	33
		4	63.1	47.7	12	29.51	33
		4	62.9	48.8	18	29.49	30
		5	62.5	49.1	0	29.50	31
		5	62.3	50.2	6	29.51	33
		5	62.3	51.3	12	29.62	31
		5	62.5	52.5	18	29.66	32
		6	62.6	53.9	0	29.79	32
		6	62.7	55.2	6	29.88	30
		6	63.0	57.0	12	29.92	32
		6	63.5	57.6	18	29.96	33
		7	64.2	58.6	0	29.97	34
		7	64.9	59.8	6	29.84	34
		7	65.5	60.5	12	29.64	33
		7	66.1	61.5	18	29.53	33
		8	66.8	62.6	0	29.44	31
		8	67.5	63.7	6	29.42	30
		8	68.1	65.0	12	29.36	31
		8	68.7	66.0	18	29.24	29
		9	69.5	66.3	0	29.16	29
		9	69.6	67.9	6	29.05	29
		9	69.5	69.5	12	29.12	27
		9	69.5	71.0	18	29.11	27
		10	69.8	73.2	0	29.22	25
		10	69.9	74.3	6	29.29	26
		10	69.7	76.0	12	29.40	24
		10	69.6	78.2	18	29.32	26
		11	69.6	79.5	0	29.18	30
		11	70.3	79.5	6	29.10	26
		11	70.8	79.4	12	29.16	26
		11	71.1	79.3	18	29.20	26
		12	71.6	78.0	0	29.23	26
		12	72.6	78.9	6	29.23	25
		12	73.3	79.9	12	29.25	26
		12	73.9	78.7	18	29.21	25
		13	74.4	78.0	0	29.08	25
		13	75.1	76.6	6	29.01	25
		13	75.8	75.0	12	28.95	26
		13	76.4	72.8	18	28.92	26
		14	76.8	70.4	0	28.88	25
		14	77.2	68.9	6	28.80	25
		14	77.8	66.4	12	28.82	28
		14	78.3	64.3	18	28.93	24
		15	78.5	63.8	0	29.04	29
		15	78.5	63.8	6	29.16	20
		15	78.5	63.8	12	29.24	
		15	78.5	63.8	18	29.32	
		16	78.5	63.8	0	29.36	20
		16	78.5	63.8	6	29.37	19
		16	78.5	63.8	12	29.34	
		16	78.5	63.8	18	29.25	
		17	78.5	63.8	0	29.21	
		17	78.5	63.8	6	29.16	22
		17	78.5	63.8	12	29.12	
		17	78.5	63.8	18	29.14	
		18	78.5	63.8	0	29.19	
		18	78.5	63.8	6	29.19	
		18	78.5	63.8	12	29.19	
		18	78.5	63.8	18	29.23	
		19	78.5	63.8	0	29.27	
		19	78.5	63.8	6	29.30	
		19	78.2	63.1	12	29.30	
		19	77.6	60.4	18	29.31	
		20	77.5	58.8	0	29.34	
		20	76.9	56.8	6	29.35	19
		20	77.0	57.0	12	29.30	20
		21	77.0	57.7	0	29.25	
		21	77.0	57.7	8	29.16	
		21	77.0	57.7	10	29.16	
		21	77.0	57.7	12	29.14	
		21	77.0	57.7	18	29.18	
		21	77.0	57.7	21	29.18	
		22	77.0	57.7	0	29.18	
		22	77.0	57.7	3	29.18	
		22	77.0	57.7	6	29.17	
		22	76.7	57.5	12	29.21	
		23	76.9	57.0	0	29.16	
		23	76.9	57.0	6	29.10	
		23	76.5	57.5	12	29.07	
		23	76.5	55.5	18	29.05	
		24	76.5	55.5	0	29.01	
		24	76.8	55.1	6	29.03	
		24	76.9	53.0	12	29.11	26
		24	76.3	51.9	18	29.16	
		25	75.7	50.8	0	29.09	
		25	75.5	48.5	6	29.10	
		25	75.2	46.6	12	29.19	
		25	74.9	45.1	18	29.25	
		26	74.7	43.8	0	29.25	
		26	74.7	43.8	6	29.30	
		26	74.7	43.8	12	29.31	
		26	74.7	43.8	18	29.34	
		27	74.7	43.8	0	29.40	
		27	74.7	43.8	6	29.47	
		27	75.2	47.1	12	29.59	
		27	75.7	49.5	18	29.67	
		28	76.2	52.3	0	29.75	
		28	76.6	53.7	6	29.82	
		28	76.8	54.0	12	29.92	
		28	76.5	53.6	18	29.94	
		29	76.2	54.7	0	29.92	
		29	76.2	57.9	6	29.85	
		29	76.5	58.4	12	29.76	
		29	76.5	58.6	18	29.72	
		30	77.1	58.3	0	29.71	
		30	77.8	59.6	6	29.62	
		30	78.1	61.8	12	29.58	18
		30	78.4	63.7	18	29.57	
		31	78.5	63.8	0	29.57	
		31	78.5	63.8	6	29.55	
		31	78.5	63.8	12	29.55	
		31	78.5	63.8	18	29.55	
1940	2	1	78.5	63.8	0	29.52	
		1	78.5	63.8	6	29.46	12
		1	78.5	63.8	12	29.38	
		1	78.5	63.8	18	29.32	
		2	78.5	63.8	0	29.34	
		2	78.4	64.1	6	29.39	
		2	78.3	66.6	12	29.38	
		2	78.1	70.0	18	29.60	
		3	77.6	73.4	0	29.64	
		3	77.2	76.8	6	29.64	
		3	76.9	79.6	12	29.64	
		3	76.6	76.2	18	29.67	
		4	76.4	72.6	0	29.71	
		4	75.9	69.7	6	29.71	
		4	75.4	66.9	12	29.78	
		4	74.8	67.0	18	29.76	
		5	74.5	66.1	0	29.71	26
		5	74.5	65.5	6	29.68	28
		5	74.5	65.5	12	29.63	
		5	74.6	65.4	18	29.56	
		6	74.6	66.4	0	29.57	
		6	74.0	68.5	6	29.63	
		6	73.8	69.6	12	29.57	
		6	74.3	67.4	18	29.59	
		7	74.5	66.2	0	29.65	
		7	74.9	65.1	6	29.62	
		7	75.3	64.0	12	29.58	
		7	75.2	64.0	18	29.55	
		8	74.8	66.5	0	29.58	
		8	74.4	69.2	6	29.53	
		8	74.0	71.2	12	29.51	
		8	73.6	74.5	18	29.49	
		9	72.9	76.8	0	29.52
		9	72.3	78.7	6	29.51
		9	71.4	78.8	12	29.55
		9	70.5	78.8	18	29.58
		10	70.0	79.3	0	29.63
		10	69.6	78.9	6	29.69
		10	69.4	76.5	12	29.67
		10	69.3	74.1	18	29.68
		11	69.2	71.7	0	29.77
		11	69.2	69.8	6	29.70
		11	69.2	67.4	12	29.71
		11	69.1	65.0	18	29.74
		12	68.9	62.5	0	29.75
		12	68.9	60.3	6	29.71
		12	68.5	58.3	12	29.68
		12	68.1	56.5	18	29.69
		13	68.0	54.2	0	29.61
		13	68.0	52.0	6	29.56
		13	68.0	49.7	12	29.53
		13	68.5	47.6	18	29.51
		14	68.8	45.7	0	29.50
		14	69.2	43.7	6	29.48
		14	69.5	41.8	12	29.45
		14	69.2	40.4	18	29.45
		15	69.7	38.7	0	29.50
		15	69.8	37.1	6	29.46
		15	69.3	36.2	12	29.41
		15	69.1	37.1	18	29.43
		16	68.4	37.5	0	29.52
		16	68.1	35.8	6	29.46
		16	67.9	33.7	12	29.30
		16	67.8	31.6	18	29.16
		17	67.1	31.0	0	29.15	
		17	67.2	29.3	6	29.02	
		17	67.5	27.3	12	28.91	
		17	67.9	25.5	18	28.86	
		18	68.6	24.2	0	28.82	
		18	68.9	23.5	6	28.90	
		18	69.2	22.8	12	28.93	
		18	69.5	22.1	18	28.90	
		19	69.8	21.5	0	28.84	26
		19	69.9	20.3	6	28.85	
		19	69.9	19.2	12	28.95	
		19	70.1	18.0	18	28.97	
		20	69.9	17.3	0	28.97	
		20	69.9	16.0	6	28.88	30
		20	69.8	15.8	12	28.99	
		20	69.8	14.6	18	29.05	
		21	70.0	14.5	0	29.21	29
		21	70.3	13.3	6	29.32	
		21	70.5	11.7	12	29.38	28
		21	70.5	9.7	18	29.49	
		22	70.5	9.5	0	29.46	
		22	70.5	9.5	6	29.47	28
		22	70.5	9.5	12	29.48	
		22	70.5	9.5	18	29.53	31
		23	70.5	9.5	0	29.52	
		23	70.4	8.7	6	29.54	
		23	70.6	6.8	12	29.50	
		23	71.0	6.2	18	29.54	
		24	71.1	5.8	0	29.49	
		24	71.1	5.8	6	29.49	20
		24	71.1	5.8	12	29.45	
		24	70.8	7.8	18	29.47	
		25	70.8	7.8	0	29.47	
		25	71.2	6.5	6	29.50	
		25	71.2	6.2	12	29.51	16
		25	71.4	5.6	18	29.52	
		26	71.4	5.6	0	29.54	
		26	70.8	4.2	6	29.56	
		26	70.7	2.3	12	29.57	
		26	70.8	99.9	18	29.58	
		27	70.5	98.2	0	29.58	
		27	70.3	96.3	6	29.59	
		27	70.2	95.8	12	29.62	
		27	70.2	94.8	18	29.59	
		28	69.8	95.3	0	29.52	
		28	69.6	93.0	6	29.47	
		28	69.6	91.9	12	29.42	30
		28	69.6	89.1	18	29.32	
		29	69.7	88.1	0	29.22	
		29	69.6	87.2	6	29.05	32
		29	69.6	86.0	12	28.95	
		29	69.7	83.9	18	28.82	
							
							
							
							
							
							
							
							
							
							
							
							
						
						
						
						
						
						
