								MARCH	1898		MSLP	32F	SG	Sea Level	700 mm																																						
																																																					
DATE	0h	1h	2h	3h	4h	5h	6h	7h	8h	9h	10h	11h	12h	13h	14h	15h	16h	17h	18h	19h	20h	21h	22h	23h	24h	Means																											
1	23.0		22.9		24.2		24.3 		24.5		24.8		25.1		25.6		25.5		25.6		26.5		26.6		27.6	25.07																											
2	27.6		28.4		29.4		30.6		31.1		32.5 		34.4		35.3		35.8		35.9		37.0		37.7		37.3	33.38																											
3	37.3		38.0		37.8		38.0 		39.2		39.2 		39.3		39.7 		40.1		40.2		41.0		40.7		40.8	39.35																											
4	40.8		40.8		40.6		40.7		40.9		40.7 		40.6		41.8		42.0		41.9		42.0		42.4		42.6	41.34																											
5	42.6		43.1		43.3		43.2		43.4		43.4		43.7		43.4		43.3 		43.1		43.0 		42.8		42.2	43.17																											
6	42.2		41.9		41.5		41.4 		41.9		42.3		43.0		43.0		43.7		44.0 		44.6		45.6		45.5	43.06																											
7	45.5		45.8		46.1		46.8		46.6		46.4		46.3		46.3		46.2		45.8		45.6		45.5		45.2	46.06																											
8	45.2		44.2		44.0		43.9		43.3 		42.7		42.5		42.1		42.0		41.7		41.4		41.1		41.1	42.67																											
9	41.1		41.7		41.7		41.2		41.5		41.9		42.3		42.6		42.8 		43.2		43.3		43.6		43.3	42.33																											
10	43.3		43.0		42.2		41.5		40.9		40.0		40.0		40.6		41.4		41.0		41.0		39.4		38.8	41.00																											
11	38.8		39.0		39.1		39.7		40.6		41.2		42.2		42.8		43.3 		43.6 		43.9 		44.2		44.3 	41.76																											
12	44.3 		44.1		44.2		44.3		44.1 		43.5		43.4		43.3		43.1		43.1		42.7		42.7		42.4 	43.49																											
13	42.4 		42.2		41.7		41.1		41.3		40.2		39.8		39.8		39.6 		39.3		39.3 		39.3		39.8	40.39																											
14	39.8		39.6		40.6		41.8 		42.2		43.2		44.7		45.5		46.8		47.7		48.9		49.4		49.8	44.60																											
15	49.8		50.8		51.6		51.4		51.4		51.3		50.7		49.7		48.4 		46.9		45.9		44.6		43.7	49.12																											
16	43.7		42.2		41.1		39.7		38.8		37.3		35.8		33.5		31.5		30.9		32.8		33.5		34.2	36.34																											
17	34.2		34.7		34.4		34.5		34.5		34.9		35.2		34.9		34.9		34.7		35.0		34.9		34.8	34.76																											
18	34.8		34.9		35.0		35.4		35.8		36.3		37.2		37.2		37.3		37.8 		37.9		37.6		37.5	36.54																											
19	37.5		37.3		37.1		36.5		36.5		36.6		36.4		36.1		35.5 		35.1		35.3		35.3		35.3	36.17																											
20	35.3		34.9		34.9		35.2		35.1		35.0 		35.2		35.1		35.5		35.1		35.3		35.0		34.9	35.12																											
21	34.9		35.5		35.5		34.8		34.5		33.4		31.1		30.6		28.4		26.1		24.3		23.8		22.4	30.55																											
22	22.4		21.7		21.4		21.7		22.3		22.7		23.6		24.1		24.7		26.3		27.6		31.3		32.5	21.57																											
23	32.5		35.3		37.6		39.4		42.1		43.3		44.3		44.4 		45.0		44.9		44.6		44.3		44.2	41.96																											
24	44.2		44.3		44.3		44.4		44.0		42.7		41.5		40.5		38.3		35.8		33.1		32.7		31.8	39.97																											
25	31.8		32.2		31.8		31.8		33.7		36.1		38.9		39.1		39.6		39.2		39.6		39.7		38.6	36.41																											
26	38.6		38.7		39.0		39.2		40.4		40.3		40.6		41.2		41.6		42.0		41.5		41.6		41.8 	40.52																											
27	41.8 		42.3		42.1		42.1		42.5 		43.5		41.4		45.1		46.7		46.9		47.1 		47.3 		48.0 	44.57																											
28	48.0 	48.3	49	49.4	49.9	50.1	51.0	52.0	52.4 	52.8	53.4 	54.3	54.8	55.6	55.7 	55.8 	55.9	56.3 	56.6	56.5	56.6	56.7	56.6	56.7	56.8	53.70																											
29	56.8	56.9	56.8	56.7	56.3	56.2	55.8	55.6	55.3 	54.8	54.3	53.9	53.3	52.9	52.4	52.1	51.8	51.3	51.3	51.3	51.2	51.2	51.3	51.3	51.3	53.67																											
30	51.3	51.7	51.7	51.9	51.9	52.0	52.1	52.2	52.2 	52.3	51.9	52.0	51.8	51.6	51.1	50.6	50.1	49.3	48.7 	47.2	46.4	45.4	44.6	44.1	44.2	50.02																											
31	44.2	44.5	45.1	45.3	46.2	46.7	46.7	47.0	47.2	46.6	46.0	45.5	44.6	43.6	42.5	41.3	40.1	39.5	38.8	38.6	38.3	38.1	37.9	37.5	37.0	42.83																											
																																																					
70°52' and 71°35' lat. S.   84° 54' and 88° 51' long. W.																																																					


								APRIL	1898		MSLP	32F	SG	Sea Level	700 mm																																						

DATE	Oh	1h	2h	3h	4h	5h	6h	7h	8h	9h	10h	11h	12h	13h	14h	15h	16b	17h	18b	19h	20h	21h	22b	23h	24h	Means																											
1	37.0	36.9	36.2	35.5	35.0	34.4	33.7	33.4 	33.1	32.9	32.7	32.9	33.2	34.1	34.4	34.8	35.0	35.0	34.8	34.6	31.2	33.7	33.2	32.8	32.3	34.24																											
2	32.3	32.2	31.6	30.8	30.4	29.7	29.5	29.0	29.1	29.0	29.6	30.3	31.1	31.6	31.7	32.1	32.4	33.1	33.6	34.0	34.2	34.4	34.7	35.1	35.4	31.79																											
3	35.4	35.8	36.3	36.4	36.9	37.5	37.7	38.2	38.9	39.5 	40.1	40.3	40.7	41.6	41.8	41.9	41.9	42.1	42.2	42.0	41.5	41.0	40.4	39.5	39.2	39.65																											
4	39.2	38.5	37.6	36.3	35.0	33.8	32.4	31.6	30.4	29.6	28.6	27.2	27.1 	27.3	27.2	27.0	26.8	26.7	26.8	26.8	26.8	26.8	27.0	27.0	27.2	29.90																											
5	27.2	27.6	27.8	28.2	28.3	28.7	29.2	29.3	29.5	29.7	30.1	30.8 	31.1	31.3 	31.5	31.7	31.7	32.3	32.3	32.6	32.7	32.7	32.9	32.8	32.7	30.61																											
6	32.7	32.7	32.7	32.8	32.7	32.6	32.5 	32.4	32.4	32.4	32.1	31.7	31.5	31.6	31.4	30.9	30.9	30.8	30.6	30.5	30.4	30.2	30.2	30.1	30.0	34.56																											
7	30.0	30.4	30.7	31.0	31.1	31.1	31.3	31.6	31.8	32.0	32.3	32.8	33.1	33.6 	33.7	33.9	34.2	34.7	35.3	35.4	35.8	36.1	36.4	36.4	36.5	33.25																											
8	36.5	37.1	37.2	37.1	37.2 	37.3	37.4	37.4	37.6	37.8	37.8	38.0	37.9	38.0	38.2	38.1	37.9	37.8	37.6	37.3	37.1	36.9	36.8	36.4	35.9	37.42																											
9	35.9	35.7	35.4	34.8	34.5	34.0	33.2	32.8	32.4	31.9	31.3	31.0	30.4	30.0 	29.5	29.3	29.1	28.9	28.6	28.2	27.8	27.3	26.8	26.4	26.2	30.85																											
10	26.2	26.0	26.1	26.6	26.9	27.5	28.0	28.8	29.9	30.9	31.5	32.2	32.9	33.7	34.2	35.0	35.7	36.2	36.7	36.9	37.2	37.4	37.6	38.1	38.2	32.42																											
11	38.2	38.3 	38.6 	38.9	39.2	39.5	39.6	39.7	39.9	40.1 	40.4	40.4	41.1	41.3	41.6	41.7	42.0	42.4	42.4	42.4	42.8	42.8	42.6	42.6	42.2	40.85																											
12	42.2	42.2	42.1	42.0	41.9	41.3	41.2	40.8	40.5	40.4	40.5	40.5	40.9	41.0	41.0	41.0 	40.9	40.7	40.5	40.4	40.1	40.2	40.1	40.1	40.3	40.90																											
13	40.3	40.3	40.7	40.7	40.5	40.5	40.6	40.5	40.7	40.4	40.4	40.4	40.3	40.2	40.0	39.9	39.7	39.7	39.6	39.5	39.5	39.3	39.0	39.3	39.3	40.06																											
14	39.3	39.5	39.8	40.5	40.8	41.7	42.2	43.1	43.8	44.6	45.2	45.7	46.1	46.7	47.1	47.2	47.5	47.5	47.7	47.8	47.4	47.3	47.2	46.8	46.6	41.84																											
15	46.6	46.4	46.6	46.3	46.3	45.7 	45.4	45.4	45.0	44.5	44.3	44.2	44.8	45.1	45.2	45.1	45.0	45.2	45.3	45.1	45.0	45.0	45.2	45.0	44.7	45.28																											
16	44.7	44.2	44.0	44.1	43.7	42.4	41.8	41.7	41.0	40.4	39.9	39.7	39.3	38.8	38.1	37.8	37.2	36.9	36.4	35.9	35.5	35.3	35.2	35.2	35.2	39.35																											
17	35.2	35.2	35.2	35.4	35.3	35.0	34.8	34.7	34.6	34.4	33.9	33.6	33.3	32.7	32.0	31.6	30.9	30.1	29.4	28.3	28.1	27.2	27.2	27.9	28.0	32.18																											
18	28.0	28.1	27.9	28.4	28.5	28.8	28.9	29.3	29.7	30.1	30.3	30.5	30.9	31.1	31.1	31.1	30.9	30.7	30.4	30.2	29.8	29.6	29.5	29.2	29.1	29.73																											
19	29.1	29.0	28.9	29.2	29.3	29.3	29.3	29.4	29.3	29.0	28.7	28.4	27.9	27.2	26.1	25.2	24.4	22.8	21.8	20.8	19.9 	19.7	19.2	18.4	16.9	25.67																											
20	16.9	16.3	15.8	16.1	16.3	16.4	18.6	19.4	20.0	20.7	21.4	22.1	22.5	23.1	23.5	23.8	24.1	24.2	24.7	25.0	25.5	25.8	26.4	27.0	27.6	21.71																											
21	27.6	28.1	29.2	29.3	29.9	30.1	30.3	30.7	30.8	30.9	31.3	31.4	31.6	31.8	32.0	32.2	32.3	32.4	32.5	32.5	32.7	32.8	32.6	32.6	32.6	31.25																											
22	32.6	32.4	32.2	32.2 	32.2	32.2	32.1	32.3	32.0	31.7	31.7	31.8	31.6	31.6	31.5	31.5	31.6	31.8	31.8	31.8	34.9	32.1	32.1	32.3	32.4	31.95																											
23	32.4	32.5	32.7	33.1	33.3	33.2	33.3	33.2	33.0	33.2	33.1	33.2	33.1 	33.1	33.1	33.1	32.9	32.9	33.0	32.9	32.8	32.8	32.9	32.9	33.0	33.00																											
24	33.0	33.2	33.3	33.7	33.7	33.9	33.9	34.2	34.3	34.4	34.5	34.8	35.0	35.2	35.7	36.1	36.6	36.9	37.3	37.8	38.4	38.8	39.0	39.5	40.0	35.70																											
25	40.0	40.6	41.2	41.9	42.3	43.2	43.3	43.9	44.5	44.9	45.8	46.6	47.1	47.8	48.1	48.7	49.5	50.2 	50.8	51.1	51.6	52.0	52.5	52.7	53.2	46.95																											
26	53.2	53.7	54.1	54.4	54.7 	54.8	55.0	55.3	55.1	55.3	55.4	55.4	55.4	55.4	55.1	54.8	54.5	54.2	53.9	53.6	53.5	53.5	53.4	53.3	53.3	54.46																											
27	53.3	53.3	53.4	53.8	53.8	53.7	53.8	54.0	54.1	54.0	53.9	53.9	53.8	53.5	53.3	53.2	53.0	52.7	52.5	51.8	51.2	50.6	50.1	49.3	48.2	52.84																											
28	48.2	47.3	47.0	46.3	45.6	44.9	44.5	44.1	43.8 	43.3	43.1	42.9	42.8	42.6	42.7	43.2	43.3	43.6	43.6	43.8	43.7	43.9	44.1	44.0	44.1	44.18																											
29	44.1	44.7	45.0	45.4	45.4	45.3	45.1	45.0	45.1	44.9	44.7	44.3	43.9	43.6	43.1	42.7	42.1	41.7	41.4	40.7	40.2	39.8	39.4	39.1	38.8	43.08																											
30	38.8	38.2	37.8	37.4	36.8	36.3	35.8	35.2	34.7	34.2	33.7	33.6	33.6	33.7	34.0	34.2	34.3	34.7	35.1	35.5	35.7	36.1	36.2	36.4	36.5	35.45																											
																																																					
                                                                                                                                                                                                                    
70°43' and 71°11' lat. S.   88°10' and 92° 21' long. W.																																																					

								MAY	1898		MSLP	32F	SG	Sea Level	700 mm																																						

DATE	Oh	1h	2h	3h	4h	5h	6h	7h	8h	9h	10h	11h	12h	13h	14h	15h	16h	17h	18h	19h	20h	21h	22h	23h	24h	Means																											
1	36.5	36.7	36.7	36.6	36.4	36.2 	35.8 	35.5 	35.0	34.2	33.2	32.5	31.7	31.4	31.5	31.6	32.1	32.8	33.4 	33.9	34.4	34.8	35.1	35.8	36.3	34.32																											
2	36.3	36.6	37.2	37.7	38.4	38.7	39.3 	39.8 	40.4	40.7	41.1	41.4	41.6	41.8	41.9	41.9	41.5	40.7	39.4	37.9	36.1	34.4	33.9	35.0	36.2	38.90																											
3	36.2	37.4	37.9	38.6	39.2	39.8	40.3	40.8	41.5	41.8	42.1	42.8	43.0	43.2	43.5	43.9	44.1	44.2	44.5	44.7	44.7	44.7	44.7	44.5	44.6	42.18																											
4	44.6	44.9	45.1	45.3	45.4	45.3	45.3	45.3	45.3	45.2	44.8	44.7	44.5	44.3	44.0	43.9	43.8	43.6	43.5	43.4	43.2	43.0	42.9	42.9	43.0	44.31																											
5	43.0	43.1	42.9	42.8	42.6	42.5	42.6	42.7	42.9	42.9	43.0	43.0	43.1	43.2	43.7 	44.2	44.6	45.1	45.7	46.2	46.5	46.7	46.8	47.0 	47.3	44.12																											
6	47.3	47.6	47.8	47.9	48.4 	48.6	48.6	48.6	48.2	47.7	47.5	47.7	47.7	47.6	47.2	46.9	46.7	46.6	46.4	46.1	46.1	46.0	45.9	45.8	45.8	47.26																											
7	45.8	46.0	46.1	46.2	46.3	46.8	47.3	47.4	47.1	47.1	47.3	47.5	47.5	47.6	47.8	47.9	48.1	48.1	48.3	48.4	48.4	48.4	48.4	48.3	48.6	47.48																											
8	48.6	48.8	48.9	48.8	48.6	48.5	48.6	48.6	48.3	48.1	47.6	47.5	47.2	47.2	47.2	46.9	46.9	46.7	46.9	46.9	46.7	46.5	46.3	46.3	46.1	47.55																											
9	46.1	46.1	45.9	45.9	46.2	46.1	46.2	46.1	45.9	45.9	45.8	45.7	45.7	45.7	45.4	45.3	45.2	44.9	44.6	44.2	43.9	43.6	43.1	42.7	42.2	45.18																											
10	42.2	42.0	41.9	42.2	42.2	41.3	40.6	40.0	39.8	39.7	39.5	39.3	39.1	39.0	38.5	38.1	37.5	36.6	35.4	34.4	33.4	32.8	32.1	31.7	31.9	38.09																											
11	31.9	32.1	32.1	32.5	33.1	33.6	33.9	34.2	34.2	34.1	34.2	34.5	34.5	34.6	34.7	35.0	35.4	36.2	37.2	38.0	39.1	39.5	39.8	40.0	40.6	35.36																											
12	40.6	41.2	41.9	42.6	43.3	44.3	45.3	46.4	47.4	48.4	49.3	50.2	50.7	51.6	52.5	53.5	54.4	55.3	56.3	56.9	58.0	58.7	59.4	60.4	61.0	50.78																											
13	61.0	61.6	62.4	63.0	63.4	63.9	64.1	64.4	64.8	64.9	65.1	65.2	65.3	65.7	65.8	65.8	65.8	65.7	65.6	65.5	65.5	65.1	65.0	65.0	64.6	64.64																											
14	64.6	64.6	64.6	64.7	64.7	64.8	64.7	64.7 	64.6	64.4	64.0	63.9	64.1	63.8	63.3	62.9	62.8	62.6	62.3	61.9	61.6	61.1	60.6	60.3	59.8	63.31																											
15	59.8	59.2	58.8	58.6	58.4	58.1	57.7	57.3	56.6	56.2	56.0	56.1	56.2	56.0	55.9	55.9	55.9	55.9	55.9	56.0	55.9 	55.9	55.8	55.8	55.5	56.74																											
16	55.5	55.5	55.3	55.0	54.9	54.6	55.2	56.3	57.1	58.0	59.1	60.5	60.5	60.7	61.0	61.3	61.6	61.8	61.9	62.4	62.4	62.4	62.3	62.1	62.3	59.20																											
17	62.3	62.6	62.6	62.7	62.7	62.7	62.7	62.6	62.4	62.3	62.0	61.9	61.8 	61.5	60.5	59.9	58.9	58.2	57.6	56.8	56.3	55.4	55.2	55.2	54.9	00.13																											
18	54.9	55.1	55.4	55.5	55.5	55.4	55.5	55.4	55.3	54.8	54.6	54.6	54.3	54.6	54.9	55.3	56.0	56.7	57.3	57.6	57.9	57.9	58.2	58.2	58.6	55.95																											
19	58.6	58.9	58.9	59.1	59.2	59.2	59.3	59.0	58.7	58.6	58.2	58.0	58.1	58.0	57.9	58.0	57.5	57.5	57.5 	57.4	57.2	57.2	57.1	56.6	56.4	58.14																											
20	56.4	56.4	56.5	56.3	56.1 	56.0	56.1	56.0	55.9	55.6	55.7	55.9	56.2	56.4	56.7	57.0 	57.1	57.0	56.9	56.9	56.7	56.1	55.6	55.2	54.7	56.24																											
21	54.7	53.9	52.9	52.3	51.1	50.2	48.6	48.4	47.6	47.2	47.0	46.9	46.7	46.9	46.9	46.9	46.8	46.7	46.6	46.5	46.3	46.1	46.0	46.0	45.7	48.41																											
22	45.7	45.7	45.3	45.2	45.2	45.0	45.0	44.8	44.9	45.1	45.1	45.1	45.2	45.5	45.6	45.6	45.5	45.5	45.4	45.3	45.2	45.2	45.0	45.0	44.9	45.23																											
23	44.9	44.5	44.2	44.2	43.9	43.3	43.3	43.2	42.7	42.6	42.3	42.5	42.6	42.7	42.7	42.7	42.8	43.0	43.3	43.6	43.8	43.8	43.8	43.9	43.9	43.32																											
24	43.9	43.9	44.0	44.0	44.0	43.6	43.1	43.0	42.6	42.1	41.7	41.4 	41.1	40.8	40.6	40.5	40.7	41.2	41.9	42.7	44.0	44.7	45.8	46.6	47.6	42.91																											
25	47.6	48.2	49.2	49.8 	50.5	51.2	52.0	52.3	52.7	53.0	53.1	53.3	53.5	53.8	53.8	54.0	54.1	54.2	54.2	54.2	54.1	54.1	53.9	53.8	53.7	52.65																											
26	53.7	53.7	53.3	53.3 	53.3	53.1	53.0	52.6	52.3	51.9	51.6	51.4	51.2	51.1	50.7	50.4	50.2	50.1	50.0	49.6	49.2	48.8	48.4	47.9	47.7	51.16																											
27	47.7	47.2	46.9	46.6	46.0	45.7	45.2	44.7	43.8	43.1	42.5	42.0	41.4	41.0	40.4	39.8	39.5	39.3	38.9	38.4	38.0	37.7	37.2	37.0	36.8	41.86																											
28	36.8	36.4	36.2	36.0	35.9	35.7	35.4	35.4	35.1	35.1	35.1	35.2	35.4	35.7	35.8	36.1	36.2	36.5	36.8	37.4	37.1	37.1	37.1	37.3	37.3	36.13																											
29	37.3	37.5	37.6	38.1	38.3	38.5	38.9	39.6	39.7	40.2	40.5	41.1	44.6	42.2	42.6	43.3	44.0	44.5	45.2	45.8	46.1	46.0	46.2	46.3	46.6	41.91																											
30	46.6	46.7	46.5	46.4	46.2	45.8	45.2	44.6	43.7	43.1	42.2	41.5	40.7	39.8	38.8	37.9 	36.6	35.7	34.8	34.1	33.4	32.7	32.0	31.8	31.6	39.97																											
31	31.6	31.6	32.6	33.7	34.9	36.1	37.8	38.6	39.1	39.8	40.3	40.2	39.7	38.9	36.6	36.1	34.8	34.7	34.9	34.9	35.2	35.4	35.5	35.3	35.4	36.26																											
																																																					
																																																					
70°33' and 71°36' lat. S.   87°26' and 90° 30' long. W.																																																					

								JUNE	1898		MSLP	32F	SG	Sea Level	700 mm																																						

DATE	Oh	1h	2h	3h	4h	5h	6h	7h	8h	9h	10h	11h	12h	13h	14h	15h	16h	17h	18h	19h	20h	21h	22h	23h	24h	Means																											
1	35.4	35.7	36.2	37.1	37.7	38.2	38.7	39.2	39.5	39.9	40.1	40.3	40.6	40.8	41.4	41.9	42.0	42.4	42.6	43.4	44.0	43.9	44.2	44.4	45.2	40.60																											
2	45.2	45.8 	46.4	47.0	47.4	47.3	48.1	48.2	48.1	48.4	48.8	48.9	48.4	47.7	47.6	47.0	46.8	46.3	45.0	43.7	43.0	41.6	41.1	41.1	41.0	46.12																											
3	41.0	40.7	40.7	40.8 	41.1	41.1	41.4	41.7	41.7	42.0	42.8	44.3	45.4	46.7 	48.3	49.5	50.9	51.7	52.9	54.0	54.5	55.6	56.0	55.8	55.9	47.00																											
4	55.9	56.1	56.4	56.5	56.8	56.8	56.3	56.0	55.5	54.7	54.1	53.8	52.8	51.3	49.7	48.1	45.9	44.1	42.9	42.0	41.2	40.8	41.0	41.1	41.3	50.10																											
5	41.3	41.3	41.3	40.8	40.3	39.4	38.1	37.1	36.4	36.2	36.7	37.4	38.7	40.4	41.2	42.4	43.3	44.6	45.3	46.0	46.1	47.0	47.1	47.3	47.6	41.62																											
6	47.6	47.5	47.2	46.6	46.5	46.1	45.6	45.0	44.5	44.9	44.5	44.2	44.3	44.3	44.0	44.1	43.8	42.9	42.7	42.4	41.8	41.1	40.9	40.7	40.5	44.17																											
7	40.5	40.7	40.7	41.2	41.8	42.6	43.7	44.4	45.0	45.7	46.2	46.8	47.2	47.6	48.4	48.7	49.5	49.8	50.2	50.5	50.6	50.8	50.6	50.3	49.8	46.59																											
8	49.8	49.1	47.9	46.7	46.0	45.4	45.1	44.4	44.4	44.6	45.0	45.4	46.1	46.7	47.0	48.0	48.3	49.2	49.8	50.6	51.3	52.0	53.0	53.9	54.5	48.00																											
9	54.5	55.0	55.8	56.3	56.7	56.9	57.6	57.6	58.4	58.6	58.7	59.2	59.5	59.7	59.9	59.9	60.8	61.1	61.8	62.2	62.5	62.6	62.9	63.4	64.2	59.43																											
10	64.2	64.3	64.9	65.5	66.1	66.2	66.5	66.9	67.1	67.2	67.8	68.3	68.8	69.3	69.9	69.9	70.1	70.6	70.7	70.7	71.0	71.5	71.6	71.6	71.7	68.52																											
11	71.7	72.1	71.8	71.8	71.9	71.7	71.7	71.6	71.4	71.3	71.1	70.8	70.7	70.6	70.4	70.4	70.4	70.5	70.3	69.8	69.3	69.0	68.7	68.5	68.3	70.66																											
12	68.3	68.1	67.9	67.3	67.2	67.1	66.6	65.8	65.3	64.6	63.9	63.4	62.7	61.8	60.9	59.6	59.5	59.5	59.4	59.3	59.5	59.6	59.4	59.1	58.9	62.96																											
13	58.9	58.6	57.9	57.6	56.9	56.5	55.8	55.4	54.4	53.6	52.6	51.6	50.6	49.1	47.8	46.8	46.2	46.7	47.0	47.1	47.1	46.9	46.2	45.5	45.3	51.25																											
14	45.3	45.1	45.3	45.6	45.5	45.7	46.3	46.7	46.9	47.0	47.4	48.0	48.9	49.9	50.6	51.5	52.1	53.0	53.3	53.5	53.9	54.1	54.2	54.0	54.2	49.51																											
15	54.2	54.3	54.4	54.3	54.0	54.0	53.6	53.4	53.3	52.9	52.5	51.9	51.0	50.4	49.6	49.2	48.9	48.9	48.9	49.2	50.1	51.0	51.8	52.2	52.8	51.80																											
16	52.8	53.3	53.5 	53.6	53.7	53.8	54.3	55.0	55.4	56.1	56.7	57.1	57.8	58.0	58.3	58.7	58.8	58.8	59.0	59.0	59.2	59.1	58.7	58.5	58.5	56.75																											
17	58.5	58.5	58.5	58.5	58.5	58.4	58.6	58.6	58.7	58.8	58.9	58.9	58.8	58.9	58.9	58.9	58.7	58.9	58.7	58.8	58.8	58.7 	58.7	58.6	58.8	58.71																											
18	58.8	59.2	59.4	60.2	60.4	60.5	60.7	61.1	61.4	61.6	61.6	61.8	61.7	61.5	61.5	61.4	61.2	60.9	60.8	60.5	60.4	60.0	59.9	59.8	59.9	60.70																											
19	59.9	59.6	59.5	59.4	59.3	58.8	58.7	58.7	58.3	58.0	57.8	57.3	56.7	56.0	55.6	55.0	54.7	53.9	52.9	52.0	51.1	50.0	48.9	47.9	46.5	55.55																											
20	46.5	45.4	44.2	43.2	42.2	42.0	41.8	41.6	41.4	40.8	40.7	40.6	40.5	40.0	39.7	39.1	38.9	38.4	38.1	37.1	36.6	36.2	35.9	35.6	35.2	40.03																											
21	35.2	35.1	35.1	35.2	35.6	36.1	36.9	37.7	38.5	39.2	39.8	39.9	40.4	40.6	40.6	41.0	40.9	41.0	41.0	41.6	41.5	41.4	41.6	41.8	42.1	39.21																											
22	42.1	42.2	42.2	42.6	42.8	42.9	43.2	43.9	44.0	44.4	44.6	44.9 	45.2	45.2	45.5	46.0	46.2	46.6	46.7	46.9	47.1	47.4	47.7	48.2	48.5	45.07																											
23	48.5	48.7	49.1	49.5	49.7	49.9	50.5	50.8	51.0	51.8	52.2	52.6	52.7	53.0	53.6	54.2	53.9	54.4	54.4	54.5	54.3	54.3	54.2	54.2	53.9	52.28																											
24	53.9	53.5	53.2	52.9	52.3	51.3	49.8	48.8 	47.8	46.2	45.2	44.2	43.5	43.0	42.6	42.7	43.1	43.5	44.0	44.2	44.7	45.2	45.7	46.6	47.8	46.87																											
25	47.8	48.1	48.8	49.3	49.9	50.3	50.6	51.0	51.5	52.2	52.4	53.0	53.1	53.4	53.6	54.0	54.1	54.1	54.1	54.1	54.0	53.9	53.7	53.4 	53.0	52.21																											
26	53.0	52.6	52.0	51.5	50.7	49.9	48.7	48.2	48.3	48.6	49.3	49.8	50.3	50.7	51.0	51.2	51.5	51.7	51.5	51.5	51.3	51.2	51.4	51.5 	51.6	50.69																											
27	51.6	51.5	51.5	51.4	50.7	50.3	49.7	49.2 	48.7	47.8	47.2	46.2	45.0	44.5	44.1	43.3	42.3	41.6	40.6	39.9	39.4	39.2	39.3	39.5	40.0	45.36																											
28	40.0	40.9	41.5	42.5	43.2	43.7	44.1 	44.6	44.8	45.3	45.3	45.5	45.3	45.2	45.0	44.8	44.4	43.7	42.6	42.0 	41.5 	41.0 	40.7 	40.5	40.4 	43.26																											
29	40.4 	40.5	40.5	40.8	41.1	41.6	42.2	42.2	41.9	41.8	41.4	41.5	41.6	42.0	42.7	43.7	44.0	44.8	45.4	46.0	46.2	46.4	46.6	46.9	46.8	43.11																											
30	46.8	47.0	47.2	47.1	47.2	47.2	47.4	47.6	47.8	48.1	48.5	48.8	48.9	49.3	49.3	49.2	49.3	49.3	49.4	49.1	49.2	49.4	49.5	49.5	49.5	48.48																											
																																																					
70°48' and 71°30' lat. S.   83°30' and 87° 50' long. W.																																																					
																																																					
								JULY	1898		MSLP	32F	SG	Sea Level	700 mm																																						

DATE	Oh	1h	2h	3h	4h	5h	6h	7h	8h	9h	10h	11h	12h	13h	14h	15h	16h	17h	18h	19h	20h	21h	22h	23h	24h 	Means																											
1	49.5	49.5	49.7	49.6	49.4	49.2	49.0	48.9	48.4	48.3	48.0	47.6	47.2	46.7	46.0	45.4	44.9	44.5	44.5	44.4	44.0	43.7	43.3	43.1	42.7	46.72																											
2	42.7	42.5	42.5	42.2	42.2	42.1 	42.3	42.5	42.7	42.9	43.0	43.0	42.9	42.6	42.3	42.1	42.0	41.9	41.9	42.7	43.8	44.4	45.0	45.7	46.3	42.90																											
3	46.3	46.7	47.0	47.2	47.4	47.6	47.7	48.0	48.0	47.9	47.8	47.6	47.6	47.5	47.3	47.2	47.0	47.1	47.0	46.9	47.0	46.9	47.0	46.9	47.1	47.29																											
4	47.1	47.1	47.4	47.8	47.9	48.1	48.3	48.3	48.2	48.1	48.4	48.3	48.3	48.5	48.3	48.0	48.1	47.8	47.4	47.4	47.3	47.3	47.2	47.0	46.6	47.81																											
5	46.6	46.5	46.2	45.9	45.7	45.4 	45.3	45.1	44.9	44.6	44.1	44.2	44.1	44.1	44.0	43.8	43.8	43.8	43.7	43.7	43.7	43.7	43.7	43.7	43.9	44.54																											
6	43.9	43.9	43.9	44.0	43.9	43.9	44.3	44.3	44.2	44.4	44.4	44.4	44.2	44.3	44.2	43.9	43.8	43.8	43.8	43.6	43.3	43.2	42.9	42.8	42.6	43.86																											
7	42.6	42.4	42.0	41.7	41.3 	41.2	40.7	40.7	40.5	40.4	40.1	39.8	39.6	39.4	39.2	39.1	39.0	38.8	38.7	38.6	38.7	38.8	38.9	39.0 	39.2	39.98																											
8	39.2	39.4	39.8	40.3 	40.8	41.0	41.4	41.9	42.4	43.0	43.2	43.6	44.0	44.6	45.2	45.4	45.8	46.4	46.4	46.8	47.0	47.4	47.7	47.8	48.3	43.96																											
9	48.3	48.6	48.8	48.9	49.1	49.4	49.6	49.8	50.0	50.0	50.1	50.3	50.5	51.0	51.0	51.1	51.3	51.5 	51.7 	51.8	52.2	52.3	52.3	52.4	52.7	50.59																											
10	52.7	52.7	52.8	52.9	53.1	53.5	53.5	53.5	53.8	53.9	53.7	53.9	54.1	54.2	54.0	54.0	54.3	54.4	54.4	54.5	54.6	54.3	54.2	54.3	54.1	53.83																											
11	54.1	54.0	54.2	54.2	54.1	53.6	53.5	53.3	53.0	53.3	53.2	52.9	52.6	52.2	51.9	51.5	51.3	51.2	50.6	50.2	49.6	48.8	48.2	47.6	47.0	51.90																											
12	47.0	46.5	46.0	45.4	44.6	43.9	43.0	42.4	41.5	40.8	39.8	38.6	37.9	37.0	36.5	36.2	35.6	35.4	34.9 	34.7	34.6	34.5	34.2	34.4	34.4	39.13																											
13	34.4	34.5	34.9	35.2	35.5	36.2	36.7	37.1	37.3	37.8	37.9	38.2	38.5	39.2	39.7	40.3	41.2	41.8	42.5	43.2	43.9	44.4	44.8	45.3	45.6	39.42																											
14	45.6	45.9	46.0	46.0	45.9	45.8	45.5	44.9	44.1	43.4	43.0	42.6	42.2	41.5	41.1	40.9	40.5	40.2	39.5	39.1	39.1	39.0	38.8	38.7	38.5	42.32																											
15	38.5	38.3	38.3	38.2	37.9	37.6	37.8	37.6	37.5	37.5	37.4	37.4	37.4	37.6	37.9	38.4	38.7	39.3	39.8	40.3	40.6	41.0	41.5	41.9	42.0	38.76																											
16	42.0	42.2	42.3	42.4	42.6	42.6	42.5	42.5	42.6	42.9	42.8	42.6	42.8	42.8	42.9	43.2	43.6	44.2	44.1	45.0	45.8	47.1	48.0	48.7	49.2	43.82																											
17	49.2	49.3	49.7	50.1	50.3	50.7	50.9	51.3	51.6 	52.0	52.8	53.4	53.4	54.0	54.7	55.0	55.6	56.2	56.4 	56.9	57.0	57.6	57.7	57.9	58.6	53.68																											
18	58.6	58.9	59.3	59.4	60.1	60.4	60.4	60.7	61.0	61.4	61.4	61.6	61.9	62.2	62.4	62.6	62.8	62.9	62.9 	62.8	63.1	62.9	62.8	62.8	62.9	61.56																											
19	62.9	62.7	62.5	62.4	62.1 	61.8	61.7	61.2	60.9	60.6	60.1	59.2	58.7	58.1	57.5	56.1	55.3	54.7	54.3	53.8	53.7	53.7	53.5	53.5	53.4	58.18																											
20	53.4	53.1	53.3	53.1	53.2	53.2	53.2	52.9	52.7	52.7	52.4	52.1	52.0	51.8	51.7	51.4	51.1 	50.8 	50.5	50.4	50.3	50.2	50.2	49.9	50.0	51.83																											
24	50.0	50.4	51.0	51.7	51.9	52.5	52.9	53.3	53.5	53.9	54.3	54.6	55.1	55.0	55.4	55.8	56.3	56.8	57.1	57.2	57.3 	57.4	57.5	57.5	57.4	54.67																											
22	57.4	57.6	57.8	57.8	57.7	57.5	57.0	57.0	56.6	56.6	56.6	56.2	56.3	56.0	55.5	55.4	54.8	54.4	53.9 	53.6	53.2	53.1	52.8	53.0	53.0	55.65																											
23	53.0	53.4	53.8	54.2	54.5	55.1	55.2	55.9	56.2	56.6	56.8	57.0	57.2	57.2	57.7	58.0	58.1	58.0	57.9	57.9	58.0	57.9	57.8	57.8	57.6	56.57																											
24	57.6	57.2	57.1	57.1	56.7	56.4	55.9	55.4	54.8	54.7	54.6	54.5	54.3	54.1	54.2	54.4	54.5	54.8	54.5	54.4	54.7	54.8	54.7	54.7	54.9	55.20																											
25	54.9	54.9	54.5	54.7	55.0	55.0	55.3	55.1	54.9	55.2	55.2	55.4	55.2	55.1	55.2	55.3	55.6	55.7	55.5	55.7	55.7	55.7	55.2	55.0	54.7 	55.20																											
26	54.7 	54.5	54.4	54.1	53.6	53.3	52.8	52.5	52.1	51.8	51.2	50.5	50.1	49.5	48.7	47.8	46.9	46.1	45.3	44.6	44.1	43.4	42.5	42.0	41.4	49.16																											
27	41.4	41.1	40.9	40.5	40.3	40.4	40.4	40.4	40.4	40.5	40.8	41.0	41.3	41.7	41.9	42.1	42.7	43.1	43.7 	44.4	44.8	45.4	45.6	46.2	46.4	42.23																											
28	46.4	46.7	47.0	47.2	47.2	47.1	47.1	47.0	47.1	47.0	46.9	46.7	46.4	46.6	46.8	47.1	47.3	47.7	48.0	48.7	48.9	49.5	49.7	50.0	50.4	47.59																											
29	50.4	50.5	50.9	51.2	50.9	50.9	50.9	50.6	49.8	49.7	49.3	49.0	48.9	48.3	48.0	47.8	47.4	46.6	46.4	46.1	45.9	45.1	44.4	44.0	43.5	48.31																											
30	43.5	43.1	42.8	42.6	42.1	42.1	42.2	42.2	41.9	41.9	41.9	41.8	41.9	41.7	41.7	41.6	41.7	41.5	41.2 	40.7	40.0	38.5	36.9	35.5	34.5	41.10																											
31	34.5	33.6	33.2	33.5	34.3	35.5	36.5	37.4	37.9	38.7	39.2	39.9	40.5	41.2	42.0	43.0	43.8	44.8	45.2	45.5	46.2	46.7	47.0	47.6	48.1	40.60																											
																																																					
70°35' and 70°54' lat. S.   85°00' and 88° 19' long. W.																																																					


								AUGUST	1898		MSLP	32F	SG	Sea Level	700 mm																																						

DATE	Oh	1h	2h	3h	4h	5h	6h	7h	8h	9h	10h	11h	12h	13h	14h	15h	16h	17h	18h	19h	20h	21h	22h	23h	24h	Means																											
1	48.1	48.6	48.7	48.5	48.5	48.5	48.3	48.2	47.5	47.2	46.9	46.5	46.2	46.0	46.1	46.3	46.3 	46.6	46.7	46.9	47.4	47.7	48.1	48.6	49.1	47.45																											
2	49.1	49.5	49.7	50.3	51.2	52.6	53.3	53.4	53.9	54.1	53.9	53.7	53.4	53.1	52.9	52.5	52.1	52.0	52.2	52.0	52.3	52.2	51.9	51.7 	51.6	52.26																											
3	51.6	51.3	51.1	50.9	50.6	50.1	50.0	50.1	49.5	49.0	48.7	47.9	47.4	46.8	46.0	45.2	44.7	44.2	43.7 	43.1	42.6	42.1	41.7	41.5	41.6	46.87																											
4	41.6	41.8	42.0	42.1	42.0	41.7	41.4	40.9	40.0	39.4	39.0	38.7 	38.8	39.3	39.8	40.7	42.2	43.8	44.6	46.2	47.0	47.8	48.2	48.3	49.5	42.55																											
5	49.5	49.9	50.6	51.5	51.6	52.0	52.4	52.4	52.6	53.1	52.7	52.4	53.0	54.6	56.3	57.0	57.8	58.6	58.8	58.9	59.3	58.9	59.0	58.2	58.1	51.81																											
6	58.1	57.7	57.1	57.2	56.9	56.8	56.6	56.5	56.6	57.1	57.2	57.1	56.9	56.8	56.4	56.2	55.8	55.4	54.7	54.3	53.3	52.3	51.8	51.4	50.9	55.69																											
7	50.9	50.3	50.4	50.2	49.8	49.9	49.7	49.7	49.9	50.2	50.3	50.8	51.0	51.0	51.1	51.2	51.3	51.1	51.0	51.1	51.1	51.0	50.8	50.5	50.3	50.58																											
8	50.3	49.9	49.4	48.7 	48.1	47.6	47.1	46.4	46.0	45.3	45.0	45.0	44.9	44.8	44.6	44.6	44.2	43.6	42.7	42.1	41.3	41.0	41.2	41.1	41.2	45.01																											
9	41.2	40.8	40.2	39.2	38.3	37.4	37.0	37.0	36.9	36.8	36.7	36.8	36.8	36.5	38.0	38.4	38.1	37.8	37.4	36.9	36.3	36.0	35.2	34.8	33.7	37.36																											
10	33.7	32.8	31.8	31.3	30.7	30.0	29.2	28.1	27.5	27.2	27.7	28.3	29.1	29.7	30.0	30.4	30.8	31.0	31.0	31.1	31.1	31.1	31.2	31.3	32.0	30.19																											
11	32.0	32.2	32.6	32.9	33.1	33.1	33.3	33.1	33.2	33.3	33.0	32.5	32.1	31.7	31.5	31.0	30.5	29.6	28.8	27.9	26.2	25.3	23.3	21.9	20.9	30.36																											
12	20.9	19.4	18.2	17.7	17.6	17.2	17.0	17.0	17.1	17.1	17.1	17.2	17.3	17.5	17.7	17.8	18.2	18.3	18.5	18.7	18.9	19.2	19.0	19.0	19.2	18.03																											
13	19.2	19.4	19.5	19.7	20.0	20.3	20.7	21.1	21.7	22.0	22.6	23.0	23.6	24.4	25.1	26.2	27.2	28.2	29.0	30.0	30.8	31.7	32.3	33.2	34.1	24.93																											
14	34.1	34.9	35.9	36.2	36.2	37.6	38.1	38.6	39.1	39.4	39.7	40.0	40.2	40.6	41.0	41.4	41.7	41.8	42.4	42.7	42.8	43.2	43.3	43.5	43.5	39.96																											
15	43.5	43.8	43.8	43.5	43.2	43.0	42.7	43.0	42.7	42.8	42.9	43.1	43.3	43.9	44.4	45.0	45.4	45.9	46.3	46.6	46.6	46.7	46.9	46.9	47.0	44.48																											
16	47.0	46.9	47.1	47.1	47.6	47.9	48.1	48.4	48.6 	49.0	49.6	49.9	50.2	50.7	51.3	51.8	52.0	52.1	52.5	52.9	53.2	53.3	53.1	52.9	53.2	50.26																											
17	53.2	53.2	52.8	52.3	52.1	51.5	51.2	50.6	49.6	48.6	47.6	46.7	45.8	44.7	43.4	41.7	40.3	38.6	38.0	38.0	37.8 	37.1	36.0	35.1	34.4	44.85																											
18	34.4	33.6	33.4	33.2	33.7	33.7	34.7	35.6	36.4	37.3	37.6	37.6	37.5	37.6	37.2	36.9	36.6	36.5	36.3	35.9	35.6	35.1 	34.6	34.1	33.3	35.61																											
19	33.3	32.4	30.7	29.9	29.7 	29.3	28.4	27.6	27.1	26.7	26.5	26.4	26.6	27.0	27.2	27.6	28.3	29.2	29.9	30.7	31.3	31.9	32.5 	33.2	33.6	29.31																											
20	33.6	34.1	34.3	34.5 	34.8	35.2	35.8	36.2	36.6	37.3	37.9	38.3	38.8	39.8	40.3	40.8	41.2	42.0	42.5	43.5	44.0	44.7	45.6	46.5	47.1	39.37																											
21	47.1	47.6	48.4	48.5	48.5	48.6	48.5	48.0	47.7	47.5	47.2	46.8	46.6	46.5	46.3	46.0	46.1	46.1	46.0	46.3	46.3	46.1	45.9	45.3	44.6	46.94																											
22	44.6	43.9	43.5	43.0	42.9	43.0	43.0	44.0	44.8	45.5	46.0	47.0	48.1	49.6	50.6	51.8	52.4	53.0	53.7	54.2	54.5	54.5	54.5	54.5	54.6	48.65																											
23	54.6	54.7	54.7 	54.1 	53.9	52.8	52.0	51.6	50.9	50.5	50.3	50.2	50.3	50.4	50.4	50.0	49.9	49.5	49.4	49.6	49.9	50.1	50.1	50.5	50.7	51.18																											
24	50.7	50.9	50.9	51.2	51.2	51.6	51.5	51.9	51.8	51.9	51.7	51.6	51.4	51.4	51.1	50.9	50.7	50.5	50.4	50.2	50.0	49.4	49.1	48.5	48.2	50.80																											
25	48.2	47.5	47.2	46.8	46.2	45.8	44.9	44.4	43.6	43.0	42.4	41.6	40.8	40.1	39.1	38.5	37.8	37.2	36.7	36.1	35.4	34.6	33.7 	33.1	32.7	40.71																											
26	32.7	32.5	32.1 	32.0 	32.0	32.1	32.2	32.6	33.4	34.1	34.6	35.3	36.1	37.4	38.3	39.5	40.7	41.7	43.0	44.1	45.0	45.6	46.0	46.7	47.2	37.79																											
27	47.2	47.5	47.8	47.7	47.6	47.0	46.6	46.5	46.3	46.6	47.5	48.4	49.5	50.2	51.0	51.6	52.3	52.7	53.3	53.8	54.6	54.9	55.5	55.7	56.1	50.26																											
28	56.1	56.8	57.1	57.7	58.4	58.7	59.3	59.4	59.7	59.7	59.9	60.4	60.6	60.9	61.1	61.5	61.8	62.3	62.7	62.9	63.2	63.8	64.2	64.3	64.6	60.70																											
29	64.6	65.2	65.4	65.8	65.8	66.1	66.3	66.4	66.1	66.1	66.0	66.2	66.8	67.0	67.0	67.0	67.0	66.9	67.0	66.9	67.0	66.8	66.7	66.5	66.5	66.39																											
30	66.5	66.3	66.3	66.0	65.8	65.7	65.3	64.8	64.3	63.6	63.0	62.5	61.8	61.6	61.1 	60.7	60.3	59.7	59.5	59.1	58.8	58.3	57.8	57.4	57.1	62.11																											
31	57.1	56.9	56.7	56.2	56.1	55.9	55.6	55.5	55.0	54.7	54.2 	53.7	53.5	53.5	53.3	52.9	52.8	52.7	52.7	52.7	52.5	52.6	52.3	52.2	52.0	54.41																											
																																																					
70°04' and 70°52' lat. S.   88°06' and 86° 33' long. W.																																																					

								SEPT	1898		MSLP	32F	SG	Sea Level	700 mm																																						

DATE	Oh	1h	2h	3h	4h	5h	6h	7h	8h	9h	10h	11h	12h	13h	14h	15h	16h	17h	18h	19h	20h	21h	22h	23h	24h	Means																											
1	52.0	52.0	51.9	51.9	51.8	51.8	51.7	51.7	51.6	51.6	51.4	51.4	51.3	51.2	50.9	50.8	50.9	50.7	50.3	50.2	50.1	50.0	49.6	49.4	49.0	51.03																											
2	49.0	48.9	48.9	48.7	48.5	48.7	48.8	49.1	49.4	49.5	49.7	50.0	50.3	50.7	50.8	51.2	51.4	51.7	51.9	51.8	52.0	51.8	51.7	51.4	51.3	50.29																											
3	51.3	51.2 	51.2	50.8	50.5	50.5	50.2	50.3	50.1	49.8	49.5	49.3	49.2	49.3	49.3	49.4	49.7	49.7	49.8	49.8	49.9	50.0	50.2	50.2	50.3	50.03																											
4	50.3	50.3 	50.3	50.0	49.7	49.7	49.6	49.6	49.2	48.5	48.2	47.8	47.4	46.8	46.2	45.7	45.1	44.6	44.1	43.8	43.4	42.8	42.8	42.4	42.2	46.84																											
5	42.2	42.1	41.9	41.8	41.6	41.5	41.7	41.8	42.0	42.0	42.1	42.2	42.1	43.4	43.7	44.0	44.3 	44.6	45.0	45.2	45.1	45.2	45.2	45.2	45.2	43.22																											
6	45.2	45.2	45.2	45.2	45.2	45.1	45.1	45.1	45.2	45.1	45.3	45.3	45.2	45.1	45.3	45.9	46.1	46.0	46.2	46.3	46.5	46.6	46.6	46.6	47.0	45.64																											
7	47.0	47.0	47.0	46.9	47.1	47.1	47.3	47.3	47.4	47.2	47.2	47.2	46.9	46.9	47.2	47.1	47.1	46.7	46.6	46.3	46.1	46.0	46.0	46.0	46.0	46.84																											
8	46.0	45.9	45.8	45.7	45.9	45.7	45.6	45.5	45.3	45.2	45.1	45.1	45.2	45.2	45.6	45.7	45.9	45.9	46.4	46.6	46.7	46.7	46.7	46.7	47.0	45.86																											
9	47.0	47.1 	46.6	46.0	46.0	45.9	45.5	45.3	44.9	44.4	43.9	43.6	43.4	43.2	42.7	42.2	41.7	41.2 	40.9	40.5	39.9	39.7	39.3	39.2	38.9	43.17																											
10	38.9	38.8	38.6	38.5	38.4	38.3	38.4	38.3	38.2	38.1	37.9	37.9	37.6	37.5	37.5	37.4	37.3	37.1	37.1	37.1	37.0	37.0	37.0	36.9	37.0	37.74																											
11	37.0	37.3	37.3	37.5	37.5	37.5	37.7	37.8	38.1	38.4	38.6	39.0 	39.4 	39.7 	39.9	40.2 	40.9 	41.4	41.6	42.1	42.3	42.5	42.8	43.0	43.2	39.69																											
12	43.2	43.4	43.5	43.6	44.0 	44.3	44.4	44.6	44.8	45.0	45.1	45.4	45.5	45.8	46.1	46.4	46.6	46.8	47.1	47.5	47.7	48.2	48.3	48.7	49.1	45.79																											
13	49.1	49.6	49.9	50.2	50.7	51.1	51.2	51.6	52.0	52.5	52.9	53.1	53.2	53.7	53.9	54.2	54.4	54.8	55.1	55.4	55.1	55.0	54.8	54.6	54.3	52.94																											
14	54.3	53.8	52.7	51.8	50.9	49.7	48.6	47.1	45.6	44.6	43.5	42.8	42.0	41.8	41.7	41.5	41.9	42.6	43.2	43.6	44.2	44.2	44.1	43.8	43.3	45.60																											
15	43.3	42.9	42.2	41.5	40.4	39.3	38.3	37.3	35.9	34.9	34.0	33.3	32.8	32.5	32.5	33.5	34.0	34.4	34.8	35.2	35.2	36.2	36.4	37.0	38.2	36.49																											
16	38.2	39.4	40.1	41.9	43.0	43.8	44.8	45.7	46.4	47.3	48.8	50.1	51.7	52.9	53.9	55.5	56.6	57.5	58.1	58.7	59.0	59.3	59.2	59.2	58.5	50.88																											
17	58.5	57.8	56.9	55.9	54.3	52.4	51.1	50.0	48.9	47.9	47.5	46.9	46.4	45.6	45.2	44.3	43.1	42.6	41.4	40.2	39.2	38.3	37.5	37.2	37.1	46.60																											
18	37.1	37.0	37.0	37.3	37.3	37.6	37.7	37.8	37.9	37.8	37.5	37.1	36.8	36.5	36.0	35.7	35.3	35.1	34.7	34.9 	35.2	35.5	35.7	35.9	36.3	36.50																											
19	36.3	36.4	36.8	37.1	37.1	37.1	36.9	36.9	36.7	36.5	36.2	35.7	35.3 	34.8	34.5	34.1	33.9	33.8	34.0	34.7	35.6	37.0	38.3	40.0	40.9	36.17																											
20	40.9	42.1	42.7	43.1	43.6	43.7	43.7	43.2	43.1	42.6	42.4	42.1	42.0	41.7	41.6	41.0	40.4	39.8	39.1	38.1	37.6	36.9	36.1	35.6	35.4	40.85																											
21	35.4	35.3	35.2	35.2	35.2	35.2	35.2	34.9	34.7	34.2	33.9	33.7	33.3	33.1	32.8	32.5 	32.4	32.4	32.3	32.1	31.8	31.3	30.5	29.3	28.4	33.27																											
22	28.4	26.8	25.3	24.2	22.8	21.4	20.7	20.7	21.3	22.3	23.3	24.2	25.0	25.9	26.4	26.9	27.3	27.9 	28.4	29.0	29.6	30.1	30.7	31.0	31.5	25.88																											
23	31.5	32.0	32.1	32.3	32.4	32.6	32.6	32.8	33.0	33.3	33.3	33.1	33.2	33.5	33.6 	33.9	34.1	34.4	34.9	35.3	35.5	35.7	35.8	35.8	36.0	33.74																											
24	36.0	36.5	36.7	37.1	37.3	37.5	37.7	38.2	38.4	38.7	39.0	39.1	39.5	40.1	40.2	40.4	40.9	41.3	41.7	42.0	42.4	42.5	42.6	42.7	43.0	39.67																											
25	43.0	43.6	43.8	44.0	44.1	44.2	44.5	44.6	44.6	44.6	44.7	44.9	45.1	45.0	45.2	45.4	45.5	45.7	45.8	45.9	46.0	46.3	46.5	46.5	46.6	45.06																											
26	46.6	46.7	46.9	47.0	46.9	47.0	46.9	47.2	47.5	47.4	47.2	47.0	46.9	47.1	47.1	47.1	47.0	46.8	46.6	46.7	46.6	46.6	46.5	46.5	46.5	46.91																											
27	46.5	46.4	46.3	46.3	46.1	46.1	46.0	46.0	46.2	46.2	46.3	46.6	46.9	47.0	47.3	47.5	47.8	48.0	48.5	48.8	49.4	49.7	49.9	50.1	50.3	47.41																											
28	50.3	50.6	50.6	51.0	51.3	51.6	51.6	51.7	52.1	52.5	52.6	52.7	52.8	53.1	53.4	53.5	53.5	53.6	53.6	53.5	53.6	53.6	53.6	53.6	53.7	52.57																											
29	53.7	53.8	53.8	54.0	54.2	54.6	54.9	55.3	55.9	56.3	56.7	56.8	56.9	57.2	57.3	57.6	57.7	57.8	57.7	57.7	57.6	57.5	57.0	56.8	56.5	56.26																											
30	56.5	56.2	55.8	55.2	54.5	54.0	53.3	52.8	52.2	51.7	51.3	50.9	50.5	50.3	50.2	50.2	50.3	50.2	50.5	50.5	50.5	50.5	50.4	50.6	50.6	51.92																											
																																																					
69°50' and 70°24' lat. S.   82°23' and 83° 04' long. W.																																																					

								OCT	1898		MSLP	32F	SG	Sea Level	700 mm																																						

DATE	Oh	1h	2h	3h	4h	5h	6h	7h	8h	9h	10h	11h	12h	13h	14h	15h	16h	17h	18h	19h	20h	21h	22h	23h	24h	Means																											
1	50.6	50.7	50.6	50.7	50.6	50.5	50.6	50.6	50.6	50.5 	50.5	50.4	50.2	50.0	49.8	49.7	49.7	49.5	49.3	48.7	48.0	47.3	46.8	46.0	45.2	49.55																											
2	45.2	44.7	44.0	43.4	42.7	42.3 	41.9	41.0	40.0	38.9	37.8	36.9	36.2	35.7	35.7	36.1	36.5	36.7	37.2	37.2	37.4	37.1	36.9	36.8	36.5	38.91																											
3	36.5	36.2	35.6	35.3 	34.7	34.3	33.8	33.2	32.6	32.1	31.8	31.7	31.8	31.9	31.9	32.1	32.4	32.9	33.4	34.5	35.3	36.2	37.1	37.9	38.3	34.00																											
4	38.3	39.1	38.8	38.8	38.9	38.6	38.3	38.2	37.7	37.0	36.5	36.7	36.6	36.6	36.5	36.4	36.4	36.4	36.4	36.4	36.4	36.3	36.3	36.2	36.3	37.20																											
5	36.3	36.2	35.8	35.6	35.4	35.4	35.3	35.2	34.8	34.5	34.4	34.3	34.2	34.4	34.3	34.3	34.1	34.3	34.4	34.5	34.5	34.6	34.5	34.6	34.8	34.80																											
6	34.8	34.9	34.9 	34.9	35.0	34.9	34.9	34.9	34.8	34.6	34.4	33.9	33.8	33.4	33.0	32.5	32.2	32.0	32.0	32.3	32.4	32.5	32.8	33.4	33.9	33.70																											
7	33.9	34.5	34.7	35.0	35.9	36.5	36.8	37.3	37.7	37.9	38.8	39.3	39.8	40.5	41.0	41.9	42.4	43.1	44.0	44.8	45.2	45.6	46.1	46.4	47.2	40.24																											
8	47.2	47.7	48.3	48.5	49.0	49.3	49.8	50.2	51.0	51.1	51.4	51.6	52.0	52.5	52.5 	52.7	52.9	53.1	52.9	52.5	52.6	52.3	51.9	51.7	51.9	51.13																											
9	51.9	51.7	51.9	52.0	51.8	51.5	51.2	51.0	50.3	50.1	49.8	49.5	48.7	48.7	48.8	48.4	48.4	48.6	48.5	48.5	48.7	48.6	48.5	49.1	50.2	49.81																											
10	50.2	51.2	51.6	52.2	53.0	53.3	54.1	54.6	55.4	55.8 	56.3	56.7	57.2	57.7	57.9	58.4	58.9	58.9	59.1	59.5	59.8	60.1	60.2	60.2	60.4	56.56																											
11	60.4	60.5	60.7	60.8	60.7	60.8	61.0	61.3	61.5	61.7	62.0	62.2	62.4	63.0	63.4	63.5	63.9	64.3	64.4	64.6	64.9	64.9	65.0	65.1	65.1	62.72																											
12	65.1	65.3	65.3	65.5	65.8	65.9	66.1	66.4	66.3	66.2	66.0	65.8	65.6	65.5	65.3	65.2	65.0	64.6	64.1	64.0	63.6	63.3	62.7	62.4	62.0	64.98																											
13	62.0	61.8	61.7 	61.4	60.6	60.0	59.4	58.8	58.3	57.6	57.1	56.5	55.9	55.4	55.0	54.1	53.4	52.6	51.5	51.0	50.4	50.1	50.0	49.9	49.8	55.77																											
14	49.8	49.8	49.4	48.6	48.4	48.2	48.3	48.2	48.5	48.7	48.8	49.1	49.5	50.2	50.8	51.0	51.4	51.8	52.3	52.4	52.7	52.6	52.7	52.7	52.8	50.31																											
15	52.8	52.9	52.9 	52.8 	52.7	52.4	52.1	51.6	50.9	50.3	49.8	49.4	49.5	49.5	49.5	49.5	49.4	49.3	49.3	49.2	49.2	49.1	48.9	48.7	48.7	50.40																											
16	48.7	48.8	49.1	49.2	49.9	50.6	51.0	51.6	52.3	52.6	53.0	53.3	53.8	54.0	54.3	54.4	54.5	54.7	54.7	54.7	54.5	54.6	54.7	54.5	54.5	52.77																											
17	54.5	54.7	54.7	54.8	54.7	54.4	54.2	54.0	53.8	53.3	53.0	52.8	52.4	52.4	52.1	51.8	51.6	51.4	51.0	50.7	50.3	50.0	49.7	49.4	48.8	52.45																											
18	48.8	48.4	47.9	47.5	46.8	46.2 	45.3	44.3	43.5	42.8	42.4	42.1	42.0	42.1	42.7	43.0	43.4	43.7	43.8	43.9	43.9	44.0	44.1	44.0	44.0	44.31																											
19	44.0	43.9	43.8	43.7	43.1	42.6	42.1	41.8	41.3	40.5	39.8	39.2	38.6	38.0	37.3	36.8	36.2	36.0	35.7	35.6	35.6	35.5	35.2	35.3	35.1	39.05																											
20	35.1	35.1	34.9	34.8	34.5	34.3	34.0	33.8	33.7	33.2	33.0	32.6	32.3	32.0	31.8	31.6	31.4	31.2	31.3	31.6	31.7	31.8	31.9	32.1	32.3	32.84																											
21	32.3	32.7	33.2	33.4	33.9	34.3	34.8	35.2	35.6	35.8	35.8	35.8	35.5	35.0	34.0	32.9	31.5	30.5	30.2	30.7	31.8	32.8	33.3	33.7	33.9	33.56																											
22	33.9	34.0	34.3	34.4	34.4	34.2	34.1	33.8	33.4	32.8	32.4	31.7	31.2	30.6	29.9	29.2	28.6	27.7	26.9	26.3	25.7 	25.2	24.6	24.2	24.0	30.36																											
23	24.0	23.7	23.6	23.6	23.5	23.7	24.0	24.4	25.1	25.7	26.6	27.1	27.5	28.3	28.9	29.6	30.0	30.6	31.0	31.8	32.3	33.0	33.6	33.8	34.4	27.94																											
24	34.4	35.0	35.5	35.7	36.1	36.3	36.4	36.7	36.7	36.8 	36.9 	37.0	37.0	37.5	37.8	38.1	38.3	38.3	38.2	38.2	38.2	38.2	38.3	38.3	38.5	37.16																											
25	38.5	38.7	39.2	39.4	39.5	39.6	40.1	40.5	41.0	41.4	42.0	42.5	43.1	43.7	44.3	44.8	45.4	46.1	46.9	47.4	47.7	48.2	48.7	49.1	49.3	43.47																											
26	49.3	49.6	49.9	50.1	49.9	49.8	49.2	48.4	47.6	46.3	45.7	44.8	44.2	43.7	43.3	43.0	42.7	42.3	41.7	41.1	40.6	40.1	39.9	39.8	40.0	44.93																											
27	40.0	40.7	41.5	42.6	43.6	44.5	44.8	45.1	45.8	45.9	45.8	46.3	46.4	46.7	46.8	46.8	47.1	47.4	47.4	47.6	47.6	47.9	48.2	48.3	48	45.79																											
28	48.4	48.8	49.2	49.5	49.5	49.8	49.7	49.8	50.2	50.1	49.9	49.6	49.5	49.3	49.1	48.7	47.9	47.3	47.1	46.8	46.6	46.5	46.5	46.6	47.0	48.57																											
29	47.0	47.1	47.4 	47.6 	47.8	47.8	48.1	48.1	48.2	48.4	48.2	48.2	48.3	48.3	48.4	48.2	48.1	47.8	47.7	47.4	47.0	46.6	46.3	45.8	45.3	47.62																											
30	45.3	44.9	44.3	43.5	43.0	42.4	41.8	41.1	40.5	39.6	39.0	38.0	37.2	36.4	35.7	35.2	34.7	34.2	33.8	33.6	33.3	33.3	33.2	33.5	33.4	37.98																											
31	33.4	33.6	34.0	34.8	35.0	35.3 	35.7	36.2	36.6	37.0	37.0	37.1	37.0	37.0	36.9	36.8	36.8	36.5	36.2	35.9	35.6	35.2	35.0	34.8	34.6	35.83																											
																																																					
69°38' and 70°30' lat. S.   80°31' and 82°48' long. W.																																																					

								NOV	1898		MSLP	32F	SG	Sea Level	700 mm																																						

DATE	Oh	1h	2h	3h	4h	5h	6h	7h	8h	9h	10h	11h	12h	13h	14h	15h	16h	17h	18h	19h	20h	21h	22h	23h	24h	Means																											
1	34.6	34.4	34.4	34.4 	34.4	34.4	34.6	34.8	35.1	35.5	35.8	36.3	36.6	37.2	37.6	38.0	38.6	39.2	39.9	40.3	40.9	41.3	41.7	42.1	42.4	37.33																											
2	42.4	42.9	43.2	43.5	43.5	44.0	44.4	44.6	44.8	44.9	45.0	45.4	45.5	45.5	46.0	45.9	45.8	45.9	45.8	45.8	45.9	45.7	45.5	45.5	45.4	44.95																											
3	45.4	45.2	45.1	45.4	45.3	45.2	45.2	45.4	44.9	44.9	44.7	44.7	44.6	44.5	44.5	44.3	44.1	44.0	43.7	43.6	43.4	43.5	43.4	43.4	43.3	44.47																											
4	43.3	43.3	43.9	43.9	43.9	43.9 	44.0 	44.2 	44.3	44.5	44.6	44.7	45.0	45.4	45.6	46.0	46.1	46.2	46.3	46.6	46.9	47.2	47.3	47.5	47.7	45.28																											
5	47.7	47.8	48.0	48.2	48.1	48.3	48.3	48.1	48.3	48.6	48.5	48.5	48.5	48.5	48.5	48.4	48.3	48.3	48.1	47.8	47.4	47.0	46.6	46.2	45.6	47.96																											
6	45.6	45.0	44.6	44.4	43.6	43.1	42.8	42.1	41.5	41.0	40.5	39.8	39.0	38.4	38.0	37.8	37.6	37.4	37.3	37.3	37.5	37.8	38.2	38.4	38.8	40.22																											
7	38.8	39.4	39.9	40.8	41.5	42.3	43.1	43.8	44.6	45.2	45.7	46.3	46.6	47.0	47.3	47.6	47.8	48.1	48.1	48.2	48.4	48.4	48.7	48.8	49.1	45.48																											
8	49.1	49.3	49.3	49.3	49.2	49.1	49.1	49.0	49.1	49.4	49.7	50.0	50.3	50.4	50.6	50.7	50.6	50.7	50.5	50.5	50.4	50.4	50.3	50.2	50.3	49.91																											
9	50.3	50.3	50.4	50.3	50.3	50.4	50.3	50.4	50.3	50.5	50.6	50.7	50.9	51.2	51.5	51.8	52.1	52.4	52.8	53.0	53.2	53.5	53.6	53.8	54.0	51.52																											
10	54.0	54.1	54.5	54.6	54.5	54.5	54.4	54.3	54.1	53.8	53.6	53.5	53.6	53.6	53.6	53.5	53.3	53.3	53.1	53.1	53.0	53.0	53.0	53.1	53.2	53.69																											
14	53.2	53.2	53.5	53.5	53.4	53.6	53.7	53.8	53.9	53.8	53.7	53.8	53.9	54.4	54.5	54.5	54.5	54.5	54.5	54.6	54.6	54.5	54.6	54.8	54.9	54.08																											
12	54.9	55.1	55.2	55.1	55.0	55.1	55.1	55.0	55.1	55.2	55.2	55.2	55.2	55.2	55.3	55.2	55.4	55.4	55.4	55.4	55.2	55.2	55.2	55.2	55.2	55.19																											
13	55.2	55.4	55.5	55.4	55.5	55.4	55.3	55.1	54.9	54.6	54.3	54.0	53.7	53.5	53.5	53.0	52.7	52.6	52.3	52.2	52.1	52.0	51.9	51.8	51.8	53.76																											
14	51.8	51.8	51.7	51.7	51.6	51.7	51.6	51.5	51.6	51.6	51.5	51.4	51.1	51.1	51.2	51.0	50.8	50.7	50.4	50.1	49.7	49.3	48.9	48.7	48.4	50.87																											
15	48.4	48.3	48.3	48.2	48.3	48.4	48.8	49.2	49.8	49.9	50.5	50.9	51.0	51.6	51.8	51.9	52.2	52.4	52.3	52.2	52.1	51.7	51.4	51.0	50.8	50.49																											
16	50.8	50.3	49.7	48.8	47.8	47.1	46.4	45.6	44.7	44.2	43.5	42.9	42.2	41.6	41.0	40.2	39.4	38.4	37.5	36.4	35.5	34.8	34.5	34.9	35.4	42.10																											
17	35.4	35.9	36.4	37.0	37.3	37.6	38.0	38.5	38.7	39.2	39.4	39.9	40.2	40.8	41.0	41.5	41.8	42.2	42.6	43.0	43.2	43.6	43.9	44.2	44.7	40.25																											
18	44.7	45.4	45.9	46.4	46.7	47.2	47.7	48.2	48.5	48.9	49.2	49.4	49.8	50.1	50.4	50.6	50.6	50.6	50.4	50.3	50.2	49.7	49.3	48.5	48.1	48.77																											
19	48.1	47.5	46.8	45.4	44.2	43.0	41.6	40.5	39.2	37.9	37.0	35.8	34.8	34.1	33.4	32.8	32.8	32.9	33.3	34.0	35.0	35.8	36.8 	37.9 	38.8 	38.16																											
20	38.8 	39.9 	40.9 	41.9	42.5	43.2	43.6	44.2	44.9	45.3	45.5	45.7	45.9	46.1	46.4	46.5	46.5	46.4	46.1	46.0	45.7	45.3	44.8	44.5	43.8	44.54																											
21	43.8	43.4	43.0	42.6	42.1	41.6	41.4	41.0	40.8	40.6	40.4	40.2	40.2	40.1	40.0	40.0	40.0	40.3	40.7	41.2	41.5	41.8	42.4	42.8	43.1	41.31																											
22	43.1	43.6	43.9	44.3	44.6	44.7	44.9	44.9	45.1	45.3	45.5	45.7	45.8	46.0	46.3	46.6	46.9	47.1	47.1	47.0	47.1	47.0	47.0	47.0	46.9	45.77																											
23	46.9	46.8	46.7	46.6	46.4	46.1	45.9	45.8	45.6	45.5	45.3	45.2	45.1	44.8	44.5	44.2	43.8	43.4	43.0	42.6	42.0	41.6	41.5	41.2	41.1	44.48																											
24	41.1	41.0	41.0	41.0	41.0	41.1	41.3	41.8	42.5	42.7	43.0	43.1	43.0	42.9	42.8	43.0	43.3	43.1	43.2	43.2	43.0	42.9	43.0	42.7	42.5	42.39																											
25	42.5	42.2	41.7	41.5	41.3	41.4	41.4	41.5	41.4	41.3	41.3	41.4	41.3	41.3	41.2	40.9	40.6	40.2	39.9	39.4	38.6	37.8	37.2	36.8	36.7	40.47																											
26	36.7	36.8	37.1	37.8	38.3	38.7	39.1	39.1	39.3	39.3	39.5	39.7	39.8	39.9	39.9	40.0	40.2	40.1	40.2	40.1	40.1	39.9	39.8	39.9	40.0	39.29																											
27	40.0	39.9	39.9	40.2	40.2	40.2	40.1	40.1	40.1	40.1	40.1	40.0	40.2	40.3	40.3	40.2	40.4	40.5	40.7	40.7	40.7	40.8	40.8	40.9	41.0	40.33																											
28	41.0	41.2	41.3	41.4	41.6	41.6	41.7	41.8	41.9	42.0	42.1	42.3	42.5	42.6	42.7	42.8	42.8	42.7	42.9	42.9	42.9	42.9	42.9	43.2	43.2	42.28																											
29	43.2	43.3	43.4 	43.5	43.6	43.6	43.7	43.7	43.9	44.1	44.2	44.4	44.5	44.9	45.0	45.2	45.3	45.5	45.6	45.7	45.8	46.1	46.5	46.6	46.8	44.71																											
30	46.8	46.9	47.3	47.4	47.6	47.8	48.1	48.5	48.7	48.8	49.2	49.4	49.5	49.8	50.0	50.2	50.5	50.7	50.8	51.1	51.2	51.3	51.6	51.7	51.7	49.47																											
																																																					
69°45' and 70°25' lat. S.   81°00' and 83°27' long. W.																																																					

								DEC	1898		MSLP	32F	SG	Sea Level	700 mm																																						

DATE	Oh	1h	2h	3h	4h	5h	6h	7h	8h	9h	10h	11h	12h	13h	14h	15h	16h	17h	18h	19h	20h	21h	22h	23h	24h	Means																											
1	51.7	51.8	52.1	52.2	52.3	52.5	52.5	52.7	52.8	52.9	53.2	53.2	53.1	53.2	52.9	52.8	52.9	53.0	52.7	52.8	52.4	52.3	52.1	52.0	52.1	52.59																											
2	52.1	52.3	52.4	52.4	52.4	52.6	52.6	52.8	52.9	52.9	52.9	52.7	52.8	52.7	52.6	52.3	52.0	51.8	51.7	50.9	50.4	49.9	49.4	49.1	48.8	51.87																											
3	48.8	48.5	48.3	48.2	48.2	48.1	48.0	47.9	47.7	47.6	47.3	47.2	46.8	46.6	46.3	46.2	46.0	45.8	45.5	45.5	45.3	45.0	44.7	44.4	44.3	46.73																											
4	44.3	44.1	43.8	43.5	43.3	43.3	43.5	43.7	43.7	44.0	44.0	43.8	43.8	43.9	43.7	43.3	43.2	43.0	42.9	42.9	42.8	42.8	42.8	42.9	43.2	43.43																											
5	43.2	43.4	43.7	43.9	44.1	44.4	44.6	44.7	44.7	44.8	44.9	45.0	44.9	45.0	45.0	45.0	45.0	44.9	44.8	44.6	44.3	43.9	43.8	43.6	43.5	41.43																											
6	43.5	43.4	43.2	43.0	43.0	42.8	42.6	42.3	42.0	41.7	41.6	41.5	41.4	41.3	41.3	41.3	41.2	41.2	41.3	41.3	41.3	41.4	41.5	41.6	41.7	41.91																											
7	41.7	41.8	42.1	42.2	42.5	42.7	42.8	43.0	43.1	43.2	43.6	43.7	43.9	44.3	44.4	44.5	44.6	44.9	45.0	45.3	45.1	45.2	45.1	45.3	45.6	43.83																											
8	45.6	45.8	46.1	46.3	46.5	46.7	46.8	46.8	46.8	46.9	47.0	47.1	47.2	47.5 	47.7	47.8	47.9	48.0	48.0	48.1	48.2	48.3	48.4	48.9	49.2	47.34																											
9	49.2	49.3	49.6	49.9	50.1	50.3	50.4	50.7	50.7	50.8	50.7	50.8	50.8	50.8	50.8	50.7	50.6	50.4	50.4	50.3	50.1	50.1	49.9	49.7	49.6	50.30																											
10	49.6	49.6	49.5	49.5	49.4	49.3	49.1	49.0	48.7	48.6	48.5	48.5	48.5	48.5	48.4	48.5	48.4	48.4	48.3	48.3	48.4	48.3	48.3	48.5	48.5	48.73																											
11	48.5	48.4	48.4	48.3	48.4	48.4	48.2	48.2	48.0	47.9	47.6	47.6	47.3	47.2	46.9	46.9	46.7 	46.6	46.3	46.1	45.9	45.9	45.6	45.4	45.4	47.21																											
12	45.4	45.3	45.1	44.9	45.0	44.9	44.8	44.8	44.7	44.8	44.8	44.8	44.8	44.9	45.0	45.0	45.2 	45.2	45.0	45.0	45.1	45.1	45.2	45.2	45.3	45.00																											
13	45.3	45.3	45.4	45.5	45.5	45.4	45.4	45.5	45.5	45.6	45.7	45.6	45.8	45.8	45.9	46.1	46.2	46.4	46.3	46.4	46.6	46.8	46.8	46.9	47.2	45.94																											
14	47.2	47.5	47.4	47.6	47.6	47.7	47.7	47.6	47.7	47.7	47.9	48.1	48.3	48.6	48.7	48.9	48.9	49.1	49.1	49.2	49.1	49.2	49.2	49.2	49.1	48.34																											
15	49.1	49.0	49.2	49.4	49.3	49.0	48.9	48.9	48.9	49.2	49.3	49.6	49.6	49.9	50.3	50.6 	50.8	50.9	51.3	51.4	51.7	51.8	52.0	52.3	52.7	50.17																											
16	52.7	53.1	53.2	53.7	53.9	54.1	54.4	54.7	55.0	55.2	55.5	55.7	55.9	56.1	56.2	56.4	56.6	56.6	56.8	56.9	56.9	57.0	57.0	57.1	57.2	55.54																											
17	57.2	57.4	57.7	57.8	57.9	58.0	58.1	58.2	58.4	58.6	58.6	58.6	58.6	58.6	58.7	58.9	59.0 	59.1	59.0	59.0	58.9	58.9	59.0	59.1	59.2	58.51																											
18	59.2	59.1	59.0	59.2	59.1	59.2	59.0	58.9	58.6	58.4	58.3	58.2	57.8	57.7	57.5	57.2	56.8	56.6 	56.3	55.9	55.6	55.3	55.0	54.7	54.5	57.51																											
19	54.5	54.3	53.9	53.8	53.6	53.4	53.2	53.1	52.6	52.3	51.9	51.7	51.5	51.0	50.8	50.5	50.3	49.8	49.3	49.3	48.9	48.4	48.1	48.1	47.8	51.29																											
20	47.8	47.3	47.2	47.0	46.7	46.6	46.5	46.3	46.1	45.9	45.8	45.6	45.6	45.5	45.5	45.5	45.4 	45.3 	45.3	45.0	44.9	44.5	44.6	44.5	44.7	45.78																											
21	44.7	44.9	45.2	45.3	45.4	45.5	45.5	45.5	45.4	45.3	45.2	45.3	45.1	45.3	45.1	45.0	45.0	44.9	44.8	44.8	44.5	44.3	44.3	44.1	44.4	45.01																											
22	44.4	43.8	44.0	43.9	43.8	43.8	43.7	43.6	43.4	43.1	42.7	42.3	41.9	41.5	41.1	40.7	40.2 	39.7	39.3	38.8	37.8	37.2	37.0	37.2	37.6	41.31																											
23	37.6	38.2	38.6	39.0	39.5	39.6	39.7	39.8	39.8	39.9	40.0	40.1	40.3	40.5	40.7	41.0	41.2	41.3	41.5	41.5	41.6	41.6	41.8	41.9	42.2	40.37																											
24	42.2	42.5	43.0	43.4	43.9	44.3	44.9	45.0	45.2	45.3	45.8	46.0	46.1	46.3	46.7	46.8	47.0	47.0	46.8	46.6	46.6	46.4	46.4	46.3	46.5	45.53																											
25	46.5	46.6	46.5	46.7	46.9	47.1	47.3	47.2	47.2	47.2	47.4	47.4	47.7	47.9 	48.1	48.0	48.2	48.4	48.5	48.4	48.2	48.2 	48.1	48.1	48.0	47.61																											
26	48.0	48.0	48.1	48.1	48.3	48.4	48.7	48.9	49.0	49.2	49.5	49.6	50.0	50.3	50.5	50.7	51.0	51.4	51.6	51.7	51.8	52.0	52.3	52.6	52.8	50.09																											
27	52.8	53.1	53.3	53.4	53.6	53.6	54.0	54.2	54.2	54.4	54.5	54.4	54.6	54.6	54.6	54.7 	54.6	54.4	54.3	54.3	54.1	53.7	53.6	53.7	53.5	54.04																											
28	53.5	53.5	53.1	53.0	53.0	52.9	52.6	52.4	52.4	52.5	52.5	52.6	52.7	52.8	52.9	53.0	52.7	52.5	52.4	52.3	52.0	51.9	51.8	51.5	51.2	52.56																											
29	51.2	50.8	50.7	50.6	50.6	50.6	50.6	50.8	50.9	51.1	51.3	51.4	51.4	51.5	51.4	51.6	51.2	51.1	50.9	50.6	50.4	50.0	49.5	49.4	49.2	50.77																											
30	49.2	48.9	48.4	48.2	48.0	47.9	47.6	47.5	47.4	47.3	47.0	46.6	46.5	46.2	45.9	45.4	44.8	44.3	43.7	43.1	42.5	42.1	41.5	41.0	40.6	45.69																											
31	40.6	40.0	39.6	39.1	38.4	38.3	38.3	38.6	38.9	39.2	39.3	39.6	39.7	39.9	39.9	40.0	39.7	39.7 	39.6	39.5	39.3	39.4	39.2	39.3	39.1 	39.35																											
																																																					
69°49' and 70°20' lat. S.   82°45' and 85°52' long. W.																																																					

								JAN	1899		MSLP	32F	SG	Sea Level	700 mm																																						

DATE	Oh	1h	2h	3h	4h	5h	6h	7h	8h	9h	10h	11h	12h	13h	14h	15h	16h	17h	18h	19h	20h	21h	22h	23h	24h	Means																											
1	39.1 	39.0 	38.9	38.8	38.8	38.9	38.8	38.7	38.8	38.8	38.9	39.1	39.2	39.4	39.6	39.8	39.9	40.1	40.4	40.4	40.5	40.8	40.9	40.9	41.0	39.56																											
2	41.0	41.1	41.3	41.5	41.3	41.3	41.2	41.1	41.1	40.9	40.9	41.0	40.9	40.8	40.9	41.1	41.0	41.2	41.1	41.1	41.1	41.1	41.1	41.2	41.2	41.10																											
3	41.2	41.3	41.4	41.6	41.7	41.7	41.7	41.7	41.7	41.8	41.7	41.9	42.0	42.0	42.0	42.2	42.2	42.2	42.3	42.1	42.0	41.9	42.0	42.0	42.1	41.86																											
4	42.1	42.2	42.3	42.4	42.5	42.5	42.3	42.2	42.1	42.1	42.0	41.8	41.8	41.7	41.7 	41.7	41.5	41.6	41.4	41.2	41.1	41.4	41.1	41.1	41.1	41.79																											
5	41.1	41.2	41.3	41.6	41.7	41.8	41.7	41.7	41.8	41.9	41.8	41.9	41.8	42.0	42.0	42.0	42.1	42.2	42.1	42.1	42.0	41.9	41.9	41.9	41.9	41.83																											
6	41.9	41.8	41.9	41.9	41.9	41.8	41.6	41.3	41.2	41.0	40.8	40.6	40.5	40.4	40.2	40.0	40.0	39.7	39.5	39.2	39.0	38.9	38.7	38.4	38.2	40.43																											
7	38.2	38.1	38.0	38.1	38.0	38.1	38.0	38.0	38.1	37.9	38.0	38.0	38.0	38.2	38.3 	38.4	38.4	38.4	38.5	38.5	38.6 	38.7	38.9	39.1 	39.3 	38.29																											
8	39.3 	39.6	39.8	40.2	40.5	40.8	41.1	41.3	41.5	41.8	42.2	42.4	42.9	43.2	43.5	43.8	44.1	44.5	44.5	44.7	44.8	44.9	45.1	45.2	45.4	42.70																											
9	45.4	45.5	45.8	46.0	46.0	46.1	46.1	46.1	46.1	46.2	46.2	46.3	46.5	46.6	46.8	47.0 	47.1	47.2	47.2	47.1	47.2	47.3	47.3	47.4	47.6	46.57																											
10	47.6	47.8	48.1	48.3	48.6	48.8	48.9	49.1	49.3	49.5	49.8	50.0	50.3	50.5	50.7	50.9 	51.1	51.2	51.4	51.3	51.5	51.7 	51.9	52.0	52.3	50.11																											
11	52.3	52.4	52.6	52.7	52.7	52.8	52.7	52.8	52.7	52.7	52.6	52.5	52.5	52.5	52.5	52.4 	52.2 	51.9 	51.5	51.2 	51.0	50.7	50.7 	50.7	50.5 	52.10																											
12	50.5 	50.2	50.0	49.9	49.7	49.5	49.3	49.3	49.1	48.9	49.0	49.0	48.9	48.9	49.0	49.1	49.0	49.1	49.0	48.7	48.7	48.7	48.7	48.8	48.7	49.17																											
13	48.7	48.7 	48.7 	48.6 	48.6	48.6 	48.6 	48.5 	48.5	48.5 	48.5 	48.5 	48.5	48.5 	48.6	48.6 	48.6 	48.6 	48.7	48.6	48.6	48.5	48.5	48.7	48.7	48.58																											
14	48.7	48.7 	48.7 	48.8 	48.8	48.9 	49.0 	49.1 	49.2	49.2 	49.3 	49.3 	49.4	49.4 	49.4 	49.5 	49.5	49.4 	49.3	49.3 	49.2	49.2 	49.2	49.0 	48.8	49.15																											
15	48.8	48.7 	48.6 	48.5 	48.5	48.4 	48.2 	48.1 	48.0	48.0 	47.9 	47.8 	47.8	47.7	47.8	47.6 	47.5	47.4 	47.3	47.2 	47.1	47.1 	47.0	47.0 	47.0	47.79																											
16	47.0		47.1 		47.1		47.2 		47.3		47.3 		47.4		47.7 		47.9		48.2 		48.4 		48.6 		48.7	47.67																											
17	48.7		48.9 		48.8		48.7 		48.5		48.3 		47.9		47.8 		47.7		47.5 		47.2 		46.8 		46.5	47.97																											
18	46.5		45.3 		46.0		45.7 		45.2		44.6 		44.0		43.4 		42.9		42.6 		42.3		42.0 		41.8	44.01																											
19	41.8		42.0 		42.2		42.5 		42.9		43.5 		44.2		44.8 		45.5		46.2 		46.5		46.8 		47.4	44.31																											
20	47.4		48.0 		48.8		49.6 		50.4		51.4 		52.4		53.2 		53.7		54.4 		54.5		54.6 		54.7	51.84																											
21	54.7		54.7 		54.8		55.1 		55.0		54.9 		54.9		54.8 		54.6		54.4 		54.3		54.3 		54.5	54.70																											
22	54.5		54.8 		55.1		55.3 		55.5		55.9 		56.3		56.8 		56.9		57.0 		57.0		57.0 		57.0	56.11																											
23	57.0		57.1 		57.1		57.1 		57.1		57.1 		57.1		57.3 		57.7		58.1 		58.4		58.7 		58.9	57.56																											
21	58.9		59.5 		60.1		60.5 		60.8		61.2		61.5		61.8 		62.1		62.2 		62.3		62.3 		62.3 	61.24																											
25	62.3 		62.3 		62.3		62.3 		62.2		62.1 		61.9 		61.7 		61.4		60.9 		60.3		59.5 		58.9	61.46																											
26	58.9		58.3 		57.8		57.2 		56.8		56.3 		55.7		55.0 		53.8		52.8 		51.9		51.0 		50.1	55.08																											
27	50.1		49.8 		49.2		48.6 		48.1		47.7 		47.3		46.7 		46.3		46.0 		45.8		45.4 		45.0	47.37																											
28	45.0		44.8 		44.6		44.5 		44.4		44.3 		44.3		44.3 		44.3		44.2 		43.9		43.6 		43.3	44.29																											
29	43.3		43.0 		42.8		42.6 		42.4		42.3 		42.1		41.9 		41.7		41.5 		41.1		40.9 		40.8	42.03																											
30	40.8		40.2 		39.7		39.3 		39.0		38.5 		38.0		37.3 		36.5		35.8		35.7		35.4		35.6	37.80																											
31	35.6	35.8	36.2	36.3	36.7	37.1	37.3	37.4	37.6	38.0	38.1	38.2	38.4	38.7	38.9	39.1	39.1	39.2	39.5	39.7	39.8	40.2	40.4	40.6	41.1	38.36																											
																																																					
69°50' and 70°36' lat. S.   85°12' and 88°39' long. W.																																																					

								FEB	1899		MSLP	32F	SG	Sea Level	700 mm																																						

DATE	Oh	1h	2h	3h	4h	5h	6h	7h	8h	9h	10h	11h	12h	13h	14h	15h	16h	17h	18h	19h	20h	21h	22h	23h	24h	Means																											
1	41.1	41.2	41.5	41.7	41.9	42.0	42.0	41.9	41.8	41.4	41.1	40.8	40.7	40.5	40.2	40.0	39.7	39.7	39.5	39.4	39.3	39.1	39.0	38.9	38.8	40.55																											
2	38.8	38.9	39.0	39.0	39.1	39.3	39.4	39.4	39.3	39.3	39.2	39.2	39.0	38.6	38.4	38.2	37.9 	37.6	37.4	37.1	36.8	36.5	36.3	36.1	36.1	38.27																											
3	36.1	36.2	36.5	36.6	36.7	36.6	36.3	36.2	35.8	35.5	35.0	34.7	34.4	31.0	33.6	33.3	32.8	32.4	31.8	31.5	31.1 	30.6 	30.1	29.7	29.3	33.92																											
4	29.3	28.7	28.4	28.3	28.1	27.9	27.8	27.4	27.1	27.0	27.1	26.6	26.4	26.2	26.2	26.0	25.9	26.1	26.1	26.2	26.3	26.6	26.9	27.1	27.3	27.03																											
5	27.3	27.5	27.8	28.2	28.4	28.8	29.1	29.5	29.4	29.4	29.4	29.4	29.4	29.3	29.4	29.3	29.4	29.6	29.7	29.9	30.2	30.5	30.5	30.7	30.7	29.32																											
6	30.7	30.8	30.8	30.9	31.1	31.1	31.2	31.3	31.3	31.4	31.5	31.6	31.7	31.8	32.0	32.1	32.1	32.1	32.2	32.3	32.3	32.2	32.2	32.2	32.2	31.65																											
7	32.2	32.3	32.6	32.8	32.9	33.1	33.3	33.4	33.5	33.7	33.8	33.8	33.9	34.0	34.2	34.1	34.3	34.5	34.6	34.7	34.5	34.6 	34.7	34.8	34.9	33.83																											
8	34.9	35.1	35.4	35.6	35.8	36.1	36.3	36.5	36.8	37.2	37.5	37.9	38.3	38.6	38.8	39.2	39.6	39.7	40.1	40.5	40.7	41.0	41.3	41.7	44.9	38.25																											
9	41.9	42.2	42.6	42.9	43.2	43.7	43.9	44.0	44.3	44.6	44.8	45.0	45.4	45.4	45.5	45.7	45.9	46.0	46.1	46.1	46.0	46.0	46.1	46.2	46.2	44.82																											
10	46.2	46.2	46.4	46.4	46.5	46.4	46.4	46.4	46.5	46.3	46.5	46.3	46.2	46.1	46.2	46.0	45.9	45.7	45.5	45.5	45.2 	44.9 	44.5	44.3	44.1	45.89																											
11	44.1	43.9	43.6	43.4	43.2	43.1	42.7	42.1	41.8	41.5	41.3	40.9	40.7	40.5	40.3 	40.1	40.0	39.8	39.7	39.5 	39.1	38.7 	38.3	38.2 	38.2	40.98																											
12	38.2		37.9 		37.3		36.6 		36.1		35.8 		35.7		35.8		35.7		35.6 		35.5		35.3 		35.1	36.16																											
13	35.1		35.1 		35.2		35.2 		35.3		35.4 		35.6		35.8 		36.2		36.1 		35.9		36.0 		36.1	35.62																											
14	36.1		36.3 		36.4		36.7 		37.0		37.0 		37.1		37.1 		37.0		36.9 		36.8		36.6 		36.4	36.76																											
15	36.4	36.6 	36.7 	36.9 	37.1	37.3 	37.5 	37.7 	37.8	37.9	38.3	38.4	38.6	38.9	39.2	38.9	39.0	39.9	40.4	41.0	41.4	41.4	41.7	41.9	42.1	38.91																											
16	42.1	42.3	42.5	42.6	42.6	42.5	42.6	42.6	42.4	42.3	42.1	42.0	42.0	41.9	41.7 	41.6	41.6	41.3	41.0	40.9	40.5	40.1	39.9	39.3	38.9	41.62																											
17	38.9	38.4	37.9	37.2	36.3	35.8	34.9	33.9	33.2	32.5	31.8	30.6	29.7	28.5	27.2	26.1	25.0	23.9	22.9	22.1	21.1	20.6	20.1	20.0	20.2	29.13																											
18	20.2	20.4 	20.7	21.0	21.2	21.3	21.5	21.7	22.1	22.5	22.8	23.1	23.2	23.6	23.9	24.1	24.4	24.9	25.4	25.7	26.2	26.6	27.2	28.0	28.8	23.58																											
19	28.8	29.6	30.5	31.5	32.7	33.5	34.5	35.4	36.5	37.2	37.8	38.3	38.9	39.5	39.7 	39.9 	40.0	40.3	40.3 	40.3 	40.4	40.6	40.6 	40.5	40.4	37.21																											
20	40.4	40.3	40.6	40.8	41.0	41.2	41.2	41.2	41.2	41.3	41.2	41.2	41.3	44.5	40.8	41.0 	41.1 	41.1 	41.1	41.2 	41.2	41.3	41.4	41.4	41.3	41.10																											
21	41.3	41.5	41.8	41.9	42.2	42.6	43.0	43.4	43.7	41.3	44.8	45.6	46.5	47.1	47.8	48.7	49.4	50.0	50.4	50.7	51.0	51.5	51.9	52.0	52.5	46.61																											
22	52.5	52.8	53.0	53.1	53.0	53.0	52.9	52.4	51.9	51.6	51.0	50.4	49.5	48.8	47.8	46.4	45.5	44.3	43.0	41.8	40.3	39.2	37.9	37.0	36.0	47.53																											
23	36.0	34.8	33.7	32.9	32.5	31.9	31.5	31.0	30.6	30.3	30.1	29.8	29.7	29.6 	29.6	29.7	30.1	30.6	31.1	31.7	32.4	33.0	33.6	31.1	31.6	31.65																											
24	34.6	35.2	35.6	36.0	36.4	36.5	36.6	36.9	36.9	37.0	37.0	37.1	37.1	37.0	36.8	36.6	36.3	36.1	35.8	35.3	34.7	34.1	33.6	33.1	32.4	35.88																											
25	32.4	31.9	31.2	30.5	29.5	28.8	27.9	27.3	26.6	25.9	25.5	24.9	24.2	23.7	23.2	22.9	22.6	22.6	22.7	23.4	23.3	23.5	24.3 	24.6	25.0	25.82																											
26	25.0	25.4	26.0	26.3	26.7	27.2	27.8	28.3	28.8	29.3	29.7	30.2	30.6	30.9 	31.2	31.7	31.7	34.7	31.2	31.5	31.5	31.4	31.1	31.0 	30.9	29.55																											
27	30.9	30.6	30.5 	30.1	29.9	29.4	29.1	28.7	28.4	28.0	27.8	27.5	27.3	27.1	27.0	26.9	26.9	26.8	26.8	26.8	26.8	26.9	26.9	27.4	27	28.01																											
28	27.1	27.3	27.5	27.6	27.8	27.9	28.1	28.3	28.6	28.8	29.1	29.4	29.7	30.0	30.2	30.5	30.7	30.9	30.8	30.8	30.7	30.4	30.3	30.0 	29.5	29.32																											
																																																					
70°30' and 70°50' lat. S.   88°40' and 96°40' long. W.																																																					

								MARCH	1899		MSLP	32F	SG	Sea Level	700 mm																																						

DATE	Oh	1h	2h	3h	4h	5h	6h	7h	8h	9h	10h	11h	12h	13h	14h	15h	16h	17h	18h	19h	20h	21h	22h	23h	24h	Means																											
1	29.5	29.0	28.8	28.5	28.0	27.7	27.2	26.9	26.2	25.9	25.3	24.8	24.2	23.3	22.4	21.5	20.5	18.8	17.2	15.8	14.4	13.9	13.2	12.7	12.1	22.37																											
2	12.1	11.8	11.7	11.7	11.9	12.3	12.9	13.2	13.3	13.5	13.6	13.9	14.2	14.3	14.5	14.5	14.6	14.8	14.9	15.2	15.2	15.3	15.5	15.8	16.2	43.86																											
3	16.2	16.9	17.5	18.4	19.2	19.9	20.7	21.4	22.0	22.6	23.2	23.9	24.5	25.5	25.8	26.5	27.1	27.7 	28.3	28.8	29.2	29.8	30.1	30.8	31.4	24.32																											
4	31.4	31.9	32.6	33.3	33.9	34.5	34.9	35.4	35.7	35.9	36.3	36.6	36.9	37.3	37.6	37.8	38.0	38.3	38.5	38.7	39.0	39.2	39.5	39.8	40.1	36.56																											
5	40.1	40.3	40.8	41.1	41.4	41.6	42.0	42.5	42.5	42.6	42.9	43.2	43.5	43.9	43.9 	43.9	44.1	44.3	44.5	44.6	44.4	44.6	44.5	44.7	44.7	43.09																											
6	44.7	44.7	44.7	44.6	44.6	44.4	44.4	44.2	44.0	43.8	43.8	43.6	43.5	43.6	43.6	43.3	43.0	42.8 	42.7	42.5	42.4	42.3	42.3	42.4	42.5	43.53																											
7	42.5	42.7	42.6	42.4	42.3	42.2	42.1	42.1	42.1	42.0	42.0	41.9	42.0	42.0	42.1	41.9	41.7	41.7	41.5	41.4	41.2	41.0	40.9	40.7	40.6	41.83																											
8	40.6	40.4	40.3	40.1	39.9	39.6	39.7	40.2	40.5	40.9	41.4	41.9	42.2	42.7	43.3	43.5	43.8 	44.1	44.5	44.7	45.0	45.3	45.7	46.0	46.2	42.47																											
9	46.2	46.5	46.8	46.9	47.0	47.2	47.4	47.5	47.7	47.8	48.0	48.0	48.0	48.0 	48.1	48.2	48.1	48.0 	48.0	48.0	47.8	47.8	47.9	47.9	47.9	47.65																											
10	47.9	47.9	47.8	47.6	47.4	47.4	47.4	47.5	47.3	47.1	47.2	47.5	47.5	47.5	47.5	47.1	46.9	46.9	47.0	46.9	46.9	47.0	47.1	47.1	47.2	47.29																											
11	47.2	47.1	47.1	47.0	46.9	47.0	47.1	47.0	46.8	46.9	46.9	46.9	47.0	46.9	47.0	46.8	46.9	47.0	46.9	47.0	46.8	46.5	46.3	46.3	46.2	16.87																											
12	46.2	46.0	45.8	45.7	45.6	45.6	45.7	45.5	45.5	45.6	45.3	45.2	45.0	44.6 	44.3	44.4	44.4 	44.3	44.0	43.9	43.5	43.4	43.3	42.9	42.8	41.75																											
13	42.8	42.4	42.2	42.2	42.0	41.7	41.6	41.3	41.0	40.8	40.5	40.4	40.1	39.6 	39.2	39.0	38.8	38.8 	38.9	39.1	38.9	38.9	38.8	38.7	38.6	40.23																											
14	38.6	38.7	38.9	38.9	39.0	39.2	39.5	39.5	39.5	39.6	39.8	39.7	39.9	39.9 	40.0	40.1 	40.3	40.4 	40.6	40.7 	40.8	41.0 	41.1	41.3 	41.6	39.94																											
																																																					
70°50' and 70°56' lat. S.   96°40' and 102°13' long. W.																																																					
