	"William Wales - Journal on the Resolution, 21 June 1772-17 Oct. 1774"														
															

YEAR	MONTH	DAY	OBS	OBS	BAR 1	BAR 2	THER. A	THER. B							
			LAT	LONG	NOON	NOON	NOON	NOON							
1772	7	13		4 51 W	30.16	30.42	64.0	64.0							
		14		5 22			65.0	64.0							
		15	47 28.15 N	7 6			65.0	64.0							
		17		8 04	29.60	30.10	67.0	65.0							
		18	43 28	8 50			66.0								
		19	43 54	8 48	29.80	30.15	66.0	66.0							
		21	43 35	9 39			67.0	65.5							
		22		10 50			65.0	66.0							
		23	40 02	12 16			67.0	66.3							
		24	37 40												
		25	33 31.3	15 8	30.05	30.35	71.0	72.5
		26	33 43	15 54			71.0	72.0
		27	32 48	17 02	30.10	30.25	73.0	72.5
	8	2	29 42.3	18 22.3	30.05	30.20	74.5	77.0
		3	28 37	19 10.3	29.95	30.20	74.5	75.0
		4	27 55.15	19 38.15				
		5	26 7.3	20 2.3	30.00	30.20	73.5	75.5
		6	24 6.15	20 23	30.00	30.30	76.0	79.0
		7	22 07	20 41	30.00	30.20	74.5	79.0
		8	20 5.3	21 25				
		9		22 29	29.95	30.15	77.0	79.0
		10	16 10	23 11			79.0	82.0
		11		23 58	29.90	30.15	79.0	80.0
		12	14 53	24 04				
		14		23 09	29.96	30.15	80.0	80.0
		15	12 19.3	22 51.3	29.80	30.05	81.0	81.0
		16		22 11	29.75	30.10	81.0	80.0
		17	11 22.40	21 26.3	29.85	30.15		
		18		21 7	29.95	30.20	79.0	81.0
		19		20 50	29.85	30.10	70.0	72.0
		20	8 37	20 32	29.75	30.05	79.0	79.0
		21	7 50	19 30	29.95	30.10	80.5	
		22	6 48.3	18 29	29.90	30.10	80.0	80.0
		23	6 29.15	17 21	29.80	30.10	79.0	80.0
		24	5 54	16 37	29.90	30.20	80.0	80.5
		25	5 6.3	15 51	29.80	30.05	79.0	
		26	4 13	14 51	29.88	30.10	79.0	80.5
		27	3 42	13 42	30.00	30.20	78.0	77.0
		28	3 09	12 48	29.90	30.15	77.5	78.0
		29	2 35	11 44	29.90	30.15	77.0	77.0
		30	2 34	10 54	30.00	30.15	77.5	77.0
		31	1 58.3	11 38	29.90	30.10	78.0	79.0
	9	1	1 21	12 12.3	30.00	30.20	75.5	75.0
		2		13 30			77.0	78.0
		3	0 50	14 35	29.90	30.20	76.0	75.0
		4	0 53	14 45	30.02	30.07	75.0	76.0
		5	0 33	13 55	29.90	30.10	76.0	75.0
		6		13 9	30.05	30.10	77.0	77.0
		7	0 18 S	14 10	30.05	30.15	76.0	76.0
		8	0 59	14 48	30.01	30.20	76.0	75.0
		9	2 00	15 28	29.90	30.20	76.0	75.0
		10	3 5.3	16 6.3	29.95	30.30	75.0	
		11	4 11	16 32	30.00	30.20	77.0	76.5
		12	5 12	17 14	30.00	30.20	76.0	76.0
		13	6 32	17 50.3	30.05	30.25	76.0	76.5
		14	8 16	18 34				
		15		19 4	30.05	30.00	75.0	73.5
		16	11 4	19 32.3	30.05	30.30	75.0	72.0
		17	12 31	20 4	30.05	30.25	75.0	73.5
		18	14 7	20 46.3	30.05	30.30		
		19	15 38	21 12.15	30.05	30.40	73.0	72.5
		20	17 14	21 51	29.95	30.30	73.0	71.0
		21	18 46	22 20			74.0	75.0
		22	20 12	22 52	30.25	30.32	72.5	
		23	21 35	24 19	30.25	30.35	72.5	72.0
		24	22 54.3	24 10.3	30.15	30.45	71.5	70.0
		25	24 17	24 11.15	30.25	30.45	72.0	73.0
		26	24 44.15	24 12.15				
		27	25 29	23 52.15	30.20	30.30	71.5	72.0
		28	26 17	22 25	30.20	30.25	70.5	71.0
		29	26 58.45	20 18.15	30.05	30.20	71.5	71.5
		30	27 27.3	18 14.3			71.5	
	10	1	27 38	17 20			68.0	65.0
		2	28 05	15 10	30.20	30.40	66.0	67.5
		3	29 23	13 3	30.06	30.20	61.5	62.0
		4	29 00.45	12 07	30.30			
		5	29 48	12 12.3	30.20	30.60	64.0	61.5
		6	31 21	12 16	30.35	30.50	63.0	
		7	32 45	11 33	30.20	30.60	63.0	62.0
		9	34 28.3	8 42		30.35	63.0	62.0
		10	34 44.3	7 24.45	30.15	30.35	63.0	63.5
		11	34 51.5	6 51.3	30.30	30.40	63.0	63.0
		12	35 14.3	5 47.45	30.00	30.05		
		13	35 32.15	4 12	30.05	30.15	63.0	61.0
		14	35 32	2 28.15	29.98	30.10	62.0	62.0
		15	35 17	0 15 E	29.90	30.10	63.0	61.0
		16	35 00	2 28	29.90	30.10		
		17	34 37.3	5 4	30.00	30.20	59.0	60.0
		18	34 19	6 11.45	30.05	30.30	60.0	57.0
		19	34 45	6 29	30.30	30.40	63.0	62.0
		20	35 39	6 34				
		21	36 52	7 11	30.10	30.30	66.0	60.0
		22	37 12	7 54	29.90	30.00	66.0	63.0
		23	36 38	9 42	30.05	30.15	61.0	59.0
		24		12 12	30.05	30.40		
		25	34 39.3	13 37.15	29.95	30.20	62.0	60.0
		26	33 43	14 46.3	29.80	30.00	62.0	60.0
		27	33 41	13 46	29.85	29.95	66.0	67.0
		28		17 14				
		29	33 56	18 50	29.83		62.0	60.0
	11	22	34 36		29.65	29.95	66.0	65.0
		23	35 23		29.95	30.25	65.0	63.0
		24	37 14		29.80	30.20	66.0	66.0
		25	39 3.3		29.60	30.00		
		26	40 58		29.90	30.15	61.0	59.0
		27	40 58		29.75	29.95	62.0	59.0
		28	42 8		29.40	29.80	60.0	57.0
		29	42 22					
		30			29.00	29.5	58.0	51.0
	12	1			29.10	29.50	57.0	49.0
		2	44 26		29.00	29.45	55.0	49.0
		3	45 45		29.40	29.70		
		4	47 9.3	17 15	29.60	29.80	52.0	48.0
		5	48 34.3	17 42	29.60	29.65	50.0	38.0
		6	49 49		29.60	29.80	47.0	42.5
		8	49 45		29.15	29.50	44.0	36.0
		9	51 4.45	20 16.3	29.20	29.65	44.0	36.0
		10	51 49	20 50	29.15	29.40	50.0	36.0
		12			28.50	28.90	50.0	32.0
		13	54 55	21 22.3	29.05	29.30	49.0	33.0
		14			28.50	28.65	49.5	33.0
		15			28.50	28.90		
		16	55 16	22 58.3	29.20		53.0	33.5
		17			29.30	29.50	56.0	31.0
		18		24 45	28.95	29.30	54.0	31.5
		19			28.90	29.20		
		20	54 10.2	28 51.15	28.90	29.20	50.0	33.5
		21	54 54	29 45.3	29.10	29.30	52.0	33.0
		22	55 25		29.60	29.70	59.3	36.0
		23	56 31.7	30 52.3	29.35	29.65	57.0	35.0
		24			28.95	29.15	57.5	32.3
		25	58 31.3	26 19.3	29.10	29.20	52.0	31.5
		26	58 20	24 15	29.35	29.55	54.0	36.0
		27	58 44.4	21 15	29.00	29.15	50.0	36.0
		28	59 12		29.15	29.25	56.0	36.0
		29	59 23	16 22.4	29.05	29.10	56.0	36.0
		30			28.85	29.15	52.0	31.5
1773	1	1		19 36.3	29.45	29.65	50.3	31.0
		2			29.25	29.50	52.0	33.0
		3	59 1.5		29.60	29.60	50.8	36.0
		4			29.35	29.45	51.5	36.5
		5			29.05	29.30	51.5	36.5
		6	60 40.5	28 5	29.00	29.15	54.0	35.0
		7	61 21	32 4.5	29.05	29.20	53.0	36.5
		8	61 36	34 51	29.10	29.35	56.0	36.0
		9	62 00	36 22.3	29.15	29.35	55.0	34.0
		10		37 36.3	29.20	29.35	52.0	35.0
		11	64 11.4	38 25	29.15	29.25	56.0	35.0
		12	64 16	38 54.5	29.20	29.40		
		13	63 57	39 51	29.10	29.25	57.0	35.0
		14	63 32.5	40 1	29.00	29.15	58.0	42.0
		15	64 31	39 51.1	28.90	29.20	56.0	35.0
		16	66 36	39 57	29.00	29.20	54.0	34.0
		19		40 47	28.50	28.85	53.0	35.5
		20	62 67.15	41 50	28.35	28.75	53.0	35.0
		21	61 33	43 56	28.90	29.00	54.0	37.0
		22	60 2.45	46 47.3	28.85	29.10	54.0	36.5
		23	58 24	49 50	29.15	29.40	51.0	34.0
		24			28.70	29.00	54.0	36.0
		25			28.05	28.50	53.5	35.0
		26	56 28	51 55.3	28.75	29.05	51.7	35.0
		27	54 28	51 34	29.25	29.60	51.0	36.5
		28	52 29			29.50		
		29			29.40	29.75	55.0	39.5
		30	50 52	56 52	29.35	29.75	53.0	38.5
		31	48 51.3	57 25.15	29.80	30.10	54.0	41.5
	2	1	48 36.3	59 41.3	29.80	30.05	56.5	
		2		60 28	29.65	29.95	57.0	46.0
		3	49 15	59 10	29.50	29.80	56.5	45.0
		4	49 7	58 31	29.40	29.80	59.5	41.0
		5	48 6.15	58 46	29.45			
		6	48 56.2		29.55	29.85	54.0	44.0
		7			29.10	29.40	58.0	43.3
		8	50 1	64 3	28.60	29.05	67.5	46.0
		10	51 14	67 27	29.05	29.30	59.0	40.0
		11	52 48	70 48	29.40	29.70	56.0	38.0
		12	53 54	73 21	29.40	29.76	53.0	36.0
		13		74 3				
		14	56 50	79 40	29.25	29.55	52.0	36.5
		15	57 45	81 47	29.35	29.66	56.0	34.0
		16			28.90	29.16	51.0	35.0
		17	57 57	83 19	29.15	29.20	53.0	33.0
		18	58 30		29.05	29.35	52.7	35.0
		19	58 46.4	91 38	29.20	29.40	56.0	35.0
		20		92 33	29.35	29.50	55.0	36.5
		21		93 47				
		22	61 13		28.65	28.80	55.0	35.0
		23			28.40	28.70	52.0	35.0
		24	60 48	95 18	28.90	29.05	56.0	36.5
		25	61 8	97 43.4	29.00	29.20	57.0	36.0
		26			28.15	28.60	52.3	34.8
		27	59 57	104 40	28.90	29.10	50.0	36.0
		28			28.20	28.60	53.0	35.5
	3	1			28.35	28.75	55.0	32.0
		2	60 16.2	109 56	28.90	29.20	55.0	38.0
		3			28.70	28.95	53.5	36.0
		4	60 38	117 3.15	28.65	29.10	55.0	32.0
		5		118 10	28.50		58.0	37.0
		6			28.45	28.70	54.5	34.5
		7	59 43.4	120 49	28.85	29.00	56.8	40.0
		8	58 55.3		28.45	28.80	51.5	37.0
		9	58 6		28.85	29.15	48.5	35.0
		10	58 9	129 54.4	29.00	29.30	51.0	37.0
		11	58 55.3	131 13.4	28.83	29.10	56.3	39.0
		12	58 42	132 49	28.60	28.80	53.3	34.3
		13	58 21	136 15.4	28.75	29.00	51.5	
		14	59 04	139 58	28.70	29.00	50.0	34.0
		15	58 51.4	143 8.2	29.00	29.25	53.0	35.5
		16		147 33	29.35	29.55	51.0	35.5
		17	56 31.2	150 7.15			52.0	48.0
		18			29.70	29.90	52.3	43.0
		19	53 22.4	154 45	29.60	29.90	54.5	45.0
		20			29.70	30.20	56.5	40.0
		21	49 55.15	159 24	29.70	29.90	56.0	
		22	47 45.4	161 42.15	30.00	30.35	58.0	49.0
		23		163 47	29.80	30.10	57.5	52.5
		24	46 15		29.75	29.95	58.0	54.0
		25			30.10	30.20	56.0	52.0
	5	11			30.20	30.45	61.0	49.0
		12			30.20	30.40	61.8	55.0
		13	41 52		30.35	30.60	65.0	58.0
		14	41 13		30.20	30.40	62.0	56.0
		15			29.60	29.90	63.5	59.0
		16	40 33	173 33.4	29.60	29.70	57.5	
		17	41 03					
	6	7	41 56.1		29.80	30.00	58.0	52.0
		8	42 57.3		29.75	29.90	56.8	55.0
		9	43 54	179 54	29.80	29.90		
		10			29.65	29.90	59.0	51.5
		11			29.45	29.90	59.0	51.8
		12			29.90	30.10	59.0	51.5
		14	46 46.5	186 14	29.55	29.85	56.0	48.5
		15			29.60	29.90	55.3	49.0
		16	46 18.15	186 58	29.55	29.95	56.5	49.5
		17	45 54	188 59.3	29.70	30.10	55.0	
		18			29.95	30.30	54.5	48.0
		19			30.05	30.25	54.0	48.3
		20	44 26	190 9	30.15	30.40	53.8	50.5
		21	44 35.4	196 46	30.10	30.40	54.0	
		22	44 37.3	198 14.3	30.15	30.40	56.0	50.5
		23			29.25	29.70	55.5	
		24			29.00	29.45	58.8	
		25	43 9.6	196 24	29.10	29.45	60.0	
		26	42 34		28.95	29.30	59.0	53.3
		27			29.25	29.55	60.0	52.5
		28	42 46.15		29.30	29.50	61.5	52.8
		29	43 06		29.55	29.75	61.3	59.0
		30	43 07	202 11.4	29.65	29.90	56.0	49.0
	7	1	43 9.6	203 02	29.70	29.90	56.5	47.0
		2	43 18	204 29.4	29.50	29.75	56.5	49.8
		3	43 58	205 23.3	29.60	29.90	54.0	43.3
		4	43 11	207 28	29.70	29.99	53.5	48.0
		5	43 6	208 10	29.55	29.80	56.8	51.0
		6	41 22	209 10.4	29.35	29.60	57.0	52.5
		7		211 06.3	29.40	29.50	59.5	
		8	42 39	213 15	29.50	29.95	50.8	47.0
		9		215 47	29.70	29.95	56.0	51.0
		10	43 34	217 49.3	30.20	30.40	54.0	47.0
		11	43 16	219 38	30.15	30.20		
		12	43 01.7	221 8	30.20	30.35	56.3	49.5
		13			29.95	30.25	56.0	50.0
		14			29.40	29.90	56.0	52.0
		15	41 24.2	224 6.4	29.30	29.70	51.0	46.0
		16	39 43	226 26	29.60	30.00	48.0	44.3
		17	37 56	226 38	30.00	30.40	51.0	49.8
		18	36 34.15	226 59.15	30.20	30.45	55.3	54.0
		19	35 21	226 49	30.00	30.10	59.3	
		20		226 5.3	29.45	29.80	60.5	59.5
		21	31 05.3	225 29.4	29.50	29.75	64.0	63.0
		22	29 22	225 8.4	29.70	30.00	66.0	63.5
		23			29.70	29.90		
		24	29 44	223 29.4	29.70	29.90	69.0	65.5
		25	28 53.3	224 37	29.80	30.00	69.3	66.0
		26	27 55.2	225 14	29.95	30.20	70.0	67.0
		27	27 43	224 52	30.00	30.00		
		28	27 30	224 12	29.95	30.00	70.5	69.5
		29	27 4.15	225 14	29.80	30.05	77.0	71.0
		30	26 19	225 23.4	29.85	30.00	69.8	68.0
		31			29.60	29.90	70.0	
	8	1	23 14	226 2.15	29.80	29.95	69.3	69.3
		2	22 25	226 7	29.95	30.13	71.0	71.3
		3	21 18	227 12	29.95	30.12	73.5	74.0
		4	21 39.15	228 40.3	29.90	30.15	79.0	76.0
		5	19 47.2	229 9.4	30.00	30.20	77.5	78.0
		6	18 37		30.00	30.25	75.0	73.5
		7	18 04.4	225 52	30.00	30.40	75.0	74.5
		8	17 41.1	221 57.3	30.00	30.35	78.5	
		9	17 22.4	220 2.3	30.10	30.30	76.5	78.6
		10	17 17.4	218 01.3	29.95	30.20	77.5	78.5
		11	17 11	215 58	30.00	30.15	78.0	78.5
		12	17 16.15	214 41	30.00	30.20	78.0	
		13	17 15	212 55	30.00	30.25	79.0	79.0
		14	17 45.4	211 33.5	30.00	30.30	78.8	80.0
		15	17 41.1		30.05	30.10	80.0	80.5
	9	17	17 17		30.00	30.15	78.0	79.0
		18	17 40		29.90	30.15	80.0	81.3
		19	18 3.2		29.80	30.15	80.0	81.3
		20	18 33.8	204 10.2	29.90	30.10	78.5	81.0
		21	18 41.1	203 12	29.86	30.10	77.5	77.8
		22	19 8.4	201 38	30.00	30.10	74.5	73.0
		23	19 28.3	199 54	29.95	30.15	75.0	74.0
		24	19 51.8	198 18.2	29.90	30.15	74.5	73.0
		25	20 25.3	196 16	29.90	30.20	73.0	72.0
		26	20 40	194 2	30.00	30.15	71.5	71.0
		27	21 3.7	191 47.3	30.00	30.15	72.0	72.5
		28	21 30	190 30	29.90	30.20	78.3	79.0
		29	21 11.15	188 12	30.00	30.25	71.0	70.0
		30	21 21.7	186 34	29.95	30.15	70.3	70.0
	10	7	22 04	184 41.3	29.80	30.10	75.0	76.5
		8	22 28	185 26	30.20	30.40	73.5	73.4
		9	22 45.2	182 59	29.95	30.20	70.5	69.8
		10	23 44.3	182 21	30.45	30.85	70.0	
		11	25 36	181 44	30.10	30.30	72.0	70.8
		12	27 13	180 54	30.05	30.25	70.8	70.0
		13		180 43.4	30.15	30.30	69.0	66.5
		14	30 16		30.20			
		15	31 41.2	179 55	30.20	30.35	69.0	68.0
		16	32 41.8	179 55	30.15	30.30	69.5	69.0
		17	33 46.7	180 47	30.05	30.35	69.0	66.0
		18	35 58	180 46				66.5
		19	37 47.4	179 46	29.60	29.85	64.0	60.5
		20	39 6	178 30	29.60	29.75	63.5	62.0
		21	40 14	176 46.3	29.10	29.25	62.5	59.0
		22	40 28	176 35	29.50	29.70	55.0	53.0
		23		176 12	29.15	29.50	61.5	60.3
		24	42 23		28.90	29.40	62.0	57.5
		25	42 27	175 16	29.40	29.65	58.0	54.0
		26	41 35	175 25	29.65	29.70	57.0	58.0
		27	42 17	175 16	28.90	29.35	59.0	58.0
		28	41 45.4	175 46	29.50	29.75	57.8	52.5
		29	42 17		29.25	29.55	59.0	58.5
		30	42 19		29.05	29.40	60.5	57.0
		31			29.20	29.25	57.0	50.7
	11	1			29.45		56.5	51.5
		26	43 26.6		29.75	30.20	62.0	62.0
		27			30.15	30.30	64.0	56.0
		28	44 36		30.00	30.20	64.0	55.0
		29	45 49		29.80	30.15	59.0	49.0
		30	47 4.3		29.80	30.20	59.0	49.5
	12	1	48 21.7		29.80	30.05	57.0	46.5
		2	48 56		29.30	30.00	56.5	47.0
		3			29.70	29.90	66.5	47.0
		4	50 14.4	180 64	29.65	29.85	62.3	46.5
		5	50 54.2	179 58	29.45	29.60	65.0	49.0
		6	53 7.2	180 43.15	28.90	29.10	63.5	49.0
		7	55 34	181 54.3	29.30	29.40	57.5	43.3
		8	58 2	182 21.4	28.55	28.90	59.0	44.5
		9			29.40	29.60	53.5	36.3
		10	60 44.4	187 10.4	29.00	29.15	51.5	39.5
		11	62 46.3	189 45	28.95	29.20	54.0	32.3
		12			28.80	29.05	51.0	32.0
		13	64 55	196 54	29.00	29.15	51.5	34.5
		14			28.70	29.05	54.0	31.0
		15	64 16		29.00	29.55	55.0	33.0
		16	64 35	204 47	29.00	29.15	55.0	33.8
		17			28.90	29.10	55.0	33.0
		18	64 47	210 27	28.60	28.90	57.5	34.0
		19	65 58	211 14.4		29.15	55.0	33.0
		20	66 48		28.55	28.80	55.0	31.0
		21	67 26		28.85	29.00	50.0	33.0
		22	67 12	221 46	29.10	29.35	55.0	35.0
		23		222 15	29.45	29.80	49.0	32.0
		24	66 21		29.10	29.30	50.0	34.0
		25	66 14	225 28	29.10	29.25	56.0	37.0
		26	65 53	226 12.3	28.90	29.10	53.0	35.0
		27			29.50	29.80	50.8	33.3
		28		225 29	28.50	28.75	48.0	33.0
		29			28.70	29.05	57.0	34.5
		30	59 40	224 21.4	29.00	29.10	54.0	30.5
		31	59 11.3	223 21	28.70	29.05	60.0	36.5
1774	1	1	57 58	222 28	29.00	29.10	61.0	38.3
		2	56 46.2	219 59	28.95	29.30	55.0	36.0
		3	54 55.2		29.20	29.35	54.0	46.4
		4	53 43.4	221 45.3			65.0	46.8
		5	51 59.4	225 00	29.10	29.35	52.0	47.0
		6	50 36.4	226 53	29.15	29.35	61.3	50.0
		7	49 7.4	226 56.3	29.35	29.60	61.5	49.5
		8	48 17	233 13			61.0	51.5
		9	48 54	235 30	29.45	29.70	64.0	52.5
		10	47 51	238 00	29.35	29.60	62.0	50.0
		11	49 34	243 32	29.60	29.80	63.3	50.0
		12	52 01				63.0	53.5
		13	53 55.2	240 37	29.22	29.60	63.3	51.3
		14			29.10	29.45	62.0	51.0
		15	56 18.2	240 52.4	29.60	29.95	61.5	47.8
		16	58 34	242 53			60.3	41.3
		17		243 00	28.80	29.00	60.0	40.0
		18			28.50	28.75	57.8	39.5
		19	62 34.3	243 43.3	28.40	28.65	60.0	40.0
		20	62 26.2	243 30.3			56.0	37.0
		21			28.60	28.80	55.5	37.5
		22	62 32	249 60.8	28.50	28.65	55.3	38.5
		23			28.45	28.70	57.5	39.0
		24	65 24.5	250 30				42.0
		25	66 35	250 22	28.95	29.15	58.5	40.0
		26	67 51.4		28.65	28.80	60.0	37.5
		27			28.75	28.95	59.0	36.0
		28	69 58	252 24	28.70		50.0	36.5
		29			28.75	28.85	56.0	32.0
		30	69 13		28.80	29.00	58.3	34.0
		31	68 01	254 48	28.80	28.90	58.3	35.0
	2	1	67 7.6					37.0
		2	66 25	258 31	28.85	28.95	57.0	35.0
		3	65 41.4	260 11	28.90	29.10	58.8	34.5
		4		260 00	28.60	28.85	58.3	38.5
		5	63 53.5					
		6	61 5.15	261 54.15	28.40	28.90	55.0	40.0
		7	58 04		28.95	29.30	57.0	41.5
		8			29.00	29.35	60.0	47.0
		9	53 36.4	262 38.15				
		10	51 37.6	264 16.15	29.05	29.40	62.6	51.0
		11	53 15	264 19	29.75	30.05	59.3	47.3
		12	50 12.7	263 39.4	29.90	30.10	60.5	52.0
		14	48 55	263 30	29.95	30.20	63.8	54.0
		15	47 45		29.90	30.10	59.5	56.0
		16	46 17	263 42	29.80	30.05	60.0	55.0
		17	44 10	266 38				
		18	42 05.3	264 7	30.35	30.40	60.3	52.5
		19	39 59.3	264 54.2	30.25	30.50	66.8	66.0
		20	37 53.8	266 17.3	30.30	30.55	68.5	67.5
		21	36 10.3					
		22	36 41.3	263 18	30.35	30.55	71.5	69.0
		23	37 27.2	262 30.4	30.20	30.35	73.3	71.0
		24	37 53.4	260 14	29.85	30.05	71.0	69.0
		25	36 39.4					
		26	34 54	258 41	30.05	30.35	68.8	68.3
		27	33 09	257 44	30.05	30.40	72.0	71.5
		28	32 17	257 52.15	30.10	30.30	74.3	71.8
	3	1	31 13.2					
		2	30 36.15	258 24	30.15	30.30	75.0	74.0
		3	29 58.3	259 13	30.20	30.40	75.8	74.5
		4	29 44.3	259 12.3	30.20	30.40	77.3	75.0
		5	29 21.4	258 55			76.0	
		6	28 19.3	257 54	30.20	30.40	75.8	74.5
		7	27 01	256 00	30.10	30.15	76.0	75.5
		8	27 06.3	254 35	30.30	30.45	76.1	77.0
		9	27 9.2	252 33			76.0	75.0
		10	27 10	251 23.4	30.20	30.40	76.5	75.0
		11	27 17.3		30.20	30.35	75.8	75.3
		16	26 48	249 2.3	30.20	30.40	77.3	77.0
		17	26 4.3		30.25	30.40	78.0	76.5
		18	24 51.3	248 5.15	30.15	30.35	77.5	77.0
		19	23 1.3	247 18	30.05	30.35	77.5	77.0
		20	21 3.3	246 24	30.05	30.45	78.5	77.0
		21	19 21		30.05	30.35	78.0	76.3
		22	18 9.3	244 00.3	30.00	30.20	79.0	77.5
		23	17 6.4	242 54	30.05	30.30	78.5	77.0
		24	16 01.3	241 37	30.10	30.25	79.0	78.0
		25	14 45.4	240 11.4	30.00	30.20	78.5	78.5
		26	13 12.3	238 36.3	29.90	30.15	79.5	80.0
		27	11 45.2	237 04	30.00	30.10	80.8	80.0
		28	10 20.15	236 47.3	29.85	30.10	81.0	81.0
		29	9 22.1	234 42	29.90	30.15	80.5	80.5
		30	9 17.6	232 1.1	29.95	30.05	80.5	80.5
		31	9 29.2	229 5	29.80	30.05	80.3	80.0
	4	1	9 28.5	228 24.3	29.85	30.05	81.0	81.5
		2	9 32.2	226 57	29.95	30.10	81.8	82.0
		3	9 32.1	225 2.3	29.90	30.10	82.0	82.8
		4	9 33.2	223 22	29.90	30.10	83.0	83.0
		5	9 19.3	221 27	29.90	30.05	83.0	83.3
		6		221 16	29.90	30.10	81.0	
		12	10 55.2	220 3.3	29.90	30.05	83.3	82.3
		13	12 24.4	219 5.3	29.80	30.00	83.0	82.3
		14	13 4.2	217 12.3	29.90	30.15	83.0	83.0
		15	14 17.5	216 3.5	29.90	30.15	82.5	83.5
		16	14 26.2	215 23	29.90	30.10	83.0	83.0
		17	14 56	214 24	30.00	30.15	83.3	82.8
		18	15 38.15	213 28	30.00	30.20	82.0	82.3
		19		212 35	30.00	30.15	79.5	81.0
		20	17 32	210 55.2	30.00	30.20	82.0	82.3
		21			30.03		80.5	80.0
	6	4	16 48	207 10	29.80	30.15	81.5	82.5
		5	16 49.5	205 52	29.90	30.10	82.5	82.5
		6		204 36.4	29.75	29.95	81.5	81.5
		7	17 32.3	203 57	29.85	30.10	80.0	80.3
		8	17 38.4	203 19	29.75	30.00	80.5	81.0
		9	17 48	202 39	29.75	30.15	76.5	77.8
		10	17 55.3	201 58	29.95	30.10	78.0	77.5
		11	18 10.2		30.00	30.20	75.5	75.0
		12	18 45.3	198 12.5			77.5	80.0
		13	18 35.3	197 58.15	29.85	30.15	76.0	75.5
		14	18 27	197 58	30.00	30.20	77.0	75.5
		15	18 11.2	197 49.4	30.00	30.20	75.5	75.5
		16	18 2.8	196 10.3	30.05	30.20	75.0	75.0
		17		194 43	30.00	30.25	76.0	76.8
		18	18 24.9	192 35.4	29.95	30.15	75.5	77.0
		19	18 49.4	190 47.3	30.00	30.20	77.0	77.5
		20	18 57	190 28	30.00	30.10	75.0	78.0
		21	19 23.1	189 57	30.00	30.15	78.3	77.5
		22	19 49.3	188 53.3	29.90	30.25	78.0	77.5
		23	20 24.3	187 56	30.10	30.15	79.0	79.0
		24	20 20	186 24	30.00	30.25	78.0	77.5
		25	20 23	186 1.4	30.00	30.20	75.5	75.0
		29	19 51.2		30.05	30.20	75.5	75.8
		30	19 34	182 52.3	30.10	30.25	74.0	75.0
	7	1	20 3.3	181 52.4	30.00	30.30	72.0	72.0
		2	19 47	181 56	30.10	30.20	73.5	74.0
		3	20 4.5	181 48.2	30.05	30.20	76.0	75.5
		4	20 38.3	180 33.3	30.05	30.10	76.0	75.6
		5	20 55.4	179 23.1	30.10	30.20	76.0	76.5
		6	20 50.3	178 31			76.5	77.0
		7	20 41.5	177 25.4	30.00	30.20	77.5	78.0
		8	20 23.3	176 28.4	29.80	30.00	78.0	78.0
		9	19 53.1	175 39.2	29.80	30.05	74.5	74.8
		10	18 26.2	175 7.1	29.70	30.10	74.0	74.0
		11	17 20.2	174 18.5	29.75	30.15	76.0	76.0
		12	16 25.4	173 25	29.80	30.15	75.6	76.0
		13	15 39.15	172 24	29.95	30.10	77.5	78.0
		14	15 9.15	171 26.15	29.95	30.10	78.8	79.7
		15	15 5	169 18.5	29.90	30.15	76.5	79.3
		16			29.90	30.20	78.3	78.5
		17	15 01	168 10	29.95	30.15	78.5	76.5
		18	15 12.3	168 16	29.95	30.10	76.8	76.5
		19	15 28.5	168 24	30.05	30.20	74.5	75.0
		20	16 17.2	167 9	29.95	30.10	76.0	77.0
		23			29.95	30.05	80.0	79.5
		24	17 18.2	168 53	30.00		79.0	80.5
		25	17 31	168 52	29.90	30.10	78.5	78.5
		26	18 00	169 42	29.95	30.05	75.0	74.0
		27	18 24.5	169 30.15	29.95	30.10	71.5	71.5
		28	18 30.1	170 15.3	29.90	30.10	73.0	74.0
		29	18 33.3	169 49.15	30.00	30.10	72.5	72.7
		30	18 21	169 20.2	30.05	30.15	75.0	81.0
		31	18 32.15	169 00	30.05	30.20	74.0	75.0
	8	1	18 46	169 10	30.05	30.15	78.0	78.5
		2	18 26.3	169 17	30.00	30.20	76.5	74.0
		4			29.89		76.0	78.0
		20	19 33.4	170 29	30.05	30.25	72.0	73.5
		21	18 18.6	169 11.5	30.05	30.20	72.5	75.3
		22	16 23.1	168 00	30.00	30.20	74.5	73.7
		23	15 23.2	167 57.1				
		24	14 55.1	167 30.4	30.00	30.20	79.3	81.5
		25	15 5	166 50.2	29.95		78.3	80.8
		26	14 39.2	167 3.4	30.00	30.05	77.3	
		27	14 50.2	167 13.4	29.90	30.10		
		28	14 58.4	166 50	30.00	30.20	79.7	80.0
		29	15 19.5	166 16.3	30.05	30.15	79.0	79.0
		30	15 45	166 52	30.05	30.15	77.5	77.0
		31	16 33.2	166 16				
	9	1	18 6.1	165 30.4	30.05	30.25	75.3	76.5
		2		165 3.1	30.05	30.15	74.0	73.5
		3	19 59.4	164 45	30.15		74.5	74.0
		4	20 16.1		30.19		75.5	74.0
		12	19 55.3	164 17.3	30.00	30.20	76.0	77.0
		13	19 28.2	163 46.4	30.00	30.10		
		14	19 15.3	163 41.3	29.80	30.05	78.5	80.0
		15	19 34.4	163 57	29.95	30.10	77.5	77.3
		16	19 53.4	164 26	30.00	30.05	77.5	77.0
		17	20 4.1		30.00	30.20		
		18			30.15		76.3	73.5
		19	20 41.1	165 25.2	30.05	30.20	74.5	73.5
		20	20 54.3	166 7.3	30.10	30.20	74.0	73.3
		21	21 25	166 47	30.10	30.15		
		22	21 53.3	167 8.4	30.10	30.20	73.5	73.0
		23	21 59.3	167 50.3	30.10	30.15	74.5	73.0
		24	22 10.15	167 53.3	30.10	30.20	74.8	73.5
		25	22 16	168 6	30.15	30.20	73.5	73.5
		26	22 32.2	168 23.5	30.05	30.30	70.5	68.8
		27	22 44.2	168 00.15	30.10	30.30	71.0	71.0
		28	22 26.4	167 28	30.10	30.25	72.7	74.0
		29	22 34.1	167 42.4	30.00	30.10	74.7	
		30	22 56	168 30.4	29.70	30.00	72.0	70.3
	10	1	23 19.4	169 56.4	29.80	30.05	69.5	66.5
		2	24 4.15	170 36.4	29.70	30.05	70.3	68.3
		3	25 28	171 40.15	29.85	30.10		
		4	26 53	172 00	29.80	30.10	67.8	64.3
		5	27 52	172 4.3	30.05	30.40	66.7	65.0
		6	27 52.2	172 3	30.25	30.35	70.0	71.0
		7	28 24.5	171 3.3	30.25	30.30	68.0	
		8	28 54	168 57.4	30.25	30.40	68.0	64.5
		9	28 57	168 14.15	30.15	30.35	66.5	63.8
		10	29 21.1	167 41.4	30.10	30.30	69.0	66.5
		12	32 54.5	168 26	30.15	30.30	62.5	65.5
		13		169 17.3	30.10	30.35	67.0	65.3
		14	35 32	170 47	29.95	30.10	67.5	65.5
		15	37 33	172 38				
		16	39 24	173 36.3	29.50	29.60	64.5	59.0
